0.00 0.20
0.12 0.18
0.24 0.11
0.37 0.00
0.49 -0.08
0.61 -0.12
0.73 -0.08
0.86 0.01
0.98 0.13
1.10 0.23
1.22 0.27
1.35 0.23
1.47 0.12
1.59 -0.03
1.71 -0.17
1.84 -0.27
1.96 -0.31
2.08 -0.28
2.20 -0.21
2.33 -0.15
2.45 -0.12
2.57 -0.17
2.69 -0.28
2.82 -0.43
2.94 -0.59
3.06 -0.69
3.18 -0.73
3.31 -0.68
3.43 -0.58
3.55 -0.45
3.67 -0.35
3.80 -0.30
3.92 -0.32
4.04 -0.38
4.16 -0.44
4.29 -0.46
4.41 -0.42
4.53 -0.29
4.65 -0.10
4.78 0.11
4.90 0.31
5.02 0.45
5.14 0.52
5.27 0.53
5.39 0.51
5.51 0.51
5.63 0.55
5.76 0.65
5.88 0.81
6.00 0.99
