-10.826593 -1.575211 18.296099 -5.904480
10.447887 0.419251 -4.725807 -3.520954
-5.116718 12.760785 -11.628043 1.845963
-2.473690 0.557891 18.418438 -12.862162
19.144335 -2.515610 -22.353326 8.194640
1.040643 -9.167777 8.313563 1.382710
12.803634 -13.622758 3.391580 -0.213229
19.840614 -2.025001 -15.167428 -0.014749
17.205839 -7.503331 -7.038220 -0.057693
-10.445521 -0.973815 18.846245 -5.940561
2.758343 -2.698074 11.358926 -9.997303
-15.841831 0.816433 3.738339 7.895702
-9.693643 -1.168374 17.700238 -5.976646
