-0.619920 -0.155143 0.228457 0.093620 -0.562383 -0.444874 -0.477306 0.178069 0.258749 0.418350 -0.264718 0.418985 -0.468701 -0.555294 0.001685 -0.802657 -0.753938 -0.217896 -0.165646 -0.147372 -0.660329 -0.271598 -0.320469 -0.779962 -0.745348 -0.235195
-0.061278 0.395652 -1.267960 -0.255270 -1.199724 -0.105245 0.573929 -0.106668 -0.778661 -0.059096 -0.065399 -0.275196 -0.084304 -0.427630 0.307161 0.084495 0.732958 -0.564000 0.066869 -0.200207 -0.275564 0.101470 -0.191090 -0.457196 0.462412 0.568296
-1.258178 0.879361 -0.602837 0.397310 0.006149 -0.535625 -0.241317 -0.056270 -0.486304 -0.346699 -0.100886 -0.381977 -0.048644 -0.005530 -0.272682 0.004567 -0.344727 0.945296 -1.430340 -0.915807 0.001275 0.514733 -0.608432 -0.101052 -0.255915 0.169717
-0.757515 -0.028013 -0.643415 -0.234432 -0.081949 -0.453922 -0.884767 0.120020 0.299841 0.378871 0.157393 0.529720 -0.252057 0.199329 -1.782279 -0.782743 -0.891024 -0.396677 -0.619060 -0.384723 0.467194 0.279232 0.238167 0.612402 0.900090 -0.774615
0.481026 -1.056455 -0.466889 0.498336 -0.830894 0.244205 -0.165489 0.282606 -0.857684 0.866349 0.201934 -0.528798 1.149870 -0.510361 0.835368 0.241149 0.196455 -0.231988 0.303547 0.096340 -0.092713 0.893407 -0.080761 -0.562915 -0.361955 -0.754325
0.541480 -0.700492 0.618932 -0.412002 0.502111 -0.992768 -0.603548 -0.487787 0.328043 0.001205 -0.349981 0.311363 -0.998135 0.266645 -0.145734 -0.353122 -0.457369 -0.391922 -0.191045 -1.345426 0.665723 0.551383 0.201251 -0.008564 -0.213119 -0.076304
-0.418522 0.203989 0.376355 -0.050722 0.113583 -0.336757 -0.231711 -0.254384 -0.523974 0.002803 0.265778 -0.361496 0.030895 0.341861 0.773780 0.296260 -0.033464 -0.332471 0.054089 -0.298253 0.370385 -0.124714 -1.073052 -0.144172 0.196007 -1.651072
-0.462783 -0.626300 -0.328234 0.664502 0.239476 0.025445 -0.103912 -2.256030 -0.475059 0.793363 -0.592203 -0.162789 -0.536637 -0.505470 0.670546 -0.147923 0.282144 -0.355201 -1.147574 0.611239 0.295448 0.192006 -0.194777 -0.952564 -0.691466 -0.188947
-0.982664 -0.182239 0.234279 -0.261608 -0.730597 -0.704366 -1.054402 -1.565898 1.241450 0.708745 -0.297164 -1.513530 -0.805438 -1.484512 -0.770360 -1.370706 -1.103539 -0.475501 -0.770915 -0.013017 -0.806816 -0.542155 -1.225516 -0.523507 -0.632396 -0.811493
-0.555848 0.390492 -0.513551 0.117785 -1.532174 0.069117 -0.241748 -0.542176 -0.342346 0.353278 -0.063656 -0.514849 0.196062 0.089787 -0.370050 -0.484716 -1.039292 -0.798781 -0.198664 -0.532925 0.193121 0.182267 0.332686 -0.798779 -0.131351 -0.722232
0.690693 -0.031932 -0.165159 0.633844 -0.486614 0.148124 -0.588024 0.243243 0.254938 0.509133 -0.579425 0.284214 -0.868717 0.009837 -0.005024 0.763299 -0.915303 -0.051661 -0.099547 0.323946 -0.988102 -0.361870 -0.476986 -0.305597 -0.427619 0.549544
-0.160781 0.047309 -0.583977 -0.004218 -0.786706 0.129197 -0.087215 0.567016 0.305195 -0.195703 0.737595 0.418204 0.162026 0.256684 -0.527222 -0.414365 -0.281217 0.168453 -0.939667 -1.004716 0.469162 0.231047 0.420296 0.192264 -0.830331 0.619867
-0.664361 -1.087247 0.562190 -0.780742 0.134400 0.148399 -0.032125 -0.837826 -0.236141 0.174378 -0.854471 -0.477093 -0.569431 -0.440597 -0.428503 0.312021 -0.726771 0.862002 0.178244 -0.200668 0.235037 0.442087 -0.740933 0.030170 0.506791 -0.324280
0.136306 -0.832784 0.377647 -0.363505 -0.236745 -0.477784 0.142786 -0.277818 -0.122013 -0.223576 -1.100112 -0.031260 -0.605189 0.122823 0.314693 -0.118752 0.612961 -0.461884 -0.716199 0.583763 0.072992 0.551466 -0.611648 0.338210 0.171617 0.262070
-0.628107 -0.418285 0.027409 0.344802 -0.048431 -0.792864 -0.622743 -0.652144 -0.113396 0.226783 -1.411851 -0.468773 -0.245451 0.343618 0.228647 0.115492 -0.603326 0.366822 0.410667 -0.307496 -0.380393 -0.091807 0.188393 -0.707171 -0.951289 -0.754043
-0.798555 -0.242651 0.437829 -0.548911 0.831956 -0.218970 0.200881 -0.639786 0.127513 0.061299 -0.193089 -0.100901 -1.754382 -0.821790 -1.142923 -0.585493 -0.998076 -0.163103 0.780889 -0.450894 -0.946197 -0.276292 0.436374 0.036041 -0.533513 0.184993
0.070816 0.952862 -0.215468 -1.209360 0.390853 -0.711683 0.015504 -0.310612 -0.965760 -0.118377 -0.057096 -0.231928 -0.622899 0.291779 -1.152696 -0.607268 -0.049529 1.360394 -0.090664 -0.349835 -0.253229 -0.329578 -0.930463 -0.243535 0.126880 0.784359
0.488865 -1.156471 0.089698 -1.016504 0.089125 0.226435 0.027947 -0.381846 0.086697 0.125020 0.363560 -0.380424 -1.303171 -0.857634 -0.234290 -1.273401 -0.616815 -0.669341 0.253115 -1.093710 -1.286007 0.094715 0.082063 0.499179 -0.799951 0.220064
-0.059427 -0.171810 0.099305 -0.216261 -0.630463 0.068340 -0.243605 0.019244 0.119256 0.615370 -0.072297 -0.023893 -0.096220 0.337265 0.150305 0.009141 0.257435 -0.140315 -0.394938 0.348658 0.487679 -0.283407 -0.296754 -0.415098 -0.166569 -0.094225
0.548674 -1.284994 -0.826077 -0.629604 -1.281096 -0.625224 0.394422 0.183054 0.324941 0.198340 0.333406 0.362029 0.542303 0.335948 -0.395589 -0.838485 0.558636 0.312034 -0.369615 0.235926 -0.808059 -0.945310 -0.275061 0.890447 -0.208463 -0.201731
1.092503 -0.244789 -0.359086 0.142640 -0.556534 0.653893 -0.343391 0.142038 -0.579325 -0.602647 0.167566 -0.259494 -0.216176 0.264265 -0.132283 0.042603 -0.484476 0.623455 0.450209 0.019505 -0.375590 -0.012650 0.205887 -0.272413 0.354042 -1.149604
-0.133316 0.327980 -0.071708 -0.219413 -0.268107 -0.044039 -0.356004 -0.266373 0.123434 -0.151872 -0.639432 -0.423839 -0.053207 -0.004631 0.065752 -0.301782 -0.046259 0.482434 -0.146032 -0.306853 -0.035987 0.244981 -0.042184 -0.049570 -0.291075 0.279358
-0.626297 -0.262572 -0.195730 -0.239941 -0.142513 0.413068 -0.272803 -0.438299 0.425630 0.432557 -0.143615 -1.367687 0.835153 0.417378 -0.299839 -1.257008 0.277101 -0.191449 0.622778 0.203314 0.065431 1.039533 0.718298 -0.587772 0.132457 0.264441
0.790101 0.703716 -0.858587 0.237786 -0.798259 -0.470741 0.367337 -0.328485 -0.785771 -0.479776 -1.069783 1.104996 0.066447 -0.013732 0.816202 -0.219786 0.468306 -0.316027 0.292042 -0.816237 -0.093279 -0.208431 0.361703 -0.448595 -0.744168 -0.375955
-0.310962 0.074359 0.034891 0.044939 -0.869876 0.418145 -0.453687 0.071414 -0.051841 -0.115192 -0.407873 -0.072919 -0.122710 0.284693 0.664094 0.104450 0.070770 0.436403 0.141782 -0.217413 0.271306 0.038079 -0.046008 0.020707 0.307075 0.012518
-0.466488 -0.379415 0.317182 -0.957921 -0.034655 0.002423 0.893611 -0.125734 -0.050816 -0.755753 -0.391903 0.229243 -0.234995 0.856658 -0.948007 -0.790537 -0.080739 0.006851 -0.667733 -0.176025 -0.234582 0.104631 -0.695468 -0.136040 -0.511697 0.937950
0.231996 -0.335642 -0.524918 -0.247707 0.514367 -0.103575 -0.523606 -0.615763 -0.538196 -0.272987 -1.435678 -0.495843 0.478162 0.468161 0.468257 0.013510 -0.869875 -0.675934 0.312552 0.292738 0.016586 0.148776 0.117832 -0.313721 -0.395366 0.202041
-0.076270 -0.661372 -0.660654 0.233984 -0.506021 -0.211661 -0.520924 0.037847 -0.086694 0.536672 -0.985399 -1.102942 -1.107749 0.706697 -0.046328 0.141021 0.060777 -0.487914 1.272880 -1.088239 0.279941 -0.079567 -0.234951 0.113846 -1.130327 -0.137256
-1.008169 0.730863 0.021151 0.420154 -0.666372 -0.126196 0.063064 -0.285621 -0.084233 -0.459348 0.489581 -0.224789 -0.867634 -0.215277 -0.074135 0.325009 0.133422 0.136696 -0.615343 0.448478 -0.218863 0.554129 -0.403936 0.706302 0.108583 0.309139
-0.133478 -0.939308 -0.699598 0.088884 0.378058 -0.386309 0.787805 0.205446 -0.085407 0.332724 -0.121899 -0.660561 -0.736502 1.195797 0.140962 -1.132657 0.145455 -0.106664 -0.329956 0.369002 -0.244273 -0.230833 -0.908734 -0.566253 0.097231 0.638577
-0.063138 0.009301 0.071720 -1.126522 0.539902 0.863323 -0.159444 0.059669 0.078561 0.595492 -0.080406 -0.196975 0.096440 -0.787637 -0.558157 0.110773 -0.451556 -0.311338 -0.271012 0.808932 -1.624738 -0.806848 -1.292725 0.054342 -0.250626 0.277540
0.303014 -0.327510 -0.013136 -0.400219 0.366735 -0.758639 -0.145367 -0.360393 -0.831288 -0.413226 -0.249177 -0.048292 -0.039477 0.020913 -0.117261 0.247557 1.059830 -0.074295 -0.127884 -0.965293 -0.176411 -0.659276 1.029113 -1.155483 0.447138 -0.108127
-0.309330 -0.730363 -0.335851 0.800977 -0.550061 0.535900 -0.320722 -0.799976 -0.097109 -0.789114 0.299518 -0.151677 -1.190337 -0.133361 -1.424803 -0.824413 0.300589 0.189475 -0.772399 -0.478380 -0.108269 0.503514 0.385396 0.858643 0.238220 0.811622
0.044482 0.003274 0.059507 0.429872 0.197016 0.216446 -0.195120 -0.247991 -0.120620 0.006170 0.276344 0.240401 -0.289800 -0.283904 -0.218646 0.046645 0.241425 0.022489 0.253451 0.045028 0.299692 -0.468866 0.050342 -0.008420 -0.027818 0.163542
-0.878761 0.392890 -0.017483 0.186931 0.529335 -0.362663 -0.705375 -0.014795 -0.255245 0.132744 0.905621 -0.219609 0.768264 0.195140 -0.085466 0.298328 -0.818881 0.378808 -0.514255 -0.899355 0.380833 0.516005 0.537459 -0.201435 -0.029198 -0.052019
-0.247080 -0.756299 -0.492248 -0.020153 0.014882 -0.464937 -0.463014 -0.155553 0.551745 -1.497036 0.283440 -0.031047 -0.013675 -0.684570 -0.282191 0.088999 0.568381 0.407454 -0.480311 -0.380379 0.598109 -0.964931 -0.309873 -0.956083 0.084128 -0.939579
-0.356991 -0.015306 0.263913 -0.556031 -0.182281 0.537243 -0.280811 0.866408 0.491090 -0.663524 -0.264337 0.327712 -1.373684 0.262434 -0.335129 -0.226531 -0.590663 0.382920 -0.207880 -0.257979 0.031721 0.102119 -0.933993 -0.895289 -0.238188 -0.174532
-0.305745 -0.388051 -0.166734 -0.564746 -0.263924 -0.373770 0.049774 -0.115724 0.046273 0.560656 -0.439156 -0.495596 -0.209776 -0.327069 0.443019 -0.506152 0.006119 -0.085375 0.279615 -0.403477 0.328444 -0.557599 0.073441 -0.211711 -0.223201 0.204277
-0.335120 -0.892952 0.287121 0.261892 0.275035 -0.003924 -0.094367 0.090309 -0.493585 -1.247435 0.886413 0.219319 -0.250893 -0.005249 -0.839921 -0.559041 0.040861 0.361405 0.150452 -0.021830 0.524527 -1.206124 -0.328171 -0.000070 -0.846813 -0.997459
0.386974 -0.070689 -1.089952 -0.115426 -0.543843 0.011614 0.475103 0.323202 -0.700710 0.241592 0.041037 -0.852116 -0.271790 -0.224188 -0.838262 -0.529354 0.641721 -0.354446 0.215911 -0.879642 0.265276 -1.111042 0.385849 -0.334757 0.202531 -0.589517
0.329144 -0.085446 0.754883 0.025199 0.120030 0.150992 -0.409987 -0.377790 -1.118650 -0.641301 -0.813966 -0.483814 0.362432 0.449716 0.405212 0.271977 -0.511732 0.184098 -0.636195 0.211342 -0.414345 -0.500279 -0.459107 -0.395790 -1.128811 0.145873
-0.959457 0.389345 -0.098646 -0.914223 -0.735835 -0.442069 -0.130004 0.680589 0.055200 0.414335 -0.279663 0.194209 -0.465869 -0.293685 0.051555 -0.580174 0.060831 -0.047535 1.035443 -0.309316 0.096771 0.163068 0.574317 -0.020198 -0.515222 -0.587503
-0.368355 0.314706 -0.147750 0.003419 0.040489 0.812824 -0.149590 0.340789 -0.788613 -0.997143 0.364190 0.133680 -0.812972 -0.482633 -0.416517 0.142273 0.039994 0.113130 -0.185547 0.545064 0.108243 0.249717 -0.517923 0.077303 -0.085317 -1.085638
-0.315772 0.182792 -0.276006 -0.167591 -0.283613 -0.168445 -0.390083 0.498643 0.547442 -0.184651 -0.120272 0.347419 -0.165642 0.004845 0.294896 -0.495302 0.094630 -0.415434 0.468919 -0.362547 0.142248 0.304383 0.101631 -0.087110 -0.677513 -0.549283
0.139162 -0.152201 -1.008171 -0.435574 -0.661292 -0.809415 -0.003271 -0.164237 -0.768563 -0.640688 -0.079089 -0.496637 -0.039318 0.081265 -0.736904 -1.520116 0.469979 0.165454 0.145523 0.290272 0.317441 -1.278214 0.381552 0.750513 -0.160955 -0.698230
1.062259 0.267724 0.313179 0.225532 0.375775 -0.501112 0.310821 -0.029234 -0.150856 -0.731260 -0.769591 -0.760010 0.102424 -0.188049 0.611766 -0.037926 0.204830 -0.182028 0.081101 -1.196999 -0.167300 -0.534933 -0.540170 -0.543636 -0.428562 -0.361821
-0.066969 -0.393334 0.439537 -0.807083 -0.446319 -1.172824 0.036593 0.290767 -0.672551 -0.933343 -0.491005 -0.893168 0.845965 0.076477 -0.245409 -0.135204 -0.240191 -0.573167 0.858208 0.058736 0.353925 -0.169041 0.464282 -0.973442 0.392153 -0.416558
-0.471377 0.435665 -0.253776 0.469924 -0.842333 -0.272611 -0.251315 0.107610 -0.530936 -0.750159 -0.218822 -0.571062 -0.224739 0.116044 0.230991 -0.827329 0.022147 0.932353 -0.272005 0.609353 0.247128 0.499918 -0.013798 -0.759003 0.420666 -0.797354
-0.236033 0.222363 -0.594572 0.072649 -0.402136 0.685715 -0.682950 -0.143491 0.646668 0.315459 0.013928 0.050319 -0.837044 -0.428536 0.090532 -0.026918 0.476510 -0.464456 -0.767138 -0.047366 -0.375641 -0.285329 -0.768526 0.640431 -0.129627 0.478619
0.158168 0.023709 -0.738702 -0.195935 -0.494023 -0.412886 0.590574 -0.764100 -0.026705 0.033342 0.002189 -0.127460 0.393451 -0.065101 -0.549596 -0.551906 0.324469 -0.387050 0.190543 -0.651429 0.190508 -0.380432 -0.450837 0.401497 0.537774 0.568200
0.478016 -0.084176 -0.061371 -0.016169 -0.139195 -0.045645 -0.225452 0.659227 -0.319872 -0.150956 0.628937 -0.852802 -0.375748 -0.532420 -0.393898 0.177640 -0.296571 0.053929 -0.354323 0.765999 0.421376 -0.024290 0.046821 0.009550 0.312340 0.939841
0.660235 -0.144689 -0.066144 -0.712291 -0.489770 0.413132 0.461600 0.745906 -0.642958 0.051462 0.520128 0.566773 0.234162 0.164103 -1.063782 -0.327110 -0.224085 0.440459 -0.763383 -0.389230 -0.145236 -0.701133 0.127642 -0.211097 -0.579445 -0.373091
0.296502 -0.615307 0.091775 -0.266857 0.625026 0.333138 0.489148 -1.327220 0.248334 0.173826 -1.207090 0.000302 -0.796780 -0.368837 0.017025 0.743864 0.603658 0.031250 0.056653 -1.222765 -0.449813 -1.087957 -0.607495 -0.803523 -0.445422 0.198448
0.097101 0.941748 -0.586302 0.031117 0.292729 -0.499114 0.066402 -0.197040 -1.491181 -1.223212 0.203353 0.070295 -0.162695 -0.232197 -0.185118 0.280142 -0.428769 0.257807 -0.512300 -0.687272 -0.101264 -0.426465 0.140921 -0.064924 -0.692246 -1.245090
-0.684140 -0.945812 -0.809325 -0.784500 -0.463110 -1.858988 -0.239864 -0.089708 0.497902 0.262019 -0.643579 0.283382 0.942254 0.718328 -0.146601 -1.587765 0.000049 -0.261230 -0.455193 -1.482394 0.357570 0.343622 0.232105 -0.932770 -0.449737 -1.395121
-0.640889 -0.407621 0.166092 -0.402289 0.134598 0.361528 0.623481 -0.662599 -0.179474 0.433226 -0.738146 -0.149704 0.074393 -0.750823 -0.099409 -0.758643 0.294098 -0.609089 0.633747 0.530215 -0.802639 -1.352454 0.477457 -0.438229 -0.687837 0.349467
0.004702 -0.587510 -0.535113 1.221906 -0.324355 0.096606 0.676157 0.132593 0.003813 -0.112649 -0.124250 -0.283748 -0.131867 -0.383151 -0.190454 -0.965425 -0.158037 -1.387746 -1.058464 0.453576 0.215722 -0.518011 -0.013834 0.234158 0.141516 -0.024721
-0.003520 -0.675797 -0.141688 0.565319 -0.795323 -0.491576 -0.684087 -0.159871 -0.007151 0.116703 -0.312682 -0.697055 -0.157355 0.700407 0.311349 0.518983 0.689087 0.316479 0.561103 -0.578672 -0.133883 -0.839283 0.339328 0.344008 -0.608567 -1.069402
-0.059924 -0.175122 -0.844138 -0.296570 -0.616283 -1.062268 0.482644 0.199034 -0.527670 0.338423 0.555182 -0.217227 -0.514161 0.222417 0.237238 -0.487605 0.037950 -0.727055 0.252864 0.017339 0.564224 -0.061561 -0.339530 -1.131589 0.137754 -0.126233
-0.503900 -0.766959 0.063229 0.742194 0.373857 -0.003120 0.082427 0.645789 0.181912 -0.197138 0.352034 0.525411 -0.027004 -0.541210 -0.597410 -0.018361 -0.369117 -0.308587 -0.028672 0.178185 -0.040305 -0.196092 -0.104173 -1.361188 0.364284 -0.671690
-0.889912 -0.124354 -0.225569 0.042100 -0.103718 -0.344069 -0.095546 -0.027335 -0.158091 0.104826 -0.589276 -0.091511 -0.027642 -0.276280 0.122371 -0.382845 -1.136502 -0.012483 -0.892451 0.623244 -0.270603 -0.582335 -0.320527 -1.696479 -0.499002 -0.506597
-0.493334 -0.042802 -0.400642 0.211912 -0.190488 -0.445063 -0.124989 0.170449 -0.274502 0.097424 -0.016745 -1.015837 -0.425601 0.414058 -0.269565 -0.588554 0.083179 -0.162076 -0.791101 -0.267642 0.582411 0.140036 -0.363422 0.363904 -0.179633 -0.286279
-0.660214 0.607643 -0.085635 1.024627 -0.454922 -0.198255 -0.620593 -0.311464 -0.215750 -0.621320 -0.334238 -0.308419 0.083443 0.192034 0.124627 0.718195 -0.214529 0.233312 0.269545 0.010413 -0.102745 0.122879 -0.191600 0.089402 -0.326058 -0.931532
-0.306431 -0.831711 -0.093036 -0.385076 0.327298 -0.776977 -0.210562 0.403501 0.590792 -1.159442 -0.002824 0.720518 -0.936602 -1.057850 -0.841065 -0.706270 0.751799 -0.068661 -0.656027 0.253896 -0.849715 -0.264778 -1.175295 -0.134468 -1.228792 0.762921
-0.444889 -0.836291 0.435672 -0.718323 0.327361 -0.023039 -0.258264 -1.114527 -0.204295 -0.559562 0.546667 0.072652 -0.325320 -0.988372 -1.685614 0.129154 0.470470 0.187484 -0.770859 0.599161 -0.378718 0.131185 -0.846254 0.156303 0.665365 0.495300
0.112162 -0.068759 -0.221961 -0.551363 -0.763770 0.138421 -0.451491 0.364689 -0.642398 -0.807237 0.481364 -0.322643 0.378927 0.681286 -0.735377 0.522869 -0.184322 0.567648 -0.028902 -0.247744 -0.968054 -0.200093 0.328716 0.442887 -0.325029 -0.701523
-0.081589 -1.708363 -0.905066 -0.605375 0.045295 0.344188 0.121822 -0.694252 0.194188 -0.426610 -0.789607 0.378829 -1.368923 -0.987703 -0.670748 0.310630 0.106184 0.177912 -0.684257 0.068857 -0.553829 0.306078 -0.281567 -0.107295 0.343325 -0.943235
0.010215 0.003130 0.288320 -0.264548 -0.602906 -0.491957 1.237383 -0.103639 -0.686108 -1.211455 -0.372145 0.464129 -0.120373 -0.082809 -0.017780 -0.454410 0.053741 -0.975575 -0.583473 0.055853 0.129781 -0.080689 0.156343 -1.013996 -1.086651 -0.637078
0.211694 -0.749563 -0.614248 -0.217682 -0.783844 -0.190338 -0.240190 -0.692861 -0.665168 0.236272 -0.673221 -0.149279 0.360654 -0.358988 0.074977 -0.803065 -0.773893 -0.194727 0.025851 -0.484250 -0.345467 -0.191925 0.614697 -0.407233 -0.713528 0.253334
-0.416510 0.460294 -0.558012 0.078536 0.545147 0.246506 -0.530977 0.128500 0.112513 -0.656360 0.166226 0.269852 -1.301565 -0.478573 -1.451474 0.556054 -0.748864 0.228732 0.478141 0.052681 -0.776118 -0.525216 -0.956569 0.773308 0.145301 0.370148
-0.224317 0.636505 -0.528246 0.176443 0.002656 -0.621060 -0.321518 0.533250 -0.269454 -0.267765 0.365296 0.004188 -0.048365 -0.104969 -0.084967 -0.550405 -0.020306 -0.613360 -0.294975 0.813370 0.178266 -0.270262 -0.720740 0.385298 0.590652 -0.245926
-0.418872 -0.407572 0.340108 -0.325261 0.232656 -0.360106 -0.216449 -0.751583 0.486708 0.192853 0.164345 0.179060 -0.128907 -0.789070 -0.089078 -0.437842 -0.374671 0.411097 0.427281 0.276751 -0.611380 -0.854922 -0.429433 0.052409 0.315825 -0.450789
-0.516884 0.444970 0.302203 0.499956 -0.183168 -0.077861 0.370119 -0.320504 0.276249 0.052325 -1.072933 0.348623 -1.828318 -1.311639 0.350354 -0.364157 0.115835 -0.877110 0.271483 -0.196946 -0.183227 -0.748323 0.158783 -1.746492 -0.674918 -0.515088
-0.048367 -0.074456 -0.030544 0.500020 -0.314904 0.380037 0.050784 -0.275662 0.029889 -0.042602 0.280604 0.107520 0.074235 0.123287 0.026601 -0.121237 0.000625 0.141898 -0.305465 0.115742 0.177104 0.139204 -0.417174 0.056332 -0.314422 0.035047
-0.534656 -1.146295 -0.916817 -0.185396 -0.690103 0.087310 0.079129 -1.547523 0.533574 -1.219655 -0.833760 0.503403 0.177096 0.047240 0.031157 0.704391 0.442168 -0.349769 0.159277 0.064127 -1.467674 0.107895 -0.136916 -0.524476 0.436966 -0.633999
-0.452261 -0.048505 0.166310 -0.128599 -0.259136 0.058409 -0.775648 -0.340551 0.022283 0.158745 -0.128829 0.016128 -0.052830 0.026128 -0.486618 0.195833 -0.490836 -0.530118 -0.256040 -0.603652 0.201864 -0.964047 -0.911243 1.296124 -0.347527 -0.904725
-0.718669 0.220805 0.242150 -0.166499 0.276768 -0.298750 0.269041 -0.823687 -0.588280 -0.007335 -0.553567 -0.200270 -1.034476 -0.531636 0.657633 0.445575 0.195284 0.193171 -0.038664 0.042923 0.029724 0.016052 -0.054627 -0.908495 0.029884 -0.119065
-0.440264 -0.088173 -0.076076 -0.397184 1.119500 -0.992968 0.241011 0.469706 0.197685 -1.060990 0.307704 -0.350335 -0.082172 -0.213905 0.362475 -0.440361 0.418450 -0.851865 -0.771932 0.047499 -0.365726 -0.315602 -0.253303 0.226154 -0.901166 -1.070361
-0.359916 -0.223251 -0.056952 0.377504 -0.627866 0.228690 0.044886 0.004831 0.211059 -0.428219 -0.119116 -0.171351 -0.435362 -0.259469 -0.006165 0.263426 0.051695 -0.104673 -0.308273 -0.276478 0.535432 0.035108 -0.194090 0.164970 -0.073941 0.324638
0.191480 -1.193862 -1.303979 -0.215096 -0.877383 -0.315970 0.605139 0.675107 -0.315349 -0.203705 -0.902232 -0.503248 0.906237 -0.750900 -0.836463 -0.323521 0.058919 -0.988558 -0.340190 -0.975361 -0.814209 -0.434973 -1.514660 0.021924 0.974627 -0.120916
-0.633583 0.196922 0.642760 0.647389 0.260180 0.601991 0.042054 -0.878513 -0.298981 0.572300 -0.505423 0.013507 -0.876805 0.372172 -0.059833 -0.389477 -1.191698 -0.648860 -0.552657 0.414428 0.113919 0.377782 -0.257146 0.665772 0.371818 0.407384
0.398153 -0.853407 -1.206524 0.311050 -1.104808 -0.398368 -0.531242 -0.558184 -0.577095 0.367479 -1.324296 -1.022521 -0.764333 -0.345565 0.114631 -0.251661 -0.108902 -0.501548 -0.322467 0.495607 0.738180 0.658276 -0.195203 -0.502165 0.155815 -0.365144
-0.365320 0.239761 0.553595 0.374805 0.892782 -0.857575 -0.626012 0.895845 -0.646392 0.232729 -0.157768 -0.954397 -0.073096 0.166999 -0.286308 -0.320036 -0.180212 -0.159709 0.046109 0.202403 0.292394 0.472130 0.778616 -0.334493 0.333934 -0.627662
0.299526 -0.399275 -0.103012 0.269595 -0.540130 0.147374 0.112235 0.070299 0.111714 0.065221 -0.069637 -0.261718 -0.268776 0.357754 -0.816576 -0.677852 -0.734826 -0.423210 -0.718546 0.009926 0.679708 -0.552017 0.048136 1.080426 0.081970 0.431799
0.055491 0.307375 0.354242 -0.020809 -0.042403 -0.019993 0.175241 0.530205 0.137928 0.085660 -0.240338 -0.168355 -0.666537 -0.064034 0.023740 0.131724 -0.138477 -0.396274 -0.281938 -0.196462 -0.042899 0.189032 -0.572275 0.726723 -0.124536 -0.121964
