0.204551
-2.380706
-1.181310
-0.474163
-0.416524
1.312047
3.824019
1.527069
1.679595
0.044818
-0.044692
1.005252
-0.343171
0.161661
0.711204
-0.615263
0.335961
-0.464028
-0.754496
0.047489
-2.587170
-1.729477
0.360760
-0.096279
-0.209615
-1.361693
-0.422441
-0.210983
1.026692
0.659443
0.200192
-1.143319
-2.152887
-0.783056
2.256566
0.158060
0.193933
-2.523278
-1.240739
0.964124
3.187549
-0.809277
-2.790563
-0.890520
1.105682
0.582775
1.664809
-0.989570
-1.691488
0.573982
1.248940
-1.304543
-0.101970
1.668976
-1.151318
0.303254
-2.389092
-0.781620
1.793267
-0.101819
-1.242061
-0.943464
0.410802
1.162080
0.438960
-1.075020
0.085085
2.996320
-0.078100
-0.626869
0.396272
0.752175
-0.460454
-0.006613
-0.914276
0.448418
1.184656
0.993834
-2.741171
0.027731
0.005859
1.783015
-0.028198
0.410678
-1.668467
-0.620862
0.644672
1.753208
0.958477
0.272404
-0.641607
0.341557
-0.074804
-0.532074
2.035053
0.482006
-0.276010
0.000707
-0.008136
-0.492231
0.186101
-1.930886
1.064056
0.549358
0.550120
1.217568
-0.193262
2.100506
1.196726
-0.706301
-0.432334
2.495257
-1.281506
0.231255
-1.117807
1.587465
-0.736863
0.678450
0.231902
-1.734172
-0.277788
1.258138
-1.046923
-1.974653
0.026847
0.276076
0.146625
0.962519
0.017102
-0.173210
-0.570568
-1.050267
2.270667
-0.994582
-0.542193
-1.272308
0.594285
2.264142
-0.367510
-1.511181
-2.068574
0.533101
1.587950
0.428351
-0.159751
-0.354975
-0.017155
0.526986
0.288152
-0.280780
-0.514432
-0.092805
-0.380384
-0.499353
-0.356664
-0.544625
