0.566064
1.464109
0.359786
0.580499
-1.803647
1.245828
0.703574
-0.379540
-0.363970
-2.376380
-0.848959
-0.933721
-0.169333
-1.845970
-2.523853
-0.123847
-0.089673
0.182283
-0.197050
-1.164074
0.676023
0.348076
-1.295509
0.151503
-1.335964
0.238603
-2.051216
1.092210
1.343862
-1.375603
-0.112534
1.967549
-0.903284
-1.261144
0.479448
-3.389320
0.309362
0.091436
2.366870
2.235642
-1.112348
-0.398964
1.025314
1.504259
-0.294331
-2.551497
-0.928782
2.952817
3.004549
-3.013277
0.913633
-0.677076
-1.410133
0.232717
0.532314
-1.355757
-0.384144
-0.922632
-2.232064
-2.155728
-0.546103
1.733083
-1.448134
-0.876188
0.142199
1.577700
2.653858
-1.086931
-0.061721
1.147736
-1.205176
-1.128285
0.878990
-0.171962
-0.306408
-1.137217
4.261858
2.878824
-1.482664
-2.313906
-0.332532
-1.104489
-0.794125
-0.246796
-3.283915
2.355733
-0.848172
0.987975
0.789550
-0.217831
-1.877415
-0.095738
0.131621
2.172943
-0.113441
0.503103
-0.532812
-0.559219
-1.244420
-0.412073
0.846917
-1.852871
-0.970919
-0.062628
-0.548278
0.191414
0.225160
-0.651357
0.079909
-0.554125
-0.765686
0.115255
-0.400468
0.374119
-1.514700
0.385325
1.548224
0.272426
-2.172869
-0.344136
0.821535
0.365965
-1.266525
0.552185
0.166021
-0.303301
0.174210
0.250492
0.651781
-1.452039
-1.799465
-1.496632
0.210561
-0.466710
-2.841531
-0.213151
0.554865
0.297486
-2.324292
0.329424
-0.431703
-0.240144
1.716908
0.684084
0.995453
-0.426927
0.539931
1.942421
0.521351
1.588388
-1.137649
0.075782
-0.979998
-0.431224
0.211645
0.744576
2.445816
-0.158039
2.368226
-1.654011
-1.110972
0.755216
-0.432125
-2.210057
-0.883798
1.193465
0.851531
-0.128535
-0.456086
0.063329
2.244286
1.189069
0.867116
0.855618
0.328516
0.947433
-1.045999
0.116820
0.212618
-1.788456
0.141998
-1.443833
0.372964
0.655669
0.245154
0.861105
-1.568496
0.042311
1.114056
0.581352
-2.344717
-3.073983
-1.766365
-0.071545
-1.411083
-3.074413
-1.053509
-0.591125
-1.626409
-1.474530
1.262643
0.756120
1.496872
0.153073
-0.309010
-0.269326
0.796940
-1.028925
1.558911
-0.413049
-2.973314
0.383034
1.236178
0.972377
0.511973
-2.801337
-1.419091
-0.372485
0.268905
1.248589
-2.576314
-1.392747
1.250728
0.928718
1.371615
-1.753203
0.593299
1.932402
1.059122
-0.940905
-0.532916
1.168170
-0.489248
0.815615
-1.114843
-1.262776
-0.210811
-0.014766
0.434351
-0.287285
-0.817178
-0.230757
-0.561126
-1.054230
0.509373
3.218557
0.085547
-0.321378
-1.428544
0.423869
0.455007
0.021339
-0.930308
0.580598
0.832287
-0.650923
0.992068
0.138660
1.725321
0.548143
-1.030785
-1.593352
1.214955
-0.707847
-1.304940
-1.361730
0.789217
1.446091
-0.977405
-0.414077
-0.412272
-1.339779
1.547620
0.190883
1.119386
0.549031
-0.779042
0.078625
0.199267
-1.295385
0.365724
0.332072
0.576841
2.012854
-0.102466
-1.988003
-1.956933
0.787462
0.481876
1.540929
-1.909847
-2.401662
-0.019084
2.071199
-0.452983
0.067172
0.068066
-0.811376
-2.401018
-0.471579
-0.477276
-0.472120
1.034340
-1.944125
-1.052370
0.351166
-1.622637
-1.756187
-2.170843
0.729847
-0.227690
-0.703549
-5.112410
0.493396
0.534456
-2.092376
-1.605312
-1.529496
-1.682897
2.128656
-0.908125
-2.925579
-2.350807
-0.788404
0.265122
-0.297281
0.064254
-0.702319
-0.091449
-0.762387
0.404803
-0.284976
0.572500
-1.542566
0.833855
-1.553113
0.485433
-0.150599
-0.703898
-0.675732
1.273643
-0.462925
-0.548313
-1.041306
0.436166
1.565699
0.807865
1.775002
0.245271
0.662576
1.502463
2.042326
0.273597
0.634809
1.357591
1.415010
0.078429
-1.410651
1.768562
-0.504293
-0.209535
0.453010
2.429127
-0.313323
-0.668399
-1.564410
1.725692
1.100296
0.749674
0.673216
-2.083560
1.174036
0.478738
-1.965889
-0.991424
-0.512049
-2.595895
0.249734
-0.680686
0.494857
-0.849301
0.310474
-1.305935
-0.268883
1.138785
-2.121892
-1.262868
-2.127405
-0.641299
0.243082
-2.121257
-0.781286
-0.048918
-0.122685
1.311909
-1.227720
-0.338944
1.533177
0.599991
0.886600
2.427444
1.822689
1.018885
-1.877369
-0.546613
2.686840
2.527240
0.177693
-1.290973
-0.004909
1.441348
1.148183
-1.521678
0.350797
0.277715
0.595418
-2.181704
-0.614715
-0.206125
1.109237
-0.401320
-0.725030
1.883694
0.996953
0.303686
1.697017
0.750128
1.191575
0.218175
1.146069
1.160554
1.414110
-0.955832
0.593652
0.337105
-1.535485
-3.843809
-0.249420
-0.825917
-1.538750
-2.740050
-1.490701
0.758876
-0.813304
0.399355
-1.164644
0.859828
-0.153907
-0.236979
-0.884106
1.394716
-0.550241
-2.524754
0.746928
0.327774
-0.294618
-1.527569
0.255803
0.528955
0.891237
0.660984
-0.566203
0.067968
0.079428
1.049991
1.025398
-0.052649
-0.209837
0.740707
-0.167042
-0.981746
0.843048
-1.713300
-1.913695
0.121065
1.947079
0.345796
0.146153
0.436113
-1.520039
-0.355089
-0.912898
1.398505
-0.915155
-0.601461
-1.856860
-2.012867
0.274349
-1.169840
-0.029607
-1.285787
-0.460319
0.701870
0.332511
0.355474
-0.801642
0.127480
3.186523
0.613186
-0.968252
0.144007
-0.965438
-3.126981
0.625857
-0.360661
0.840335
1.685738
-2.489949
0.630919
0.027542
1.179289
-0.333720
-0.300779
0.015761
0.404861
0.874809
-0.257610
0.785627
-0.026379
0.524014
-1.296801
0.336603
1.256665
-0.959393
0.550457
0.392039
0.850307
0.819674
-0.560763
-0.879425
-0.119082
0.045016
0.736199
-0.319280
-3.101532
0.334191
0.112792
-0.594481
1.179832
0.544967
1.253034
-0.003614
-1.242137
-1.650153
-0.263648
-0.341088
-0.012254
-0.356649
-1.742793
1.806694
0.911159
1.081913
-0.924830
0.469890
-0.513731
1.258784
-0.394490
-2.351185
-1.784025
-0.005318
1.721551
0.862593
-1.144562
-1.042152
-0.070072
0.360990
-0.502584
-1.183802
-1.591107
-0.411478
-0.168415
0.619521
0.318642
-0.696429
1.186983
1.370133
1.291260
-2.312920
-1.190564
1.170520
1.784828
1.568442
-1.407879
-1.294636
1.238194
-0.587944
-0.557026
-2.671314
-0.544700
1.413162
0.028474
-0.847091
-3.302840
-0.466777
1.935315
0.417305
1.491011
-1.461319
-0.136952
1.326141
0.281598
0.959934
0.035157
-0.295773
0.444433
0.369125
-0.054739
-0.108883
1.731261
2.135049
-0.176612
1.075438
-0.108636
-1.057184
-0.193518
0.840768
-0.597098
-1.499867
-1.065101
-2.066716
-0.014949
-1.849602
-1.411819
0.309468
0.612773
-0.200072
-0.373698
0.761763
-1.025519
-0.253413
-2.187130
-0.895557
-1.192411
0.370239
-1.710027
-1.991329
1.204868
-0.375734
0.018749
0.025517
1.187426
0.454055
0.306806
2.286763
0.753246
1.217697
-0.847704
-0.077800
-0.241764
-0.594420
0.220478
1.013410
0.725560
1.643902
-1.268735
-0.346268
-0.056023
-3.436751
-2.449527
-2.541243
-1.881876
-1.968910
-1.675147
-4.283103
-0.909758
-3.060000
-0.415276
-2.788207
-0.845125
0.014106
0.826426
3.760285
2.425837
-0.106887
0.274722
-0.673530
1.560493
0.322817
1.863385
1.185744
0.426003
-0.516081
0.085749
1.051811
-0.360524
0.437357
-1.735368
0.520513
-1.262385
0.549811
-0.609565
-0.534610
-2.050055
0.791621
-0.218641
0.612419
1.082955
-0.328325
0.567173
0.476365
-1.640123
0.174146
0.564312
1.189725
0.615903
1.494360
0.751990
0.718219
-1.052995
-0.760010
-0.287541
1.074997
0.425231
1.044722
-0.544989
0.489460
0.318977
0.431061
-1.573473
-0.364711
-1.114197
-0.074405
-1.714378
2.093450
-0.533635
0.354245
2.935207
0.250833
-2.385025
0.500856
-2.406915
-2.446026
-0.022271
0.510962
-1.687140
-0.024244
-0.998504
-0.388836
-1.326586
-0.620190
-1.069575
-0.276032
1.052929
0.766273
0.254526
-0.298304
-0.055296
1.941623
1.685020
0.239478
0.246234
1.402398
0.159518
0.248086
2.137915
0.738554
0.094802
0.576169
0.098590
1.138254
-0.419227
1.119535
1.754101
2.117967
-0.059176
-0.605956
-0.122040
0.219959
0.434295
0.438206
-0.504458
0.410144
0.452832
-0.081974
0.470437
-0.482236
0.259355
-0.339944
1.605572
2.658518
2.185484
0.015099
1.801062
0.135460
0.911075
-0.055977
1.566630
0.806526
0.754157
-0.387063
0.813416
0.388057
1.268999
1.679395
-1.763050
-1.436624
0.242098
0.900757
-0.502599
0.691812
-0.060836
-0.642452
-1.844175
-2.051685
0.310849
-0.504973
-0.084661
-1.047137
-1.216071
1.270491
-0.316542
-2.519524
-1.485981
-1.885867
-1.278976
0.220267
-0.547749
-0.545821
-0.679207
-0.867023
0.308193
0.658675
-0.345178
-0.165361
0.467308
1.340284
0.147402
2.479652
-0.968411
-0.152253
0.143807
-0.375113
0.803028
1.599754
-1.146836
1.636374
1.327876
1.029582
1.574952
-1.012984
0.909742
0.724959
0.493785
2.136999
-0.400382
-1.308795
-0.601310
-0.718475
-0.169289
0.168393
-1.402681
-1.298408
-0.608960
-1.033448
-0.645853
-0.185013
-1.675046
-0.515742
-1.417227
1.690442
0.899565
-2.337262
-1.448830
-1.416177
-0.382420
-1.274401
0.031697
-0.201314
0.748536
0.290561
-0.337153
-1.323379
-0.300716
0.949674
-0.454540
-0.761001
0.769061
0.527086
-0.223470
-0.917374
-0.446525
2.926795
-0.516107
1.446808
-0.996128
-0.466650
0.314234
-0.851451
-0.702618
-0.896986
-2.236970
-0.411703
0.231956
-0.768455
-0.978173
0.844770
0.550489
-0.277291
0.240639
-0.039639
-0.888387
-0.560312
-1.537542
1.548200
3.393646
-0.784173
0.685747
-0.416205
-1.054093
-0.086028
-0.602324
-0.969971
-1.870391
1.329762
1.829782
-0.442982
-0.407545
-1.486241
1.038472
-1.576174
-0.661942
-0.619328
0.154856
1.813275
3.130000
-2.262303
-3.240990
-2.362249
-3.676953
0.501285
-1.493072
0.647237
0.003650
0.266919
1.260524
-0.522206
1.848143
-1.492781
0.790541
-0.107489
-0.233898
0.522787
1.232472
-1.011081
-0.047773
1.659437
1.175161
0.296795
0.398868
-0.401920
0.567865
-0.275291
0.333580
1.777207
0.162604
-0.719310
-0.184865
-0.254443
-1.028289
-0.026286
-1.068548
-0.651202
-0.332252
0.279620
-0.766959
-0.161258
1.033054
-1.176326
0.465273
-0.951168
0.023469
0.973994
-1.281378
-0.921753
1.101086
0.650164
-0.696609
0.057284
1.455205
-0.620898
0.448388
1.034987
1.520309
-1.145136
-0.475668
-0.392867
1.153526
1.406733
1.112978
2.488972
0.062001
-1.196822
1.262612
1.093905
-0.002781
1.569370
2.002782
1.223938
1.525623
-0.832454
-0.273859
-0.429055
2.064897
-0.557181
-1.172004
-0.212038
-0.742339
-0.709851
0.168717
0.581680
-0.244537
0.073992
0.951900
1.051838
0.588339
1.243610
-0.601494
0.012085
-1.054788
0.539890
-0.397000
0.611112
-1.102089
-1.953308
1.926804
-1.709129
-1.335022
-0.888192
-0.739552
1.172317
1.153538
2.232788
-1.299106
-0.633098
1.442319
0.629334
0.398361
0.857471
-0.825374
0.873523
1.066220
0.319224
1.963473
0.521701
-0.239734
1.642040
0.222098
1.587559
-0.682608
-0.644944
-0.363198
1.069127
1.931188
-1.158950
0.317996
-0.247803
-0.770658
0.571388
-2.147206
0.613387
1.196753
0.607317
1.754768
-2.623587
0.476609
-1.773228
1.547178
1.002867
-0.342820
-2.659421
0.779156
0.990111
1.199145
-0.590465
-1.161968
0.637180
0.762518
-0.561810
0.101377
2.257848
-0.793464
0.525945
-0.489366
0.179739
0.515915
0.461961
-0.573772
-0.966435
-0.897813
-1.124854
-1.079470
0.030085
0.627351
1.717850
-0.654933
-0.581294
1.097228
-1.207725
1.496720
-0.721630
-0.988861
-0.342709
0.122010
0.460115
-0.441098
-1.012460
-0.698723
-0.914557
-1.936179
-1.717464
0.402532
-1.369993
-0.904502
0.828547
-2.712978
0.356684
0.473356
0.024632
1.653893
-1.189872
2.287556
0.591732
0.710853
0.184524
1.137671
1.719867
-2.575184
-1.417437
1.551489
1.127162
-0.432926
-0.912680
-0.040131
2.410867
-0.109795
-1.740378
-1.552938
0.057967
1.845315
1.335936
0.367328
-1.058100
0.083371
0.308509
0.547386
-0.708261
-0.248133
-1.324721
0.826953
1.029690
-1.805370
1.151741
-0.130114
0.179278
-1.689544
0.206606
0.798946
-2.640662
-0.829422
0.472078
-0.991074
-0.319219
-1.357296
-0.405326
-0.553718
1.066983
1.390264
1.248664
0.793449
0.440104
-0.667362
-0.297727
-0.575381
0.463481
1.810089
-0.053369
-0.638170
0.868859
1.666548
-1.809985
-0.394137
-0.312544
-1.341835
0.246194
-1.412503
-0.499293
-1.233178
-1.257056
1.092072
-0.903110
0.226181
0.127920
0.350741
1.040910
0.465008
1.037784
-1.049748
-0.129717
0.594322
0.579040
-1.622282
0.374552
-0.463367
-3.067981
-0.957836
-3.233918
-3.092476
-3.186528
-1.590044
0.391140
-0.771970
-1.608716
-0.618877
-0.260885
0.260506
-0.680440
-1.253241
0.235932
-1.008106
-0.693773
0.102928
-1.244476
-0.590907
-1.352118
-0.684550
3.621468
0.608291
-0.460797
0.564456
3.328363
1.877480
0.369959
1.950001
1.765947
1.011965
0.340876
-1.215374
0.406942
0.498124
0.703026
-0.546335
-0.580124
-0.519267
-0.020168
0.708728
-0.094045
0.439003
-2.033344
1.284510
2.144020
0.166631
-2.609332
0.037234
-1.543880
-0.437968
0.216925
1.756241
0.447064
0.142027
-0.111464
0.373094
1.591712
-0.301813
-1.270609
-0.204199
2.676756
0.015985
0.029175
0.285495
0.660328
-0.151646
-0.840876
1.510700
2.313208
0.953747
1.148692
-1.566320
-1.205742
-0.956000
-1.645560
-2.222077
-1.055815
-0.886315
-3.087350
-2.256552
0.540366
0.122886
0.262352
0.925476
-1.941828
1.096343
-1.371117
0.050934
-2.700034
-2.777436
-2.124612
0.610885
-2.153058
-1.437330
-1.501312
-0.459244
-0.340384
-0.745766
-0.495479
-0.599307
1.303093
-1.411978
-0.327976
-0.819399
-1.120673
-3.370442
-2.533863
0.997772
-0.041232
-0.713576
1.465381
1.550735
3.274334
-2.615163
-0.825386
1.040226
1.017855
-0.232879
-0.334264
-0.806159
0.447718
-1.999992
0.026984
-0.810921
-1.456901
1.775549
-0.250573
0.714959
-0.766836
-0.425164
1.207574
1.778482
1.316192
-3.046028
-0.490871
1.310793
-0.059256
-3.189873
-1.249844
0.619544
0.369244
-1.634646
-0.401227
0.336715
-0.880413
0.007600
0.399494
1.150732
0.276427
0.327826
1.661718
-0.711317
1.038228
0.277400
-0.194401
0.619146
0.179877
-0.223609
-0.035945
0.111946
1.730566
0.209760
0.340056
-0.186290
0.481864
0.044636
1.079812
0.636583
0.096685
-1.431345
0.137660
-1.138663
1.386996
1.786257
1.289261
-0.362167
0.048107
2.149131
3.544810
0.192138
0.168210
-1.397806
-0.648031
1.463027
-0.370843
-0.297727
-0.641318
-1.660141
1.610071
0.588738
1.115130
-4.147944
-0.993526
-1.362796
-0.920404
-0.535745
-0.600408
-1.229945
-0.323420
1.264026
-0.841813
-1.029011
-1.700428
-1.035168
-0.641729
-1.371042
-0.645900
-0.454149
1.177123
0.911585
0.394016
-0.062213
-0.822852
0.677174
-1.949192
0.617267
-1.520988
-0.866282
0.772422
0.269497
0.043196
1.691826
0.701853
-2.063441
-1.082652
0.996353
0.732408
0.646681
-1.422856
-0.279866
0.529695
0.535168
1.247553
-1.773195
-1.293200
0.533427
-0.322578
-1.270380
0.079079
-1.413927
0.722404
-0.421586
-1.783174
-2.195785
-0.643216
-0.166411
-1.623604
-0.163890
-1.308095
0.242416
-0.125697
0.589607
-0.239239
-0.540140
-0.658965
-1.245643
2.535450
1.713027
-1.830699
-0.892358
-0.479758
1.681623
0.170531
-1.159293
-3.730263
-1.151088
1.577107
-0.661587
-1.493832
-1.656007
0.244281
0.110580
-3.300464
-2.456808
1.378871
1.845096
1.067763
-0.951963
-0.725433
-0.340927
0.035246
1.040640
0.991028
-5.028350
0.968373
1.909164
-1.032593
0.533596
-1.045979
1.792827
2.237059
-0.835838
-4.201232
-1.235114
-1.692579
2.408095
2.611434
1.997884
2.254870
-0.581439
-1.842737
-0.142836
-0.946153
1.267223
-0.042615
0.200516
1.578622
1.310919
0.077373
0.167325
0.994940
-0.070547
-1.640000
0.441783
0.036341
-0.161516
1.047511
-0.496636
0.823702
1.583550
0.239903
-1.185500
-2.160914
0.495773
0.675303
-1.573331
-1.111819
-1.113063
-1.268478
-0.515694
-1.360021
0.000449
0.227297
-0.127712
0.279300
1.042196
-0.012091
-0.083595
2.932656
2.868716
-1.725586
-1.247250
1.581467
-0.856926
0.052061
1.229465
0.564463
-0.259444
0.963315
-0.794731
-1.376212
2.824536
1.373861
-0.276294
-0.672104
1.340390
-0.271338
-1.215679
-0.984404
-2.723667
0.983436
1.153943
1.148197
-0.835996
0.425450
0.210447
1.532275
0.634036
-0.021046
1.643229
-0.222887
-0.654480
-0.383633
-0.636331
-0.215310
1.665677
0.729939
-0.308044
-1.255908
0.808391
-0.108171
-1.011119
0.066834
0.289016
-1.657168
-0.793409
0.912534
0.361695
0.450831
0.585062
0.370595
0.112399
-1.160650
1.191600
-0.221931
1.272034
0.937715
0.092943
-0.266721
0.736588
-1.671711
-3.194849
0.013353
-1.562982
-0.216193
-1.462531
0.677356
0.803850
-0.098833
2.126359
3.192081
0.217566
-0.397533
0.215301
0.617660
0.094520
0.868358
0.939010
0.002178
0.214356
-0.786980
-0.300728
-0.597488
-0.636023
0.035839
-0.401482
-0.893818
-0.272961
-0.762212
0.763745
-0.048877
-0.707602
-0.961629
0.293697
-0.245711
0.539575
-0.375703
-0.260350
-1.068706
0.548804
-1.128931
0.419618
0.129967
0.121762
0.271516
-1.882259
-1.502289
-2.588483
-2.437023
-0.097821
-1.135764
-0.388727
-0.986759
1.606137
0.940951
-0.015322
1.657804
0.388330
1.674484
-0.337601
1.496840
-1.478454
-1.121929
1.295307
0.594458
0.870865
0.179184
1.515799
0.155555
0.640320
0.488522
0.842194
0.057209
-0.712448
-0.416622
-0.018230
-1.398710
-1.670360
-0.635357
1.578996
-1.165670
-2.074067
-3.041680
0.028811
0.295158
-1.086779
-1.637087
-1.740337
-0.874959
-0.380748
-0.418731
-1.335227
-1.355457
-1.477309
-2.043063
3.204560
-0.739525
1.107247
0.349244
-1.565273
1.466585
-0.526848
2.790788
-0.913206
-1.505036
-0.378181
-1.028083
-1.520627
-0.815600
1.607802
-0.476844
-0.192773
1.476077
0.057320
-1.657361
2.279888
0.825405
0.061891
0.473771
-1.238281
-0.892831
-0.097980
-0.251572
-1.597158
-1.425866
2.096195
0.911573
-0.063211
1.052719
-0.559804
-0.223587
0.091849
1.079781
1.520856
1.365398
0.131964
-0.834873
0.196699
1.204964
0.174183
-1.325072
0.596341
-1.788371
1.261813
1.397104
0.082504
-0.824599
-0.630957
-2.527911
-1.635383
-1.446113
-0.785949
-1.642725
-1.026514
0.789877
-0.515757
0.707093
1.387628
-0.581863
0.690679
-0.326699
0.551447
0.863208
-0.157558
-0.232866
0.822831
-0.049568
-0.214100
-0.053285
-1.903860
1.292514
0.469982
0.513510
-0.678244
-1.100670
1.420673
-0.291911
-3.443165
0.624633
-0.639040
0.193981
-0.760712
-2.033561
0.155826
-0.063832
1.088423
0.171813
-1.323589
1.567842
1.906937
1.480626
1.873795
-0.328881
-0.334988
1.102379
-2.444712
-1.709013
0.296157
0.092384
3.224730
-0.962349
-0.776227
1.277916
0.313432
1.130170
-0.487037
-0.851117
0.195212
0.194996
0.852787
-2.407362
-0.604872
0.886360
2.818556
4.465648
-1.183858
0.606759
0.988270
-0.413931
0.736237
0.028135
1.324074
2.451210
-0.038638
0.918294
-0.305938
0.374391
0.488404
-0.073791
0.264465
-0.697747
1.592466
-1.571436
-0.039124
0.467716
0.605557
2.293433
2.058637
-1.481204
-2.807744
0.492301
0.190917
-1.584328
-0.456029
-0.925350
-1.126651
0.237293
-2.063056
-1.588758
-0.440503
-1.442040
-0.930322
-0.507989
0.098896
1.281017
-1.588229
0.362561
0.157313
1.201483
0.370570
-0.864778
-0.836452
-0.302097
-0.153399
-0.924753
-2.057946
-0.272750
2.356760
1.052195
-0.547837
0.172001
1.384347
0.461377
-0.188142
1.511040
-2.245504
-0.644521
-1.807641
-0.162955
-1.439850
-0.842640
1.647233
2.650522
-1.160418
-0.044091
0.798068
-0.612899
0.117277
-0.986223
0.093553
-0.223215
0.013105
-0.419805
0.648209
-1.135302
-0.555601
0.757924
-0.857830
-0.414036
-1.511776
-0.900037
0.011169
-0.057788
-3.738442
0.162381
-1.711591
-0.625630
-1.788833
-0.483524
-1.895306
-1.182591
-0.284674
0.565133
0.371079
-0.869899
0.374603
-0.908086
0.431170
0.665405
0.568543
0.495859
-0.270444
0.785802
-1.129388
0.547369
0.506462
-0.326725
-0.704166
-1.179681
-0.497186
2.432702
-1.651616
-1.316472
1.386107
1.416569
0.248495
-0.861660
-0.378426
-0.710090
0.012926
1.682944
0.815043
2.247974
1.507557
-0.201724
-0.389708
2.822760
-1.952635
-0.280499
1.098996
0.161098
-1.582404
-1.098942
-0.152810
0.020585
0.175957
-0.099002
-1.124013
-1.658258
-0.346630
-0.505100
-0.891337
0.258595
-1.140454
-1.336890
0.428157
0.023352
0.256640
-0.370086
-0.270340
-0.619874
0.129698
0.804113
0.542413
0.432334
0.551214
-0.421259
1.410900
-0.279673
0.633693
0.730542
-0.003902
-0.519291
1.046361
0.956191
-1.652260
0.030896
0.531883
-3.139248
-1.875403
-0.750585
-0.581420
-1.586323
-1.433635
-0.904678
0.602422
-0.049537
0.161014
1.909699
-0.402245
1.737951
1.609174
1.061893
1.202227
0.207939
1.053357
2.976602
2.297155
0.850679
2.264159
-0.005105
1.146923
0.183812
-0.611776
0.994029
-0.395483
-1.503255
1.311437
-1.349278
-0.240763
-0.422414
0.551805
-0.106217
1.981377
-0.878019
0.410516
0.794789
0.269040
1.495443
0.529276
0.979243
-1.986566
0.880022
2.010872
0.649428
0.030341
-0.042617
1.911919
-0.206224
0.882635
0.543155
0.931652
0.560809
0.053610
-1.420529
0.048232
-1.928659
1.319274
-0.617367
-1.604089
-0.110913
0.363805
0.705639
-0.540488
-0.855539
0.855858
-1.039604
0.150906
0.275016
0.350472
-0.461589
0.083024
0.675397
-0.672645
-0.799030
-0.641074
-2.053602
-0.239968
0.205970
0.428719
0.592981
0.124355
1.739986
1.627815
1.258911
0.674110
1.603593
-0.287317
1.501651
0.293105
-0.686465
2.291930
2.258156
-0.634121
1.338042
-0.771251
0.552684
0.792748
1.135395
-0.766669
-0.170288
0.225800
-1.086909
1.459984
-0.807757
-1.087550
-0.921361
0.166285
-0.106322
-1.019428
-0.514736
-0.428485
-0.021700
1.965564
0.849493
-0.696126
0.214285
0.899594
1.126110
0.811922
-0.455959
-0.454857
-0.853237
-1.029895
0.774909
-0.182902
0.955300
1.888065
0.142797
0.417569
0.775776
-0.430547
0.350434
-0.713088
2.034292
0.869847
0.212297
0.498081
0.059057
0.203761
0.935711
-1.068232
0.814270
-0.562367
0.139043
1.779097
1.393582
-0.337040
0.662763
-1.130255
0.267228
0.849020
-0.283083
-0.107492
-0.638561
0.858878
0.437337
2.397649
-0.907394
0.434983
-1.772148
0.826720
1.432293
2.210890
-0.650119
-0.686087
-0.152992
0.205775
2.900060
1.673205
0.045857
-0.645982
-1.628826
0.015852
0.172305
0.825094
-0.040607
-1.738615
-0.241373
0.770502
0.513673
1.282625
-1.714345
-0.887499
0.816527
0.093103
0.560468
-0.620157
-0.555588
0.062825
-0.922509
1.387419
-0.394619
0.023198
-0.936894
-0.918548
0.728984
0.344892
-1.810416
-1.722942
-0.687808
1.168813
1.117826
-0.614668
0.239863
1.180506
0.936076
0.177614
-0.906091
0.958063
0.785512
-0.338012
-0.713473
0.939830
-2.514019
0.267252
0.365950
-1.335275
1.514358
0.318364
-0.965124
0.068063
-1.083619
0.259039
-0.033875
-0.894796
0.492765
-1.252429
-0.542028
0.251096
-0.216784
1.364536
-0.599783
1.915299
0.044849
1.162528
1.939187
-0.483963
2.144525
-1.169117
1.924507
0.764833
-1.386719
0.633886
0.070682
0.546044
-0.340181
-0.724680
1.597849
0.027111
0.794458
-0.508394
-0.007229
-0.249920
-1.065633
-1.766023
-0.207150
0.503302
0.259855
0.126564
0.775753
-1.561456
0.753778
2.089444
1.066916
-0.827476
1.260487
1.696036
1.228950
0.643585
-0.471839
0.061864
3.237021
0.281990
-2.027103
-0.947689
0.925374
0.442502
-0.391718
-0.097695
-1.684578
-1.176199
-1.594257
0.144722
1.206194
-2.308892
-1.550640
-0.269296
0.872077
0.825629
-0.692360
-1.708588
0.581411
1.791963
1.519133
-0.317827
0.063851
-0.372400
0.487160
0.040908
0.845156
0.947014
2.907509
1.207408
-2.455177
-0.676191
0.591447
0.685273
-0.659598
-0.558084
0.546507
-0.153148
1.948940
1.366902
-0.698029
-0.150375
1.704798
-0.142073
-0.544344
0.528691
-0.794655
0.230974
-1.380048
1.278503
-0.526164
-0.678737
0.073239
2.675453
0.334960
-0.473803
0.131462
-0.830606
1.356176
1.386115
0.533880
-1.609948
1.039369
-3.108796
-1.452085
-0.356741
0.336409
-0.215026
0.253050
-0.473163
-0.404144
-1.566311
1.330840
0.155421
0.360353
0.462141
0.658171
-0.802193
-0.228694
-0.069507
0.287415
0.880975
1.405898
-0.841865
0.617604
-1.467858
0.521632
0.498376
-0.237213
-1.110152
-3.199804
1.420011
0.284483
0.040401
-0.885051
-0.996965
0.754656
0.014606
0.490211
-0.508900
1.094840
0.057062
0.830910
2.165967
-0.805361
-0.949214
-0.181233
1.792758
-0.583769
0.328793
-1.541739
0.232957
-1.620615
-1.012853
-1.394057
-1.072381
-1.830620
0.274070
0.645435
-0.137714
1.641585
-1.904308
-1.877075
-0.630335
0.196237
-0.828371
0.453762
-0.511046
-0.252931
0.227300
-0.778138
-0.217813
-0.521808
1.020838
0.696492
-0.355378
0.054337
-0.139211
-0.921003
0.025132
-0.897833
1.592668
-0.675623
-1.212664
0.604784
-0.579414
0.589372
