1.053568
1.110948
1.013598
1.140480
1.150786
1.019982
0.983131
0.936870
1.269044
0.927640
1.753898
1.284473
1.207109
1.144036
1.223232
0.836242
0.813813
0.912980
0.791181
1.107975
1.288498
1.087830
0.800610
0.872699
0.815776
0.739188
1.585146
1.472406
0.725519
1.452446
1.242295
1.050632
0.288144
-0.273115
0.266477
-0.071935
-0.165534
-0.009704
0.028619
-0.262856
0.051241
-0.031104
-0.763802
0.082665
0.071341
-0.180548
0.089503
0.038436
0.224992
-0.314511
-0.067335
-0.062806
-0.070211
0.029222
-0.115270
0.249815
0.287575
0.343178
0.015172
-0.056976
-0.013688
-0.385006
-0.680166
0.369500
