-0.248582 -0.678056 -1.132357 0.339794 -0.119886 -0.295634 -0.939321 -0.642719 -0.082000 0.315114 -0.287416 -0.482797 1.076529 -0.877430 -0.130995 -0.353960 -1.009765 1.125549 -0.336418 0.716230 -0.344021 0.990490 0.085839 0.047426 0.622531 0.179483 0.393706 0.731801 -1.054308 -0.413425 -0.336613 0.382001
-0.673243 -0.234965 -0.183419 0.025503 -0.259598 -0.157273 0.102260 0.468552 -0.387365 -0.720055 0.700626 -0.325707 -1.144658 -0.169873 -0.269691 -0.553069 0.863143 0.011941 -0.517946 -0.751482 -0.039444 0.956867 0.403300 0.293428 -0.429793 -0.177738 0.346046 0.172850 0.086658 0.375043 0.267850 -0.457289
1.114445 0.080585 0.049416 -1.101334 0.506175 0.746794 0.012104 0.285746 0.220263 0.179562 0.032597 0.264963 0.887901 -0.378759 0.172941 0.214293 -0.020245 -0.155145 -0.330146 -0.310765 -0.824964 -0.142073 -0.006314 -1.304698 -0.065271 0.032011 -1.104247 -0.780211 -0.671839 0.391953 0.162063 0.060741
-0.468642 0.864391 0.478527 -1.054036 -0.161530 0.496553 -0.406998 -0.902460 0.373449 0.195485 -1.271474 0.997116 -0.586175 -0.457824 0.615940 -0.547402 0.550311 -0.384375 0.573347 -0.151856 0.285030 -0.956924 0.471109 0.151943 -0.922018 1.172555 0.372459 -0.195983 0.235386 -0.024250 0.038305 0.405274
-0.042003 -0.553354 -0.011407 0.891152 -0.659611 -0.559108 0.544588 0.982023 0.088054 -0.398082 0.445184 -1.147444 0.990407 -0.155722 0.039860 0.051008 -0.034491 0.683371 1.000240 0.135831 0.689019 -0.955622 -0.660503 -0.207248 0.232122 -1.262578 -0.875165 0.918052 1.166315 -0.678522 -0.002533 0.083953
-0.928146 0.539194 0.156151 -0.864229 -0.668148 -0.111597 -0.238021 -0.257567 0.295705 0.227969 0.347556 -0.626033 0.023332 0.454795 -0.043467 -0.081367 1.481107 0.786174 -0.960533 -0.127820 -0.331391 0.380831 0.484387 1.274636 0.066485 -0.137702 0.147780 0.387041 0.267007 0.338525 -0.673911 -0.306461
0.029170 0.702177 0.699822 0.564646 -1.394263 0.082231 0.537665 -0.641773 0.787683 -0.300114 0.298786 -0.027039 0.008903 0.910300 0.189138 0.854201 0.306473 -0.658824 -0.789534 0.369852 -0.080197 -1.130661 0.188063 -1.032881 -0.456044 -0.170170 -0.748555 -1.047263 -0.075154 0.368759 -0.150456 -0.759437
-0.116561 1.128245 -0.194472 -0.202656 -1.267099 -0.410599 -1.031236 -0.417072 -0.037827 0.140345 0.313892 0.626658 0.790316 1.029906 0.476515 0.979129 0.492069 0.120220 -0.220270 -0.082222 -0.206607 -0.185280 0.420012 0.570426 0.059675 0.795022 0.706591 -0.503557 -0.647535 0.172933 0.445750 1.268015
0.431919 0.462092 -0.812754 0.421533 0.414608 0.020258 0.161494 -0.474606 -1.566635 -0.030530 -0.226213 0.215906 1.262285 -0.176875 0.597429 0.240969 -0.821849 1.630361 -0.554245 -0.228184 0.316078 0.414922 -0.603822 0.370730 0.099071 -1.389323 0.021871 0.352456 -0.717656 -0.067399 0.711052 0.536279
1.475341 0.469814 0.518994 0.006999 0.183910 -0.299334 0.034646 0.554212 0.184146 0.290646 -0.481921 0.367638 0.071293 -0.296483 0.406272 0.960828 -0.812384 -0.447498 0.312676 -0.308287 0.675088 -0.653540 -1.156975 -1.623384 -1.061943 0.447444 -0.788039 -0.185509 -0.387071 -0.295843 -0.601185 -0.016358
-1.135929 0.875729 0.430221 -0.014983 0.009733 0.595176 -0.660777 0.560465 -0.286051 -0.730424 0.551364 0.285269 0.058728 0.972348 -0.845967 -0.066245 1.165567 -0.423232 0.075656 -0.487870 -0.257658 -0.510389 0.919620 0.289493 -0.244924 0.573781 -0.941523 -0.177142 0.065013 0.313588 1.235607 0.001116
-0.126727 0.596032 -0.746402 0.392995 0.090206 -0.229816 0.355488 0.302117 0.940429 0.820463 0.603773 -1.330820 0.632069 0.380781 0.527377 -0.632759 -1.057699 -0.356058 0.681484 0.638203 -0.521403 0.141574 0.889868 -0.240727 0.959490 0.468928 -0.124045 0.643861 -1.149299 -0.740037 -0.227624 -0.776692
0.143578 0.049222 -0.998482 0.152807 0.536888 -0.825505 -0.757968 -0.000531 0.416425 -0.386870 -0.055967 -0.443861 0.752816 0.339419 0.387299 0.516881 -0.705291 -0.399434 -0.817470 0.281077 -0.770982 -0.331683 0.005142 -0.104347 -0.539435 -0.032570 0.066640 0.070655 -0.076090 -0.731415 1.538568 -0.781334
0.686136 0.521094 -0.233332 0.849542 -0.016771 0.021653 0.824503 0.658838 0.170789 -0.143900 0.359618 -0.583259 -0.092710 0.135565 -0.285122 0.964628 -0.080201 0.115763 0.309806 -0.351413 0.288917 0.647179 -0.268465 -0.318890 1.037551 0.084850 -0.231584 0.686388 0.090018 0.423066 0.090452 -0.208352
0.697972 0.413241 0.790668 -0.274440 -1.302684 -0.939830 0.953430 0.099035 -0.423596 0.576154 0.597307 -0.263750 0.215310 -0.179374 0.158879 0.649311 -0.002291 0.578282 -0.144164 0.042366 -0.547190 -1.536296 -0.106303 -0.324542 -0.067343 -0.581796 0.194332 0.632179 0.077684 0.026446 -0.225659 0.511322
0.510956 -0.491621 0.632773 0.412563 -0.783793 -1.005272 0.163077 0.478287 0.335926 0.039287 0.186051 -0.736679 0.838306 -0.132917 0.300994 -1.606932 0.341804 0.714342 0.013214 0.459232 0.015058 -0.732148 -0.266667 0.302556 0.698055 -0.178366 -0.040078 0.163010 0.876051 -0.797244 -0.390862 0.237036
0.447796 0.970929 1.218547 -0.120899 -2.233151 -0.239013 0.206260 0.112957 0.485949 -0.520940 0.242599 0.033687 -0.791692 0.352898 -0.276055 -0.273600 0.316586 -0.630690 -0.401562 -0.484636 -0.414317 0.624121 0.453984 -0.171903 0.576073 0.970030 0.160629 -0.143904 0.951506 0.573077 -0.036734 -0.544632
-0.030569 -1.252285 0.664051 1.078530 -0.435896 -0.005329 0.449747 -1.172455 -0.522464 -0.809039 -0.159190 -0.034910 0.045812 -0.126059 0.440416 0.306196 -0.304443 0.206841 -0.452408 -0.223578 0.538257 -0.540737 0.154311 -0.464676 0.350367 -0.828949 1.070203 -0.584000 -0.227807 -0.307707 -0.210777 0.392447
-0.337986 0.286773 -0.520915 -0.995574 -1.085898 -0.035078 -0.440104 -0.196263 0.107597 0.973655 -0.329141 0.015267 0.109812 -0.089895 -0.005291 -0.461246 -0.884836 -1.002797 -0.433701 -0.640579 -1.330148 0.024555 0.216113 0.235884 0.072901 0.086237 0.871150 0.133969 -1.336942 -0.301386 -0.007743 0.096139
-0.692088 0.075414 -0.142943 1.575480 -0.593708 -0.817717 0.444483 -0.324389 0.265219 -0.728904 0.296128 -0.521317 0.266011 0.395059 0.560089 0.140251 -0.469205 -0.116989 0.112018 0.660515 1.264469 -0.010207 -0.430468 -0.399283 1.022080 -0.483156 0.160814 -0.213558 0.429382 -0.461634 0.287262 0.479325
-0.988878 0.922283 -0.435248 0.136672 0.197106 0.845974 0.356846 -0.271176 0.147032 -0.938984 -0.485912 0.330164 0.560167 -0.572952 0.084602 -0.277857 -0.699391 0.102237 -0.458095 0.457422 -0.026666 0.815551 0.720023 -0.365565 1.258430 0.439778 0.185695 -0.525273 -0.151409 0.332510 1.083988 0.072939
1.052040 0.043539 0.011935 1.137316 -0.042496 0.009508 1.107238 0.020404 0.525817 -0.147218 0.499960 0.531364 0.224366 0.883093 0.416033 -0.239243 0.143539 -0.293804 0.057473 -0.617782 0.228491 0.133122 -0.068658 -0.331109 0.216723 0.179571 0.907833 1.191135 0.525420 1.004078 0.544762 0.216405
0.471709 -0.142754 -0.840437 -0.688044 0.559442 0.319491 -0.656088 -0.213386 0.694244 0.688666 -0.036064 -0.105545 -0.189553 -0.077117 0.049779 -1.957977 -0.344170 0.504728 -0.199325 -0.349753 -1.142939 -0.329620 0.588968 0.276962 -0.518030 -0.026841 0.038383 0.133045 -0.854535 -0.535756 -0.343091 0.387558
0.135852 0.518103 0.451438 -0.884811 -0.749324 0.775811 -0.045737 -0.212595 -0.274661 -0.101674 -0.963246 1.121678 -0.847487 0.225792 -0.207846 0.456824 -0.019120 0.126157 -0.119352 0.936745 0.554899 -0.333235 0.581101 0.076222 0.759586 -0.171894 1.145601 -0.552845 -0.654695 -0.151240 -0.819141 0.043548
-0.643998 0.016409 -0.605188 1.278910 0.559359 0.220131 0.286208 -0.305556 -0.115074 -1.378345 0.247386 0.012285 0.031268 -0.493184 0.394450 1.454806 -0.243999 0.450252 1.162147 0.317053 1.176041 -0.047770 -0.049306 -0.675519 -0.048781 -0.604399 0.535299 0.385687 0.403020 -0.236375 0.190711 0.611531
-0.185499 -0.524346 0.383906 -0.060279 0.515511 0.140717 0.615634 0.766777 -0.546172 -0.605697 -0.028451 -0.681930 -0.128065 0.097472 -0.137734 -0.085723 0.431246 0.202013 0.408310 -0.175111 0.604846 -0.066701 -0.275083 -0.238533 -0.085078 -0.995963 -0.995234 0.065692 0.055478 -0.391439 -0.020295 -1.089160
0.048075 -0.377852 0.626571 -0.331218 -0.203961 0.337283 -0.717543 -0.380886 -0.099027 0.602236 1.265700 -0.384140 -1.176329 -0.042569 -0.176550 -0.240087 0.125051 -0.235407 1.064804 -0.070019 -1.208472 0.996052 0.142682 -0.056776 0.738810 0.545552 0.769668 -0.265133 0.077921 -0.028565 -1.171232 0.361055
0.240835 -0.733957 -0.640371 -0.042562 1.090419 -0.180764 0.146071 -0.064650 -0.229072 0.246239 -0.070746 0.312736 -0.376520 -0.802372 -0.219169 -2.178589 -0.488555 0.426565 0.221108 -0.179974 -1.179693 -0.063785 -0.721873 0.684010 -0.269996 -0.131273 0.277254 0.892418 -0.681563 0.201679 -0.713518 1.309541
0.060778 0.477387 0.806355 -0.489168 0.503299 -0.134449 -0.113123 0.724981 -0.230622 0.352436 0.451973 0.025555 -0.336523 0.118010 0.010229 1.439971 -0.699127 0.357702 0.908070 0.079209 -0.268257 -1.133768 -0.573109 -0.917201 -0.375437 0.711455 -1.431320 0.267951 -0.339692 0.195963 -0.031659 -0.964335
-0.017083 -0.596378 -0.691844 0.296846 -0.066898 0.253644 -1.110432 0.323864 -0.601757 0.603564 -0.428221 0.026333 -0.201117 -0.262874 0.393384 -1.061483 -0.672080 0.918499 -0.222957 0.032204 0.043813 0.131231 -0.126436 0.934857 -0.029740 0.048861 0.618585 0.531402 -0.217909 -0.521556 -1.209853 1.165178
0.442149 -0.791806 -0.899132 0.786501 0.662093 -0.064439 -0.820609 0.477464 -0.760892 -0.410158 0.662090 0.007662 0.292406 -0.217629 0.538641 0.348268 -0.151875 0.385062 -0.093463 -0.203742 0.997213 -0.553501 -0.544652 -0.553167 -0.771865 -0.520284 -0.554241 0.521554 0.151983 0.181981 0.050167 0.502837
0.248144 -0.274741 0.038483 0.235386 -0.806634 -0.108783 -0.274354 0.269309 -0.681761 0.784843 0.214651 0.564431 -0.665863 -0.398479 -0.057373 -1.994610 0.437927 0.654600 -1.162768 0.147016 -0.689750 0.158364 0.730639 0.529196 0.418923 -0.404669 0.942434 0.314802 -0.567258 0.018508 -0.692112 0.989470
-0.051287 0.563555 0.957193 -0.369007 -0.594292 0.046306 0.035506 -0.494068 0.354447 -0.279822 -0.249896 -0.101491 0.786144 -0.028140 0.380038 0.379720 -0.180744 -0.195135 -0.590006 -0.528295 -0.710372 -0.435991 -0.530286 0.689943 -0.146258 -0.227026 -0.785595 -0.039167 -0.510258 0.408766 0.787610 -0.841050
-0.639217 -1.041036 0.317105 0.664467 0.527824 0.547735 0.876985 -0.508476 1.202634 -0.720856 -0.469337 0.199555 -0.704679 0.135396 0.533782 -0.567032 -0.011813 -0.430286 -0.084750 -0.278083 -0.016815 -0.789588 -0.302689 -1.010083 -0.293431 -0.510572 0.075023 0.192148 0.757911 -0.319418 -0.302275 -0.341610
-0.251190 0.363932 -0.179184 0.362629 -0.357322 0.126257 -0.138942 -0.264389 1.006334 -0.646359 0.307847 0.312344 -0.376370 0.076425 0.147113 -0.264340 -0.320268 -0.753161 0.567659 0.071714 1.058665 0.092957 -0.074923 -0.734650 0.139234 1.719419 -0.983012 0.108856 0.958594 0.644818 -0.716968 -0.215747
0.497490 0.190689 0.064817 0.770308 0.206475 0.210500 0.675591 1.101498 -0.669142 0.191708 -0.273678 -0.551879 0.310297 0.265517 -0.583793 0.441550 0.177758 -0.169073 1.157230 0.035528 0.589444 0.361561 -0.605639 0.167026 -0.132510 -0.840254 -0.531931 0.738628 0.461668 0.426344 -0.645174 0.337979
0.359612 -0.846630 -0.967256 0.330888 0.730496 0.373570 -0.000154 -0.114381 -0.616854 0.201369 0.544462 -0.421940 -0.339708 -0.098068 -0.183598 -0.181711 0.215404 0.831742 0.059609 -0.179664 -0.767805 0.112375 -0.521588 0.401467 0.057620 -0.202743 -0.072783 1.330750 0.199148 1.388331 -0.325464 0.271898
-0.036384 -0.500167 -0.757107 0.503132 0.265192 0.300139 0.852065 -2.112259 -0.711436 -0.134449 -0.745141 0.286972 -0.480313 -0.018280 0.276030 -0.571670 0.368719 -0.061300 0.037760 -0.326799 -0.587981 -0.079439 -0.676699 -0.243647 -0.033313 0.242459 0.685977 -0.388666 0.603960 0.238714 -0.480923 1.187575
-0.339457 -0.215588 0.097957 0.043808 0.513957 0.518157 0.808048 -0.872942 -1.016265 -0.461319 -0.649089 0.571282 -1.331886 0.257000 -0.661992 -0.808438 0.570153 -0.214896 -0.248358 -0.495898 -0.355589 0.741229 -0.231576 -0.496905 0.150386 -0.157041 0.790823 -0.004355 0.416105 0.980244 -0.084512 0.584399
-0.745364 -0.888242 -0.072769 0.186490 -0.477357 -0.651351 -0.106545 0.122233 0.253944 -0.677512 0.783210 -0.995429 -1.723623 -0.192594 0.275377 -0.381440 0.323719 -1.331931 0.870988 0.532515 0.415893 0.611859 -0.351869 0.393925 0.331874 -0.977342 0.318910 -0.117899 0.795295 -0.707727 0.424524 -0.613409
-0.165578 -0.250759 -0.706172 0.080405 0.312476 -0.391993 0.564914 0.189864 -0.969724 0.061737 -0.690223 0.303235 0.881114 -0.137332 -0.047015 -0.450099 -1.236583 -0.332168 -0.073238 -0.059888 1.197556 -0.953083 -0.363548 0.934946 0.854882 -0.767867 0.295154 -0.242405 -0.542771 -1.345995 -0.346765 0.151175
0.408749 0.511192 -0.364324 1.278692 -0.359924 -0.357496 -1.390985 -0.094521 0.072753 0.496681 1.228448 -0.210050 0.841117 -0.040754 0.189906 0.655908 -0.197572 -0.142011 -0.024283 -0.587591 0.125053 -0.393142 0.162975 -0.111260 -0.338184 -0.423765 -0.292315 0.539339 -0.484643 -0.393970 0.389841 -0.051124
0.253753 -0.571432 0.734845 -0.002973 -0.989233 0.051797 -0.128581 0.399381 -0.362853 0.947375 1.286671 -0.111843 -0.036768 0.316329 0.201430 -0.969900 0.338066 0.187175 -0.189605 -0.383143 -1.652580 0.613060 0.402285 0.278878 0.158875 -0.791038 0.326833 0.186754 -0.241200 0.869429 -0.573649 0.077943
0.710056 0.043951 0.680127 -0.048581 -0.304051 -0.528172 0.550139 0.122449 -0.411728 -0.404695 0.290302 0.169800 0.679968 0.282587 0.608918 1.033747 -0.348643 0.696285 -0.373599 0.079778 0.204431 0.168073 -0.230507 -0.232726 0.968384 -0.935373 -0.624538 0.355696 0.020639 -0.387321 0.042564 0.063626
-0.772648 1.583880 -0.924460 0.436869 -0.039788 0.608347 0.874002 -0.626554 0.051435 0.293460 -0.266825 0.045547 0.252621 1.120229 -1.793702 -0.317955 -1.179354 -0.480986 -0.348545 0.430471 -0.130088 -0.487731 0.793255 -0.399898 0.291360 0.014735 0.135645 -0.499899 0.026405 -0.507860 0.138620 -0.235585
0.345189 -0.470153 -0.315748 0.651101 -0.332651 -1.581297 0.183922 -0.184962 0.161956 -0.262921 0.752390 -1.030128 0.710279 -0.159633 0.238319 0.727406 -0.400602 0.106805 0.109921 -0.037706 0.629497 0.202243 -0.557060 -0.632006 0.940302 -0.617888 0.156239 0.197879 -0.462133 -1.082529 0.024862 0.317539
-0.037714 0.142272 -0.333316 0.243037 0.389790 0.501236 0.187609 -1.644220 0.376009 0.586499 -0.999961 -0.525504 -0.157465 0.720897 0.767553 -0.427142 -0.517602 -0.954011 0.397604 1.138853 -0.269074 -1.194019 -0.226227 -0.136522 -0.862157 0.046746 -0.020707 0.132509 -0.821714 0.224792 -0.237099 -0.360246
-0.303306 0.571101 0.463112 0.127356 -0.775705 0.197052 -0.405146 -0.078003 0.037379 0.021538 0.522394 0.801062 -0.641493 0.374936 -0.922155 -0.573406 0.782185 -1.284735 -0.772246 -0.986578 -1.026712 0.296998 0.954392 0.066059 0.732845 0.553865 0.565280 -0.557547 -0.335004 0.258385 0.092972 -0.482238
-0.449732 0.992428 0.620066 0.335407 -0.851981 0.481058 0.250937 -0.544389 0.677513 -0.058529 0.485007 -0.658968 -0.362180 1.353609 -0.517267 -0.107871 -0.272269 -1.227727 1.106385 0.071589 0.161692 -0.393346 -0.657622 -0.377928 -0.031302 -0.122813 -0.821408 -0.241517 0.117171 0.713583 0.543758 -0.636623
0.619791 0.102366 0.334645 -0.615221 -0.088779 0.019657 0.719629 1.514627 -0.619640 0.533601 0.249601 0.077719 0.514099 0.448939 -0.209692 0.138372 0.123493 0.546718 -0.155748 0.222678 -0.081956 -0.751112 0.183802 -0.086051 0.362162 -0.451489 -1.188866 0.432595 -0.646241 0.386488 -0.265829 -0.036523
0.471804 -1.063032 -1.071230 0.380067 1.789842 -0.274452 -0.348704 -0.120860 -0.623066 -0.084213 0.487293 -0.392246 -0.303570 0.103582 0.439820 0.270780 0.270180 0.675978 0.293787 -0.767074 0.012259 -0.104317 -0.506380 0.323326 -0.889011 -0.086524 -0.364976 1.023004 -0.296336 0.256882 0.091121 0.161055
-0.604220 0.576163 0.117880 -1.177937 -1.035994 -0.339868 -1.306354 0.501897 0.815805 0.337668 0.189976 -0.339898 0.993835 -0.354442 0.021332 0.448606 -0.021861 -0.602196 0.338375 0.744288 0.570332 -0.204613 0.468554 1.050606 -0.281195 0.083636 0.366777 -0.148503 -0.873538 0.022160 1.117759 0.207838
-1.026729 -0.395185 -0.275739 0.104266 0.735042 -0.177209 -0.806907 0.421761 -0.139181 -0.425275 -0.142021 -0.149285 -0.624801 0.015618 -0.145334 0.894780 0.509102 -0.679287 0.432197 0.558233 0.845111 1.129905 0.894650 0.889798 -0.173794 0.237196 0.422489 -0.708595 0.042121 -0.131005 1.334347 -0.258343
0.262251 -0.988521 -0.334250 -0.158825 -0.727449 -0.215374 -0.086748 0.721600 -0.085554 0.514531 0.733061 -0.880559 -0.513678 0.005717 0.554438 -0.710836 0.768138 0.871374 0.262651 -0.309370 -0.269646 0.503207 0.023061 0.162547 0.662814 -1.085439 -0.812699 -0.320871 0.233307 -0.159082 -1.020234 -0.640276
0.994811 -0.344206 -0.458919 1.315473 0.180996 -0.818299 0.769213 -0.599488 -0.723118 0.160670 1.098347 -1.290201 -0.170824 0.057308 -0.529156 0.071543 0.065362 0.147978 -0.236729 -0.605326 0.155235 0.352103 0.092528 -0.142803 0.301570 -0.715314 -0.077512 0.303632 -0.896483 1.064834 0.332401 -0.661755
-0.512182 -0.171803 0.216324 -0.542057 0.138562 0.956008 -0.588705 0.070633 -0.198440 0.346013 -1.613364 -0.235241 -0.543666 -0.137995 -0.437924 0.376231 0.977106 -0.429463 -0.053247 0.741951 0.944311 0.402103 0.848430 0.848388 -1.053597 0.606970 -0.378350 -0.121021 0.431471 0.444590 0.746150 -0.268950
0.269332 -0.607900 -0.285560 0.469579 -0.518085 -1.149234 -1.144779 0.453430 -0.186220 0.279734 1.002089 -0.607321 0.623431 0.413963 0.507632 -0.106214 -0.045216 0.011355 0.196433 -0.182442 -0.124569 -0.141821 -0.197904 0.000859 -0.019132 -0.019120 0.078013 0.351134 -1.033511 -1.558060 -0.558318 -0.172137
0.246299 -0.219076 -0.761648 0.473953 0.839041 -0.934542 -0.535359 0.262652 -0.978445 -0.042041 0.322407 -0.840252 -0.531336 -0.183514 0.422891 -0.023777 -0.105261 0.147211 0.179163 -0.524646 -0.393441 -0.147550 -0.245548 -0.492827 -0.605144 -1.448411 0.515124 0.129945 -0.143621 -0.346252 -0.130386 0.237619
-1.005017 -0.536847 -0.433225 0.429790 0.107753 -0.293811 -0.230966 -0.843776 0.153505 -0.596517 0.660593 0.098386 -0.018580 -0.199870 0.294052 -0.849794 0.400112 -0.164226 -0.586514 -0.400425 -0.316682 0.960303 -0.265233 0.203689 0.139749 -0.211917 0.861782 -0.367281 -0.544843 -0.349476 -0.093280 -0.022518
-0.446593 0.623203 0.413785 -0.847641 -0.549636 0.024162 0.358480 1.548533 -0.573181 -0.744747 -0.892482 -0.216247 0.677514 -0.437522 -0.292760 0.662162 0.516671 -0.246147 -0.012762 1.103670 -0.175225 0.343179 0.175974 0.129176 0.051763 -0.749248 -0.278132 -0.304031 0.033041 0.648800 0.485525 -0.687889
0.452383 0.830518 0.251704 0.751230 0.110895 -0.742812 -0.472389 0.058004 0.364273 0.174807 1.123915 0.258056 -0.670122 1.264352 0.530721 0.316186 0.363491 0.710020 -0.198392 -0.244092 -0.235494 0.629474 -0.200192 0.331136 0.440942 1.397614 0.559770 0.914128 -0.431107 0.284011 -0.107289 0.513539
-0.084356 0.043030 0.834698 -0.062025 -0.251692 -0.132310 0.009096 0.358149 -0.710286 -1.194626 0.048745 -0.054398 0.368549 0.110278 0.561169 1.093742 0.585913 1.024857 -0.106865 0.387380 0.857554 0.454124 0.102312 0.060973 -0.049533 -1.444104 -0.460240 0.623814 0.949990 0.451261 0.579917 -0.039011
-0.359969 -0.225526 -0.220372 0.162220 -0.279395 0.328132 -0.577460 0.381795 0.011434 0.220048 0.460144 -0.852991 -0.055166 -0.478204 0.305294 0.515075 0.565456 -0.094625 0.723159 -0.957754 -0.504949 0.473719 -0.012718 0.571227 -0.273689 -0.315801 -0.385447 1.113682 0.761376 0.061259 -0.296476 0.326343
1.056365 0.208417 0.371055 0.065907 0.300584 0.712425 0.031081 -0.503310 -0.233000 -0.009507 -0.551830 -0.029461 -0.254185 0.323195 0.293179 0.082918 -1.136669 -0.320375 -0.048053 0.156762 -0.543510 -0.355958 -0.000825 -0.608251 -1.214911 0.097578 0.537353 -1.161511 -0.585441 -0.362520 -0.728539 0.678460
-1.061160 -0.267509 -0.246540 -0.417557 0.682860 0.565567 0.587140 0.195954 -1.680719 -0.275982 -0.429100 0.124705 0.658243 -0.380458 -1.436385 -0.536650 -1.343300 0.290541 -0.483521 0.350258 -0.049399 -0.438956 -0.421697 -0.296506 0.812176 -0.614799 0.209119 -0.660475 -0.840997 0.411486 -0.257712 0.066544
-0.405402 0.410457 -0.114065 1.217302 -0.259385 0.384038 0.578153 0.099556 0.797830 -0.790839 0.626004 0.820577 -0.477455 1.105455 0.012209 0.581206 -0.175446 -0.702972 0.429383 -0.079703 0.660076 -0.867225 -0.799085 -0.335453 -0.093399 0.940285 -0.371861 0.449474 0.391766 0.186776 -0.927818 0.658231
-0.769811 -0.223357 -0.472192 0.016655 -0.648688 -0.058647 -0.419266 -0.343172 0.032582 -0.618772 0.702038 -0.611537 -0.406973 -0.823754 0.565387 -0.061301 0.082104 -1.008995 1.103398 0.432378 0.892005 0.636798 0.332128 0.217174 0.166228 -0.743999 -0.121619 -0.640468 0.902612 -0.662174 0.876615 0.372684
-0.305237 -0.235184 0.073450 -1.014227 0.648356 0.004812 -0.638450 0.457449 -0.226625 1.011511 -0.915909 -0.241384 -0.307672 -0.611137 -0.850291 -0.179582 -0.812429 -0.009751 -1.016749 -0.113293 -0.827671 -0.292388 0.354600 0.154641 -0.056371 -0.249268 -0.137801 -0.200338 0.054071 0.240184 -0.303007 -0.837168
1.114917 0.116676 0.010899 0.677207 -0.306883 0.251527 0.780899 -0.103659 -0.467698 0.350761 -0.112270 0.734938 -0.414842 0.431155 0.251190 0.647271 0.789075 0.402605 0.152043 -0.861792 -0.616875 -0.326765 0.113123 -0.838226 -0.204572 0.537996 -0.436123 -0.066109 0.485508 0.651049 -0.269410 0.029696
-0.587178 -0.005101 0.602682 -0.578206 -0.175877 0.466377 0.937950 0.357701 -0.219092 -0.753444 -1.354292 0.604434 0.444670 -0.248166 -0.213486 0.133331 -0.284745 0.387686 -0.745216 0.534447 0.336884 0.374099 0.398549 -0.041826 0.430215 0.425204 0.391468 -0.507230 -0.575203 0.697454 0.794742 0.437305
0.936883 0.128068 0.418336 0.298383 0.247446 -0.761886 0.150048 -0.810129 0.115850 0.579023 0.454928 -0.132343 -0.339308 0.030199 0.287388 -0.635350 0.320803 -0.162319 0.507135 0.285628 -0.208224 -0.722783 -0.164868 0.208531 -0.606895 0.301785 -0.343974 1.451009 0.155552 -0.290977 -1.046738 0.256372
-0.902714 -0.740034 -0.761790 -0.129309 0.135875 -0.302854 -0.692943 0.458814 -0.905840 -0.109171 -0.317312 -0.469083 -0.552407 -0.913579 0.249441 0.008791 0.507001 0.389068 0.460007 -0.062231 0.307448 -1.283567 -0.763573 1.054323 -0.325902 -0.039918 0.157293 0.347325 0.799784 -0.820061 -0.470114 0.922559
-0.693146 0.004811 -0.125073 0.728782 0.014752 -0.162385 -0.181248 0.113285 0.987291 -1.569810 0.488001 -0.509974 0.467306 1.488124 0.369027 -0.037849 0.235602 -0.096132 -0.407703 0.452638 0.642482 -0.704549 -0.067238 0.020897 0.662066 0.803227 -0.140525 0.518162 0.905910 -0.620227 0.597122 0.587599
-0.117325 -0.154515 -0.351972 0.107110 -0.144222 -0.855599 0.151209 -0.262100 1.667789 0.236363 -0.235842 -0.581971 0.561176 -0.394898 0.556727 -0.581996 -1.186213 -0.528167 -0.428451 -0.003259 -0.431963 -0.044185 0.198430 0.421451 0.581173 0.601376 -0.599157 0.196558 -0.082167 -1.282436 -0.200769 -0.633165
-1.315518 0.619307 0.340255 -0.693261 -0.333590 0.689722 -0.426587 0.276365 0.282515 -0.314687 -0.609072 0.600537 -0.251810 0.732633 -0.931546 0.240879 -0.384394 -1.080304 -0.469253 0.193159 0.900158 0.023729 1.122038 -0.161409 0.323824 1.197193 0.530435 -0.263728 0.582311 0.438032 0.554586 -0.063182
-0.347851 -0.274571 -0.460531 0.129411 0.512314 0.383152 0.025117 -0.491139 -0.588075 -0.795051 -0.205987 0.527660 -0.921771 0.708126 0.504292 -0.214260 0.979662 0.815381 -0.340531 -0.975014 -0.014076 0.405751 -0.023589 0.452268 -0.751567 0.381601 0.475214 0.375981 -0.044258 0.353516 -0.257479 0.900661
-0.160115 -0.046707 -0.379444 0.088097 -0.511016 0.088235 -0.430667 0.266359 0.731923 -0.818151 0.743798 0.075527 0.002971 0.301432 0.307729 -0.401739 0.490736 -0.842124 0.672409 0.129017 0.774833 -0.060246 -0.488660 -0.042208 -0.191847 0.349241 0.173683 -0.065146 0.428973 0.812171 0.726256 -0.089769
-0.110165 -0.563078 -0.587134 0.810527 0.241523 -0.388562 -0.585213 0.443699 -0.466378 0.162863 0.460406 0.112054 0.603330 0.207892 0.043178 0.260217 0.008706 0.655463 -0.242045 -0.968659 0.651228 -0.782350 -0.414716 0.416972 0.061954 -0.937264 0.390220 0.164458 -0.322438 -0.553457 0.245543 -0.630542
0.512041 -0.366460 -0.002047 1.021661 -0.132570 -0.330123 1.183260 0.438821 -0.549217 -0.938719 -0.241710 0.404190 -0.663863 -0.368059 -0.969642 -0.575128 -0.035706 -0.008785 0.450664 -0.604481 0.178737 -0.526246 -0.270999 -0.015115 0.560500 0.238663 0.478128 0.689030 1.272797 -0.055176 -0.327469 0.551872
0.574375 -0.160660 0.125170 -0.431127 -0.164757 -0.415222 -0.557480 0.288259 -0.495391 0.561134 0.465101 -1.448861 0.235598 -0.268221 -0.747238 0.292565 -0.009699 0.041387 0.319593 -1.337779 -0.665613 0.805408 -0.504551 1.058271 -0.493240 -0.401382 -0.479770 0.115807 -0.173208 0.813834 0.726453 0.500712
-0.209662 -0.167045 -0.483002 0.288352 0.201696 -0.004001 0.690076 -0.231623 0.237946 0.425600 0.475263 -0.494582 -0.019209 -0.371659 -0.407201 -0.722650 -0.494120 0.891561 0.584499 0.132793 -0.675069 0.722299 0.384777 -0.760231 0.178922 -0.876151 0.151346 0.281124 -0.291179 -0.601650 -1.228436 -0.787216
-0.919751 -0.702309 -0.946719 0.607332 0.323934 -0.213391 -0.682719 0.224200 -0.010072 -0.740117 0.202597 0.589867 0.935934 0.513265 -0.333357 -0.595212 -0.170518 -0.198576 0.266877 -0.041787 0.041479 -0.751661 -0.820840 0.456031 -0.420549 0.442306 -0.285429 1.224229 -0.099856 -0.103398 1.082264 0.798684
-0.203729 0.200323 1.061093 0.240180 -0.696697 0.581914 -0.138924 -0.968291 -0.092303 -0.541635 -0.911514 -0.687588 -1.423515 0.914201 0.502460 -0.334614 0.373061 -0.306318 -0.332629 0.497344 0.290896 0.301856 0.522319 -0.279390 0.272077 -0.438627 0.914377 -0.823450 0.425001 -0.159204 -0.631352 0.545549
0.313407 0.505043 -0.157994 0.081032 0.331347 0.551398 1.014306 0.803849 -0.378965 -0.948560 -0.432655 0.824140 0.094589 -0.208586 -1.541169 -0.261870 0.071812 0.377534 1.055588 0.433472 -0.112272 -0.077941 0.383400 -0.290361 0.277567 -0.475141 0.303192 0.630085 0.310957 0.807069 0.141747 -0.883373
-0.099815 -0.450681 -0.198574 0.579120 0.486329 -0.010516 0.619385 0.128942 0.166114 -0.511367 0.000182 0.462454 0.661143 0.285805 0.194724 0.266783 -0.459614 0.325970 0.720873 -0.027048 1.213943 -0.755503 -0.051936 -0.740800 0.104919 0.248075 0.043489 0.479256 0.056609 0.302712 -0.817284 0.288974
0.420959 -0.937438 -1.431925 0.237366 1.074922 -0.081637 0.174853 -1.306090 -0.748169 0.637424 -0.501714 0.395953 0.271355 -1.017393 0.207808 0.279338 -0.654222 0.831812 0.778654 -0.095924 -0.557661 0.224927 0.121160 -0.468662 -0.012279 -0.935614 0.624541 -0.262655 -0.557444 -0.418637 -0.806744 0.436705
-0.260437 -1.234434 0.335422 0.176307 -0.267428 0.539060 0.286546 -1.728348 -0.935777 -1.084490 -0.577603 0.050169 0.143422 -0.164566 0.674203 0.107148 0.382627 0.011196 -0.209408 0.737133 0.410916 -0.736032 -0.691907 0.073984 -0.066320 -0.214038 0.803662 -0.240958 0.460620 0.269350 0.272689 0.352194
0.511624 0.250439 0.926586 -0.607294 -0.634961 0.049147 0.535097 -0.058598 0.401134 -0.756121 -0.582914 0.978839 0.110392 0.443283 -0.063260 0.092145 1.016033 -0.194967 -1.231655 -0.664038 -0.183718 0.756039 0.748584 0.631072 1.538045 -0.443746 0.341424 0.406765 0.614705 0.203104 0.358704 -0.757279
-1.155746 -0.410922 -0.552869 -0.622912 1.200725 0.519871 -0.462756 0.389700 -1.187415 -0.334470 -0.587756 -0.079724 0.176600 -0.642669 -0.598923 0.807385 0.585502 0.420395 -0.300430 -1.297187 0.406733 0.049959 -0.414754 0.603168 -1.292774 -0.408433 -0.279171 0.118342 0.386888 -0.257666 -0.322718 0.439966
-0.234111 0.147598 0.289808 -0.377075 -0.243231 0.735731 -0.699485 0.189533 -0.140255 0.716754 0.475723 -0.608432 0.225083 0.154077 -0.279034 0.568857 -0.345224 -1.515487 -0.597277 -0.841698 -0.877330 -0.212528 0.033919 -0.189725 -0.162612 -0.210039 0.207025 -0.062966 -1.302904 0.043533 -0.316245 -0.087857
-0.774680 -1.071091 -0.664623 -0.222161 1.125039 0.510429 0.104685 -0.173006 -0.600971 0.092038 -0.489443 -0.327344 -0.268909 -0.476388 0.011568 -0.272002 -0.785793 0.974213 0.673357 0.703080 0.180443 0.948486 -0.008938 0.162671 -0.328361 -1.442200 0.171604 -0.462740 0.047929 -0.084588 -0.328820 -0.296549
0.048926 0.575251 0.462994 0.387718 -0.660037 -0.031471 0.419801 -0.665638 0.327513 -0.326799 0.089956 0.046453 -0.845092 0.571706 -0.190398 -0.644802 1.157252 -0.787118 -0.065566 -0.249569 0.011224 0.489065 0.434687 0.141015 0.790577 0.538753 0.414949 -0.515950 1.340433 0.254961 0.173039 0.058667
0.908337 0.838597 0.463599 1.583566 -1.515907 0.317329 1.077425 -0.337212 0.560382 0.091011 -0.136046 -0.254988 -0.561144 0.872070 -0.895100 0.295710 0.408937 -0.095076 0.096827 -0.029886 0.271815 0.552271 0.304654 -0.565003 1.379555 -0.604389 0.179342 0.498894 0.237019 0.282968 -0.145217 -0.918272
-0.201723 0.599174 0.964028 0.452026 -0.870226 -0.363844 -0.048901 -0.519896 0.216040 -0.305545 0.653978 -0.469144 -1.147265 0.819705 -0.663251 -0.082894 -0.450791 -0.689587 -0.064819 -0.356102 0.661232 -0.064819 0.115239 0.034575 0.738260 1.070115 -0.242134 0.184603 0.844131 -0.175873 0.021667 -0.836861
-0.545200 -0.013210 0.066937 -0.457148 -0.461479 1.102630 0.202279 0.373934 -0.240369 0.447322 -0.434084 0.118834 -0.634989 -0.642201 -1.185558 -0.370357 -0.196256 0.377381 0.423561 -0.110942 -0.292112 0.135669 0.034212 1.335066 -0.730280 0.379093 -0.292986 0.753532 -0.083094 -0.216918 -0.536037 0.867285
-0.759337 0.504657 -0.309584 0.038957 -0.091085 0.581299 0.129731 0.336909 -0.678676 -0.624331 0.201380 -0.367819 -0.352634 0.159396 -1.792106 0.800325 0.487950 -0.303793 -0.000645 -0.946932 0.150425 1.098736 0.502070 -0.594214 0.562736 -0.185162 0.308151 -0.058246 0.978252 0.658594 0.467155 -0.298475
-0.494191 -0.251527 0.098992 -1.097664 -0.033380 0.286313 0.253480 0.656437 0.239201 0.849224 0.307713 -0.105577 1.384307 -0.902881 -0.210700 -0.615481 -0.951804 -0.076679 -0.048969 -0.282897 -0.738636 0.086821 -0.468670 0.089843 0.069634 0.224991 0.085806 -0.326041 -1.306997 -0.352938 0.079754 -0.762188
-0.337148 -0.354832 -0.773436 -0.455265 0.120694 -0.104279 -0.993230 -0.146527 -0.617627 0.264236 -0.318450 0.223230 -0.631109 -0.353726 -0.869431 -1.336036 0.583887 -0.898732 -0.071621 -0.884441 -0.630669 -0.498616 0.592786 0.401987 -0.619100 0.905638 0.283156 0.393410 0.042538 -1.788539 -0.046359 -0.170413
-0.428101 -0.791154 -0.529814 -0.068264 0.133059 -0.535390 -0.051416 0.296356 -0.307011 -0.815501 0.913726 -1.786708 -0.330284 -0.503824 -0.138891 -0.268763 -0.267534 -0.035760 0.355166 0.516673 0.364601 0.308718 -0.201221 -0.144311 0.585508 -0.527102 0.302751 0.918907 0.186889 -0.608516 -0.029676 0.050342
-0.520244 0.620410 -0.172097 -0.286359 -0.652516 -0.100231 -0.690891 0.717263 -0.381815 -0.868905 -0.213360 -0.151393 0.029221 0.295273 -0.519666 1.022693 1.256622 -0.401636 -0.804153 -0.651075 -0.275005 -0.154199 0.812482 -0.078172 0.047600 0.302850 -0.215258 0.593189 0.148216 0.706589 0.782770 -0.749200
-0.128586 0.084966 -0.595355 0.081623 0.020729 -0.700888 0.119769 1.242658 -0.655469 -0.449289 0.730028 -0.261177 0.135300 -0.875858 0.154359 -0.724834 1.305360 -0.210670 -0.235430 -0.897996 -0.195492 -0.791895 -0.878361 0.459012 -0.637272 0.373196 -0.209974 0.662612 1.059538 -0.401893 0.147278 0.321592
0.576923 -1.278355 0.418974 0.496167 1.229734 -0.386770 0.164304 0.171946 -0.552851 -0.491447 -0.428922 -0.966659 -0.520258 -0.692838 0.310520 -0.102834 0.673843 -0.023423 0.093289 -0.288140 -0.300921 -0.238013 -0.496559 -0.043967 -0.430256 -1.764399 0.470994 0.445004 0.977894 0.104507 0.717242 -0.295047
0.225277 -1.259627 0.691266 0.341455 -0.295504 -0.779566 0.056897 0.243198 0.017219 -1.588582 -0.846708 -0.373378 0.097346 0.106028 0.578080 -0.107339 0.027402 0.652608 -0.123927 -0.172350 0.011374 -0.264937 0.114923 0.105692 0.160493 -0.417229 0.087139 -0.056185 1.271804 -0.828021 -0.805358 -0.419152
-0.187195 0.245250 -0.258162 0.099738 0.045041 -0.005433 1.393036 0.949276 -0.028667 -0.322375 0.538775 -0.334968 0.009983 -1.291972 -0.803967 -0.165125 -0.591268 0.475182 0.360677 -0.003403 0.459378 0.223724 -0.674101 -0.932998 0.983219 0.265496 -1.660572 0.337892 0.070845 0.472967 0.315228 -0.934235
0.054537 -0.315004 0.238250 -0.374393 0.273288 -0.846180 0.630679 -0.528022 0.606364 -0.370721 0.131823 0.116022 -0.101689 0.516378 0.033514 -0.218512 -0.894620 -0.359815 0.524740 -0.134211 0.180581 -0.097038 -0.264690 -0.761362 0.798304 1.171531 0.520526 0.086854 0.526362 -1.397270 -0.264912 0.403526
0.161076 -1.075088 -0.203034 0.031789 0.002230 0.591223 0.325494 0.489868 -0.593743 0.450120 -0.317139 -0.373764 -0.534040 0.091834 -0.331363 -0.356643 0.437715 1.335160 -0.278890 0.725943 -0.420285 -0.076208 1.041066 0.474665 0.989102 -0.908798 0.788471 0.863958 -0.152302 0.214615 -0.332133 0.550960
-0.101078 -0.294097 -0.038281 -0.790174 0.844816 0.614756 -0.685340 0.870994 0.050172 0.276416 -0.354181 0.214210 -0.392455 -0.569611 -1.067786 -0.297609 -0.244750 0.337048 0.163927 -0.741566 -0.581948 -0.160084 0.261535 -1.012348 -1.129776 0.663927 -0.130181 -0.152819 -0.475021 -0.095192 -0.356112 -1.293258
0.442111 -0.480157 -0.955023 -0.332265 0.775034 0.527931 0.548650 0.630978 -0.491055 -0.073529 -0.678929 -0.040704 -0.688879 -0.226602 -1.334031 0.427036 -0.176415 -0.188093 0.393271 0.361378 0.741290 0.325575 0.951417 0.456738 0.026657 0.386538 0.259562 0.301649 0.829045 -0.634517 -0.978900 0.806019
-0.334307 1.347268 0.332377 -1.040971 -0.352485 0.892198 0.082448 -0.065985 -0.117375 0.917523 -0.375629 -0.322618 -0.184783 -0.475295 -0.310472 0.232900 0.365186 0.634256 -1.132850 0.725608 -0.029696 0.072312 0.103275 0.605667 -0.064989 -0.136623 -0.649390 -1.326739 -0.561068 0.696836 0.144280 -0.018435
0.621589 0.350549 0.207264 0.038816 -0.264590 -0.829695 0.204173 0.223477 0.749691 0.254221 0.623958 -0.946837 -0.007484 -0.085355 -0.221099 -0.278081 0.096278 -0.190458 0.365279 -0.173985 -0.759254 1.203564 -0.450956 0.257462 0.283399 -0.237446 0.119335 1.406080 0.583351 -0.882470 -0.282969 -0.911223
0.569549 -0.495996 0.650350 0.286037 -0.233501 0.513522 0.289366 0.780259 0.328572 0.178518 -0.123834 0.263099 -0.305739 0.122613 0.793064 -0.107128 0.968279 0.623985 -0.845751 -0.356088 -0.253549 -0.816214 0.105913 1.508399 0.847453 -0.604970 0.932211 0.130704 -0.866615 0.362777 -0.790851 -0.187211
-0.823844 1.168314 0.970650 0.080924 -0.623465 0.101016 -0.090125 -0.274680 0.433621 -0.326770 -0.411132 1.486424 0.696317 0.550096 -0.119310 0.915782 0.618741 0.697328 -0.930696 0.280490 0.757625 0.326932 0.335509 -0.043119 0.417087 0.966269 0.565082 -0.705297 -0.498805 0.498562 0.931242 0.504698
-0.081637 -0.181017 0.346267 1.051130 -0.188710 -0.332818 -0.596353 0.348491 0.386455 -0.557452 0.273587 0.952335 0.767419 0.516518 0.829945 0.462441 0.091525 0.074892 -0.653050 -0.894919 -0.840019 -0.304503 -0.007868 -0.685828 0.630142 0.785214 0.436834 -0.383366 -0.381323 0.319566 0.103980 -0.164698
-0.024649 0.560036 0.055971 -0.823825 -0.144735 0.491753 -0.968864 -0.903033 -0.258205 1.268855 -1.300922 -0.549571 -0.879518 -0.751979 0.213256 0.174182 0.693290 0.439845 0.018791 0.160372 0.330374 0.180302 1.085163 0.890001 -0.309367 0.113568 0.104202 -0.479717 -0.192754 -0.280067 -0.848277 -0.364446
-1.349785 0.196568 -0.081615 -0.074673 -0.505593 -0.538218 0.240058 0.625433 0.022746 0.288659 0.341026 0.713084 -0.093208 -0.411279 -0.999035 -0.880887 -0.216057 -0.775096 -0.047943 0.170383 -0.495396 0.257396 0.337838 0.290928 0.515518 0.523562 0.574482 -0.071177 0.153457 -0.463280 -0.661298 0.004951
-0.055086 0.462416 -0.185526 -1.330676 0.184407 1.202838 -0.662804 -0.273271 0.262443 0.257655 -0.332013 -0.499194 0.069983 0.237949 -0.059173 0.806740 0.670477 -0.518923 -1.358616 0.410795 0.302224 -0.066958 0.619232 1.050717 -0.373020 -0.060088 0.425195 -1.022545 -1.482148 0.158401 0.771739 -0.336044
0.936612 -0.998875 0.045289 0.290707 0.455411 0.465446 0.174134 0.228250 -0.398108 0.826470 -0.135849 -0.961492 -0.811093 -0.521047 -0.774669 0.170360 0.486058 0.015836 0.711277 -1.009118 -0.052974 0.928028 0.061376 0.364255 -0.678432 -0.430053 0.144109 0.122385 0.206403 0.640749 0.000352 -0.074306
0.242005 0.466092 0.236334 -1.594779 -0.515223 1.138199 -0.018590 0.455799 0.049309 0.738874 0.079673 -0.033448 0.133474 0.642087 0.008388 -0.026263 -0.150916 0.836976 -0.739629 -0.004613 -0.791957 0.202675 -0.088084 0.015183 -0.165761 0.131058 -1.053070 -0.718680 -1.383255 0.162572 -0.065957 -0.327215
-0.289899 -0.497641 -1.206783 0.078682 0.102895 -0.205557 -1.030927 0.617016 -0.511831 0.102661 1.378200 -0.307048 0.705996 0.204293 -0.249818 0.352740 -0.086040 -0.079054 -0.160954 0.015469 -0.796648 -0.304526 0.146102 -0.005946 0.665455 0.099941 1.075111 0.318174 -0.385350 -1.553862 0.070367 0.368862
0.307958 0.736332 -0.437049 1.196434 0.105008 -0.631800 -0.971952 -1.115426 -0.116277 -0.885409 -0.095401 1.124961 0.211116 0.521947 1.041448 0.605774 0.249621 -0.313999 -0.641543 -0.429868 0.706512 -0.987033 -0.057710 -0.830634 0.230050 1.262770 0.017989 -0.236746 0.313923 -0.035349 0.596061 0.753057
-0.291162 0.692229 1.203431 -0.390180 -1.127755 0.275851 0.322147 -0.305848 1.047736 -0.534243 0.049242 0.695536 0.194273 0.078545 0.719966 0.272856 0.141073 -0.309454 0.175333 0.705261 0.490291 -0.067412 -0.001159 -0.356240 0.412644 0.141299 -1.099289 -0.034468 -0.363572 0.690492 0.580310 -0.638853
-0.339350 -0.099580 1.384078 -0.174531 -1.309052 0.220844 0.524480 0.207203 0.516894 0.078290 -0.702791 0.439029 -1.264811 0.238398 0.162133 0.106852 -0.016926 -0.113940 -0.189562 0.569938 0.470372 0.541413 0.819954 0.851879 0.773813 -0.496119 0.216653 -0.594958 0.736077 0.891092 0.272012 0.191767
-0.861630 -0.954060 -0.745524 -0.458523 0.696991 0.271938 0.384317 -0.623305 -0.579235 -0.992631 0.204403 0.001389 -0.723323 -0.150151 -0.559108 -0.370585 -0.321736 0.148199 -0.908265 0.170014 -0.464905 1.410504 0.090646 -0.480639 0.514385 -1.156415 -0.279275 -1.041846 0.361458 -0.169775 -0.379933 -0.644730
-1.042303 0.488985 -0.483741 0.164967 0.750171 0.693482 -0.468781 0.401913 -1.409893 -0.816759 -0.023330 0.053837 0.355220 -0.033574 -0.949705 0.520835 -1.120007 -0.357196 -0.496581 0.329377 -0.785281 0.506585 0.770632 -0.692166 0.542428 0.085826 -0.191399 -0.222566 0.261154 0.856364 0.353721 -0.193814
0.242962 -0.192563 0.088180 0.206672 -0.335791 0.429067 -0.646040 -0.941925 0.234118 -0.323423 -0.993755 1.799300 0.249132 -0.110709 1.051417 0.437997 0.701692 -0.437454 -0.205400 -0.672813 -0.698643 0.078347 0.654067 -0.312519 0.338200 0.060585 0.713728 0.321044 0.422224 0.060521 -0.031131 -0.012173
0.653228 0.166076 -0.066508 1.379588 0.692843 0.067951 -0.141173 -0.347240 0.392765 0.166753 -0.949776 1.021380 0.166330 0.190767 0.415324 0.899784 0.288210 0.011661 0.170626 -0.152860 0.857803 -0.478202 -0.366310 -1.103944 -1.300044 0.665947 -0.131568 -0.318948 -0.161154 1.002268 0.074690 0.791820
-0.792221 -0.570582 -0.457055 -0.249379 0.275754 -0.236384 -1.231707 -0.346412 0.090144 -0.744962 0.598538 0.606797 0.097567 -0.053664 0.143415 -0.452275 -0.921795 -0.203602 -0.050347 0.594708 0.397507 0.256959 0.041841 0.003659 0.390596 0.152727 1.715461 -0.357220 -1.131782 -0.334896 0.120377 0.004013
-0.716686 0.485774 -0.178042 0.691192 -0.174411 0.351735 -0.801155 -0.728204 -0.471832 -1.085108 -0.344506 1.562370 0.292891 -0.719448 0.912716 0.192128 0.108343 0.725664 -0.362888 0.347074 1.135713 0.035569 0.129154 -0.208291 -0.030195 0.027568 1.142439 -0.588005 -0.574308 0.006709 0.965038 0.775348
-0.442743 0.537104 -0.305565 0.026201 -0.805086 -0.374660 -0.218475 0.460928 0.137887 0.163320 1.174670 -0.535690 -0.154081 0.660270 -0.553920 0.333887 0.426361 -0.370768 0.811706 -0.541401 -0.577757 -0.629041 -0.352200 -0.311601 -0.270522 0.893313 -0.931042 0.733701 -0.545465 0.354505 0.642673 0.166472
0.130936 0.317962 -0.766236 -0.177455 -0.343785 0.202218 -1.269072 -1.561548 0.490071 0.508592 0.348976 0.157947 -0.115863 0.241432 0.400865 -1.022939 -0.458515 -0.631437 -0.186729 -0.101200 -0.733241 -0.438839 1.217026 -0.180260 -0.035348 0.683724 -0.187104 0.029337 -0.019271 -1.089330 0.078056 -0.205768
-1.098982 0.194927 -0.542399 0.040970 0.544650 -0.691299 -0.480839 -0.456043 -0.609274 -0.298532 -0.329317 0.264977 -0.157109 -0.128447 -0.545256 -0.077836 0.069731 -0.223928 -0.213060 0.823140 1.485378 1.174996 0.796679 0.458149 -0.469525 -0.962106 0.493736 -0.115218 0.423477 -0.104449 0.880350 0.825296
0.417651 -1.141752 0.859353 -0.694390 0.658610 0.477668 -0.291319 -0.000729 0.947695 0.462089 -0.567172 0.683288 1.008049 -0.201326 0.702240 -0.112320 -0.511482 0.879105 -0.883083 -0.218800 0.702500 -0.378316 -0.764379 0.298432 -0.872920 -0.012058 -0.071679 0.283026 -0.633159 -0.227208 -0.026875 -0.630298
0.355632 0.350760 -0.450411 1.035556 0.292153 -1.137191 -0.385191 0.028493 -0.005679 0.084229 0.654518 -0.126065 -0.275340 0.653706 0.011427 1.078916 0.288688 -0.137470 0.470215 -0.622282 -0.121199 0.034129 -0.621271 -0.529072 0.539858 1.081575 0.678321 0.482865 0.541505 -0.112262 0.654415 -0.027101
-0.894290 -0.177355 -0.232136 -0.249072 0.881782 1.056516 0.227754 0.373800 -1.309238 -0.897970 -0.536936 0.227230 -1.268269 -0.039365 -0.398366 -0.092926 -0.088105 0.261728 0.561043 0.261481 0.708785 -0.924116 -0.188752 0.616799 0.127061 -0.226594 0.563102 0.204078 0.207658 0.649146 0.260616 0.824241
-0.479873 0.687200 0.532557 -0.504991 0.336807 0.835503 0.570172 0.208316 0.077509 -1.066358 -0.287908 0.826572 0.070420 0.502123 -0.291289 0.098362 0.759919 -0.347847 0.043710 0.167269 0.555022 0.396924 0.328974 0.225203 0.069789 -0.696081 -0.430463 0.374382 1.032884 1.435833 1.373824 -0.405804
-0.775544 -1.017077 -1.676440 -0.030851 0.863602 0.047988 0.107063 -0.535436 0.214183 -0.709845 0.524355 0.807537 0.272481 -0.624456 -0.230460 0.416458 -0.830085 0.413305 0.314519 -1.262094 0.337854 0.244833 -0.823036 -0.764740 -0.074110 0.076704 0.093370 0.122705 -0.145254 -0.220262 0.913773 -0.328856
-0.016862 -0.384598 -0.094796 0.541140 0.216765 -0.142592 -0.326297 -0.226161 0.680166 -0.078580 -0.851533 0.475068 -0.003867 -0.149834 0.580928 -0.226355 -0.477146 -0.366776 0.971834 0.113445 0.896449 -1.157914 0.060201 -0.189314 -0.522435 0.205994 -0.226953 0.519770 0.878305 -0.693989 0.202738 0.572731
0.537593 0.515989 0.286922 -1.457487 0.064144 0.196448 -0.157934 0.435472 0.003366 1.365559 -0.682633 -0.055058 -0.467278 -1.221031 -1.092333 0.302954 -0.800266 0.610343 -0.649763 0.627015 -0.643644 -0.232908 0.235197 -0.234440 -0.596646 -0.862612 -0.230576 0.135626 -1.019601 0.527140 0.667653 0.126149
-0.264865 -0.424325 -0.316275 -0.234010 1.401828 0.219910 -0.145823 0.495873 -1.676753 -0.384124 0.205586 -0.557219 -0.251320 -0.847824 -0.758406 0.120778 0.463442 0.702368 0.110969 -0.727981 -0.663564 0.325489 0.192359 -0.332357 -1.074189 -0.482596 -0.714173 0.405983 -0.397856 0.434244 0.175190 -0.601575
0.210189 0.267505 0.022086 0.107102 -0.221622 0.067745 -0.434047 -0.110887 1.111485 -0.653609 -0.062226 -0.102311 -0.607244 -0.929855 0.567981 0.047330 -0.023536 -1.826506 0.942067 0.217985 -0.049341 -0.239119 -0.286760 -0.043363 0.015812 0.567728 -0.608553 0.033151 0.876930 0.263333 -0.232006 -0.890178
0.040706 -0.551297 -0.507951 0.264275 -0.618460 -0.564340 0.080031 0.290851 -0.058081 0.080772 0.286391 -1.119821 1.183877 0.413730 0.743894 -0.112801 -1.002146 0.447746 0.203398 0.039782 0.355487 0.035236 -0.500318 -0.687397 0.146988 -0.349683 0.082878 -0.027065 0.039032 -0.987282 -0.662463 0.116801
-1.510661 -0.435947 0.510525 -0.627196 -0.735230 1.645369 -0.127797 0.429515 0.394565 0.284273 -0.644266 1.737122 -0.431615 0.548101 0.065445 -0.429865 0.716670 -0.291736 -0.817139 0.434505 1.372861 -0.489604 0.050858 0.070589 -0.128376 0.394073 -0.414163 0.100868 -0.089221 0.623658 1.015035 0.057129
0.093185 0.287100 -0.747662 0.640170 0.784234 0.253428 0.824204 -1.059357 0.041957 -0.197280 -0.901826 0.768994 0.066300 1.008060 0.206821 0.161479 -0.554302 0.099415 -0.026119 -0.966207 0.537889 -1.243572 0.155673 -1.343537 0.422179 0.249987 -0.195164 -0.409563 -0.137648 -0.741179 -1.016628 -0.500338
-0.081079 -0.083039 -0.511856 -0.337907 0.428842 -0.677684 -0.688248 -0.400225 -0.011417 0.537959 0.038057 -0.539380 0.706392 0.154581 0.385124 -0.771045 -0.913978 0.196304 0.043833 -0.541788 -1.155934 0.009119 -0.159930 0.162866 0.107910 -0.361151 -0.019546 -0.106997 -0.828153 -1.152546 -0.328556 -0.346569
-0.632590 -0.359362 -1.190431 0.231544 0.947129 0.340918 0.162819 -0.208541 -1.856748 0.025831 -0.081834 0.711022 -0.126056 -0.121140 0.239139 0.377266 -0.226184 0.046558 -0.041743 0.177642 0.814892 -0.687913 -0.495757 -0.049793 -0.567825 -0.187941 0.320348 0.339188 -0.124128 -0.131085 -0.163105 1.262123
-0.075198 -0.091931 0.359387 -1.010524 0.335191 1.039389 0.247161 0.332907 0.264686 0.719056 -0.101023 -0.013471 0.070838 -0.154742 -1.013731 0.393842 0.173099 0.615102 0.456170 -0.299070 0.202040 -0.058697 0.370510 -0.324147 -0.379741 0.227598 -0.150125 0.048970 -1.121908 0.444084 -0.127012 0.345337
0.206637 0.057349 -0.635082 0.276597 0.362258 -0.819052 -0.677489 -0.759484 -0.506989 -0.636510 0.172255 0.265978 0.032856 -0.221491 0.494277 1.040478 0.200127 -0.070674 0.071035 -1.095125 -0.177155 -0.214384 -0.808814 -1.709849 -0.164018 0.166352 -0.069307 0.042315 -0.079194 -0.244840 0.298323 -0.873424
-0.223362 0.370997 0.272916 -0.277333 -0.975204 -1.310403 -0.494529 -0.185513 -0.457638 0.250972 0.689936 -0.131713 -0.428016 0.808669 -0.095158 -0.329372 1.279939 -1.021172 -0.052787 -0.863183 -0.239751 0.119518 0.225850 0.183074 -0.733855 0.266232 -0.171613 0.370198 -0.067689 0.041733 -0.409492 -1.221219
-0.571374 -0.218036 0.086858 0.960047 0.256692 0.037698 0.909522 -0.517025 -0.545778 -1.236245 -0.022912 0.662003 -0.671142 -0.326490 0.048513 0.368190 0.104114 0.379024 -0.388998 0.363628 0.145377 0.667847 0.558662 0.352025 1.000239 -0.900601 0.745437 -0.891449 0.816784 0.613817 0.289131 0.670233
-0.898707 0.888846 0.263339 -1.703966 -0.806339 1.305713 0.287944 0.954181 0.040506 0.617640 -0.201460 0.111507 -0.055427 0.011872 -1.345585 -0.135753 -0.717588 0.484952 -0.088200 0.778246 -0.582759 -0.109133 0.107579 0.497706 -0.258958 0.377941 -0.461893 0.349984 -0.789700 0.686814 0.209063 0.135881
-0.165715 -0.256776 0.546217 -0.342154 0.019187 0.059806 -0.229227 -0.020871 -0.401372 0.246173 -0.633391 0.392949 -0.280171 -0.310439 0.081854 0.754267 1.903860 0.747368 -0.420700 -0.697014 0.019608 -0.555275 0.379301 0.225372 -1.374617 0.042179 -0.677346 -0.373586 -0.424516 0.603975 -0.434466 -0.820832
-0.027714 -0.115199 0.645881 -0.399848 -1.186549 -0.595308 0.441092 0.915745 0.190938 0.385342 -0.589158 -0.581560 -0.003441 -0.137491 0.346536 -0.443516 0.340336 -0.378792 0.055656 0.313164 0.090419 -0.371279 0.666165 0.685843 0.498604 -0.369725 -0.802149 0.111271 0.382235 -0.518557 -0.112379 -0.674777
0.096963 0.257618 0.071559 0.217637 -0.946511 0.345070 0.874026 -0.988453 -0.157317 0.688014 -0.431927 0.247984 -0.972369 0.963639 -0.028259 -0.761221 -0.292678 0.252902 0.415854 0.102255 -0.344738 0.417132 0.335887 -0.205847 0.759538 0.313569 0.392234 0.101401 0.441852 0.393093 -1.185680 0.177805
-0.093269 -0.160571 -0.116990 -0.104493 0.832764 0.345673 0.827710 0.280701 -1.033165 0.316239 -1.560705 0.203050 0.293426 0.526066 -0.128165 -0.388731 -0.453510 1.523164 -0.272330 -0.395764 0.002744 0.115237 0.398031 -0.067058 -0.439734 -0.360411 -0.499603 -0.472801 -0.612365 0.771790 -0.283869 -0.409054
-0.759579 0.856430 0.116965 -0.805125 -0.868277 -0.352006 -0.369760 -0.278669 0.481505 0.185199 0.064874 -0.319868 -0.490566 0.432584 -0.126252 0.098019 0.162950 -1.194360 0.193137 1.426460 -0.476693 0.058977 1.239349 0.135404 0.119224 0.641288 0.410682 -0.089597 0.120167 -0.171396 0.409312 -0.484905
-0.165373 0.024521 -0.925124 -0.322438 0.477776 -0.432026 -1.374278 -0.263954 -0.040312 1.021364 0.369359 -0.154604 0.674001 0.015529 0.315851 0.011682 -0.701012 0.429779 -0.591806 -0.154276 -0.617276 -0.051581 0.295553 0.599483 -0.053556 -0.029361 0.853822 -0.023031 -1.296425 -0.677514 -0.488656 -0.529652
-0.435674 -0.302107 -1.515898 -0.400521 0.725839 0.120625 -0.653886 -0.033533 -1.231358 -0.455330 0.266862 -0.051768 0.582807 -0.237680 0.371482 0.850143 -0.151502 0.713940 -0.750958 -0.326043 -0.589277 0.735976 0.082898 -0.122456 -0.035330 -0.631906 0.821752 -1.045251 -0.433832 -0.040051 0.002194 0.283424
-0.565674 -0.171956 0.160024 0.053199 -0.742330 -0.663895 -0.101014 0.365683 0.355865 -0.643609 0.268743 0.128120 0.622593 0.305806 0.044987 0.008367 0.373897 0.899599 -1.289930 -0.942108 -1.005166 -0.111618 -0.290159 0.354248 0.260137 -0.407233 0.738822 -0.489380 -0.564053 -0.776206 0.596719 0.716592
-0.183836 -0.659438 -0.795179 -0.103235 0.542544 0.182448 -0.825115 -0.378617 0.388245 0.838961 -0.224353 0.507854 -0.093912 -0.819914 0.345174 -0.024258 -1.379755 1.717687 -0.418459 0.534031 -0.004812 1.149136 0.384750 -0.506276 -0.994053 0.582093 0.419727 0.374864 -1.541203 0.341467 -0.771013 0.427179
-0.181974 0.414410 -0.935372 0.119467 0.607888 0.728295 0.298101 0.211744 -0.340783 -0.220016 -0.100121 0.032710 -0.329671 0.114113 -0.457699 0.685472 -0.528054 0.072136 0.529019 0.022305 1.550161 -0.524508 -1.112733 -0.213347 0.045450 0.584837 -0.311425 0.354963 0.367139 0.683757 -0.361173 0.223248
0.001864 -0.894176 -0.023457 -0.526249 -0.548343 0.179894 -0.238389 0.716807 -0.104724 0.633859 0.152238 -0.584607 -0.084757 -0.542332 -0.907210 0.182057 0.432654 0.637482 0.166097 -0.029239 -0.335666 -1.059771 -0.226256 -0.075173 -1.584507 0.187539 -1.185849 -0.226631 -0.041759 -0.010590 0.498687 -0.223156
-0.701099 0.477699 -0.622128 -0.715170 0.352226 0.090402 -0.280939 0.313385 -0.288132 0.275580 0.798923 0.575493 1.024263 0.116496 -0.123946 0.148886 -1.042858 0.682745 -0.661149 0.096176 -1.360528 0.629557 0.235768 0.609705 0.810327 -0.488471 0.987322 0.155088 -1.486803 -0.055459 0.486601 0.494552
-0.377245 -1.147354 -0.207486 -0.185462 0.954161 0.947446 0.259189 -0.583468 0.631363 -0.417512 -1.205767 0.820180 -0.139959 -0.059609 1.110188 -0.174009 -0.228900 -0.330595 -0.633885 0.215375 0.446418 -0.898805 0.188204 -0.011813 -0.592992 0.325378 -0.353043 0.200822 -0.543836 0.294962 -0.549834 0.641795
1.105698 -0.363592 -0.186847 0.472245 0.099905 -0.720379 -0.577917 0.152309 -0.336200 -0.084733 0.819539 -0.516629 -0.117304 0.692820 0.650215 0.873805 0.219822 -0.180708 0.611495 -0.003380 0.505140 0.326310 -0.419773 -0.278106 -0.361402 -1.255799 0.000309 1.100445 -0.191103 -0.497244 0.383386 0.524929
-0.429119 0.421597 0.700977 -1.036111 -0.289559 0.479195 0.017885 0.925966 -0.008152 0.581641 0.094408 0.970099 0.846818 -1.085400 -0.672757 -0.724600 -0.806664 0.628369 -0.411761 0.618325 -0.291508 -0.913721 0.126742 0.072806 0.049675 0.116359 -0.205369 0.065549 -0.760179 0.031735 0.949277 -0.121750
0.593130 -0.873311 0.825247 0.162395 -0.466700 -0.842121 -0.191553 0.122830 0.858024 0.215045 0.145468 -0.570318 -0.333137 0.068706 1.197696 -0.669345 1.130142 -0.069746 -0.413834 -0.123510 -0.438822 0.098549 0.301004 0.784562 0.003259 0.388925 0.112091 0.433264 0.324246 -0.264856 0.125225 -0.080904
-0.810454 -0.146959 -0.923625 0.520474 -0.283412 -0.400652 -1.414368 0.527000 0.759841 -0.289781 -0.412004 -0.311091 0.430229 0.563112 0.860137 -0.093675 0.514508 -0.122620 -0.520375 0.151831 0.952335 -0.477516 0.581887 0.733022 -0.711822 0.593971 0.792057 -0.407712 -0.372178 0.146429 0.617496 0.967171
-0.432255 -0.231581 0.426111 0.446651 0.092426 1.094548 1.866110 0.109048 -0.060262 -0.097770 -0.550469 0.696840 -0.590060 -0.145556 -1.125066 -0.497954 -0.311222 0.377134 -0.027596 0.391679 -0.172151 0.576024 0.662134 -0.200669 1.050965 -1.088724 0.243075 0.015772 0.917238 0.615218 -0.092254 -0.234247
-0.521669 -0.574951 0.463145 -0.598510 -0.067972 -0.944048 -0.109499 -0.350495 0.234257 0.078033 0.073621 -1.309005 0.393420 -0.449808 0.571631 -0.363167 -0.399703 -0.316241 0.949440 0.815883 0.417445 -0.481460 0.175732 0.648903 0.492193 -0.336161 -0.433778 -0.081364 0.205683 -2.119578 0.027953 -0.341838
-0.060646 0.505924 0.379197 0.333058 0.049541 0.845051 0.503942 -0.315441 -0.355293 0.593116 -0.517668 0.761092 -1.213957 -0.768857 -0.165922 -0.018237 0.139535 -0.237618 -0.623549 -0.220261 -0.671419 -0.350993 -0.146568 -1.168455 -0.564649 0.307054 -0.049793 -1.327501 -0.100153 0.520238 -0.053550 -0.227370
-0.032236 -0.298075 -0.948590 0.726755 1.122043 0.430364 -0.541196 0.790273 -0.419385 -0.215153 0.244821 -0.526347 0.119064 -0.861700 -0.035539 0.666114 -0.686049 -0.165676 -0.690767 -0.391981 -0.436407 1.192521 0.460966 -0.836544 0.455941 -0.347438 0.536044 -0.259180 0.063931 -0.219315 0.255732 -0.091496
-0.213029 -0.252269 -0.226679 -0.631773 0.207916 0.311565 1.106537 1.071761 -0.937580 -0.216545 0.581675 -0.645312 0.233461 0.477753 -0.904097 -0.016140 -1.250845 0.665009 0.469213 0.669350 0.704238 0.179704 -0.330381 -0.379225 1.382617 -0.637615 -0.572460 0.443684 -0.171457 -0.350535 -0.329920 -0.656105
0.524810 -0.937294 -0.508698 -1.017201 -0.023735 0.543217 -0.414667 -0.350556 0.281069 0.011504 -0.016382 -0.451010 -1.067043 -0.181101 -1.298480 0.003439 0.022551 -0.353163 0.785655 -0.574200 0.133202 0.855466 0.396619 -0.254921 -0.798603 0.560353 -0.026928 -0.112506 -0.021845 -0.277471 -0.473877 -0.221855
-0.298067 -0.032229 0.016492 -1.005018 0.120021 0.673982 0.707514 0.479759 -0.439060 -0.162553 0.154570 0.417164 1.486074 -0.295179 -0.053707 -0.438148 -1.106245 1.258832 -0.718188 -0.837900 -0.649595 -0.293292 -0.300909 -0.285650 0.216597 -0.459745 0.735656 0.345681 -1.424063 0.252524 0.578399 1.535974
0.646750 -0.419186 0.121631 0.372833 0.017746 -0.189886 0.528650 0.081608 0.941835 -0.491170 -0.374557 1.255127 0.830963 0.286844 0.154777 0.153773 0.134359 0.981796 -0.504043 -0.620873 0.051279 0.507500 -0.031598 -0.101230 0.369444 -0.124869 0.399838 0.088422 -0.176205 0.299992 -0.114602 -0.092359
0.395197 -1.064416 -0.674219 0.485197 0.088608 0.195676 -0.373312 -0.329229 -0.457451 0.609463 -0.456797 -0.055017 -0.028506 0.048364 -0.018645 -0.512023 -0.961784 1.214504 -0.184186 -0.523550 -0.382195 0.958149 -0.345263 0.496959 0.373842 0.254602 0.903894 0.182786 -0.697335 -0.613256 -1.364317 1.368116
0.638710 0.966333 -0.051305 0.145048 -0.791012 0.401587 0.747763 0.249703 0.261625 0.597639 0.233944 -0.228916 0.304010 -0.617124 0.403462 0.864256 -1.357797 -0.566393 0.267261 0.648343 -0.685708 -0.227819 -0.250249 -1.442537 0.304739 -0.170807 -1.217468 -0.349893 -0.631733 0.061159 0.325633 -1.152879
0.419758 -0.166938 -0.207275 0.622107 -0.347981 -1.125787 0.874912 0.814914 -0.623088 -0.478780 1.065775 -0.041679 1.205301 0.394113 0.075670 0.334980 -0.475195 0.654367 0.096975 0.201462 -0.820763 -0.435760 -0.411395 -0.442848 0.346518 0.217447 0.067731 0.945101 -0.127269 0.096247 -0.175337 -0.091296
-0.728573 0.444158 -0.343913 0.076334 -0.271799 0.247390 0.323296 0.463056 -0.800935 -0.179000 -0.309545 0.470324 -0.473839 0.370383 -0.806787 0.492817 -0.012915 -0.663820 -0.150297 -0.272451 -0.170680 0.488113 -0.360475 -0.024143 0.223755 -0.768007 0.784589 -0.011362 0.219893 1.022256 1.369757 -0.218093
-0.560373 -0.862945 -0.062696 -0.131580 0.731657 -0.462218 -1.300435 1.000290 -0.457044 -0.229846 0.089958 -0.877485 0.677761 -0.509437 0.559724 0.649587 0.287002 -0.372008 -0.167012 -0.100860 0.481227 -0.152683 -0.424276 1.118963 -0.495026 -0.011487 -0.766016 0.767185 0.051412 -0.236496 0.053889 0.494072
-0.345118 -0.092992 -0.171797 -0.799250 0.649576 0.643142 -0.305744 -1.092528 0.442571 -0.525894 -1.104492 0.710265 -0.024814 0.243914 -0.120426 -0.171656 0.424237 -0.013049 -0.242423 -0.863508 0.407061 -0.788736 -0.611333 -1.248221 -0.558051 0.397546 0.260804 -0.449422 -0.215452 0.885493 0.253223 -0.364552
0.019373 1.159317 0.098057 -1.473736 -0.052704 0.395624 -0.065554 -0.207464 0.449792 1.615880 0.127113 0.439585 -0.638393 0.830094 -0.369321 0.184668 -0.013623 0.466945 -0.132061 0.003152 -0.015200 1.000666 0.533373 -0.072303 0.434230 0.093789 0.201786 -0.953402 -0.451853 0.258036 0.341674 0.431394
-0.394113 -0.282218 0.083023 -0.406029 -0.582663 0.017512 -0.024609 0.599889 0.888368 -0.431833 0.295092 -0.659466 -0.601427 1.099618 0.505879 0.029469 0.764146 -0.625363 0.500326 0.197998 0.625507 0.325177 0.032778 0.140800 0.295807 0.509024 -0.727036 0.314913 1.676721 0.013631 0.101357 0.231319
-0.667140 0.809766 0.308446 1.066241 -0.185950 -0.133063 0.147988 0.305923 -0.291673 -0.976310 -0.898710 1.055238 0.608931 0.681578 0.501427 0.650542 -0.059949 0.937290 -0.627525 -0.252905 0.984407 -0.567256 -0.527840 0.813663 0.017073 -0.220693 0.108356 -0.363579 0.030686 -0.246574 0.744876 0.351822
0.199464 -0.610139 -0.560275 -0.437223 0.459439 -0.069961 0.353589 0.303626 -1.227906 0.403554 -0.360031 -0.131611 0.289363 -0.493479 -0.571166 -0.307703 -0.732329 1.044123 -0.518254 0.105833 -1.178069 0.142037 -0.381314 -0.051208 -0.637744 -1.064162 0.177816 -0.258607 -0.621366 0.229508 0.354552 -0.697323
0.068541 0.885286 0.346053 -0.076727 0.534329 -0.089913 0.084626 -0.774855 0.141904 -1.064418 -0.356900 0.808759 1.060514 0.769322 0.292964 0.662897 -0.493251 -0.194239 -1.706743 0.085438 -1.052676 0.069897 0.415094 -1.105054 0.265950 0.552362 0.142610 -0.132578 -1.185581 0.741543 0.560077 -0.500411
-0.311759 -0.595799 -0.016726 0.991694 -0.356658 -0.353684 -0.058239 -0.841365 -1.006366 -0.611310 -0.149635 0.475740 -0.408210 -0.375263 0.464362 -0.144754 0.185658 0.168215 0.348510 1.044615 0.624536 -0.518240 -0.055594 0.038585 -0.244177 0.462854 0.953127 -0.109241 0.873113 -0.129747 -0.110865 0.701707
0.306498 -0.563090 -0.906188 0.103128 -0.163230 -0.457436 -0.928397 0.047789 0.325227 0.149922 1.050410 -0.087713 0.472066 0.450397 -0.246257 -0.546894 -0.614801 -0.014216 0.361850 -0.430256 0.071590 0.633317 -0.569929 0.248860 -0.075700 0.867987 1.366571 0.651928 -0.518600 -0.658360 0.948888 0.312129
-0.795304 0.150584 0.340607 -1.984256 0.323124 0.133148 -0.236552 0.280068 0.510078 -0.258671 -0.661036 0.883004 1.220528 0.803790 0.616489 -0.139649 -0.581332 -0.253544 -1.735592 -1.022696 -1.278464 -0.457874 -0.844431 -0.155750 0.065113 -0.272559 -0.347428 -0.670720 -1.631934 0.297718 0.274724 -0.485314
0.482148 -0.183104 -0.063614 0.258552 0.473270 -0.076765 -1.147037 0.067166 -0.182742 0.800522 0.018681 0.352042 -0.136409 0.320904 -0.069796 -0.081424 -0.799906 1.053414 -0.164057 -0.083103 -1.132493 -0.072001 0.123824 0.906786 -0.328756 -0.054929 0.546524 0.279052 -1.245082 0.589572 -0.288901 0.978095
0.000639 -0.140787 0.134892 0.164756 -0.539427 -1.302659 -0.558444 -0.053542 0.450228 -1.078201 -0.372847 -0.251035 -0.417700 0.939399 0.017110 -0.196639 0.338825 -0.118443 -0.280273 -0.073594 0.954728 -0.535637 -0.009218 0.833400 1.603857 1.000513 0.644016 0.046555 1.035988 -1.136304 0.025088 -0.045527
0.590913 -0.601145 -0.647423 -0.315035 0.062970 0.152760 -0.152795 0.306852 0.127206 0.231951 -0.195908 -0.174807 -0.019577 -0.704571 0.755124 -0.929713 0.377515 0.481072 -0.150093 0.217885 -0.507226 -1.169999 -0.156457 1.090186 -0.980143 0.135426 0.564689 0.745978 0.135287 -0.222785 -2.038039 0.422537
-0.041766 -0.534095 -0.397303 -0.079215 0.818245 0.698041 -0.775949 -0.366732 -0.034697 -0.087614 -0.575832 0.176013 -0.009204 -0.472612 0.815248 -0.132316 0.912402 -0.130455 -0.055270 -0.028031 -0.007064 -0.397346 1.194864 1.001681 -0.931015 0.584055 0.771221 -0.207335 0.584646 0.023161 0.336199 0.884866
-0.447264 -0.301114 0.456656 -0.838435 0.632299 0.342780 0.215236 0.136033 -0.236444 -0.431530 -0.677884 0.567728 0.208479 -0.028611 -0.427666 -0.983701 1.061897 1.163384 -0.557832 -1.310174 -0.094324 0.568394 -0.119426 -0.115704 0.239404 -0.512739 -0.755587 0.311383 -0.106131 1.673500 0.686219 -0.509487
-0.257999 0.286445 0.646068 0.354719 -0.841488 0.435867 -0.043167 0.175762 0.058653 -0.942775 -0.268438 0.550904 0.397442 0.139766 0.365853 -0.368913 -0.106263 0.291857 -1.001693 1.841008 0.549161 -0.929439 -0.324101 -0.477509 0.470260 -1.119649 0.268257 -0.268957 -0.695009 -0.293639 0.511943 0.297406
0.625969 0.335075 -0.003114 0.504294 -0.120046 -0.452644 -0.652652 0.139625 -0.060717 0.070767 0.453179 -0.034236 1.075991 0.471456 0.190696 0.295975 -0.685786 -0.111576 -1.042888 -0.838269 0.071923 -0.661039 -1.269934 -0.429721 -0.642691 0.257291 -0.017412 0.188748 -0.330552 0.862711 0.231913 0.374545
0.371511 -0.165615 -0.650319 0.033826 -0.242557 -0.978690 -0.051974 0.376561 1.044032 0.874021 0.598969 -0.896071 1.001307 0.182874 0.110023 -0.200586 -0.918239 -0.563655 0.872172 0.163067 0.149052 0.131450 -0.201019 -0.183674 0.399389 0.112098 -0.362761 1.181575 0.216373 -0.883966 -1.061655 -0.094936
1.292993 -0.419174 0.592097 0.826280 -0.385126 -0.271214 0.060114 0.893665 0.109210 -0.257526 0.441201 -0.760443 -0.735023 -0.118918 0.706998 0.621770 0.889722 -0.593369 0.047115 -0.343326 -0.268637 -0.202613 -0.507545 -0.859798 -0.305031 -0.143726 -0.363656 -0.001233 0.630888 -0.006884 -0.236772 -0.313974
0.246989 -1.132688 -0.395750 0.637372 -0.233358 0.331829 0.244430 0.502251 -0.039150 -0.658426 0.174067 -1.129913 0.148045 0.034066 -0.283043 0.121952 0.240010 0.115119 0.644439 -0.301805 0.287050 -0.103395 0.612833 0.090181 0.828393 -0.407280 0.563395 0.683794 1.165932 -0.202290 -0.793369 -0.123642
-1.374273 -0.687614 -0.136765 -0.938306 0.131257 0.836521 -0.153675 0.673601 0.134037 0.494093 0.022714 -0.062000 -0.663412 0.309515 -0.032975 -0.553919 -0.237675 -0.187334 0.959951 0.714024 -0.043564 -1.024430 -0.202775 0.312727 -0.242046 0.345966 -0.918081 0.275028 0.280956 0.297158 -0.107900 0.006359
-0.197214 0.342910 -0.226839 -0.314265 -0.132855 -0.551029 -0.860801 -0.202995 1.364901 0.393323 -0.427254 -0.433361 0.774865 0.427367 0.849279 0.006021 -0.025205 -1.274173 -0.150432 1.175523 0.352732 -0.136126 0.149876 0.331266 0.428980 0.760598 -0.516396 -0.681816 -0.225290 -0.116451 0.219208 -0.482124
-0.895491 0.163940 0.768323 -0.175102 -1.142038 1.132693 0.668546 -0.768571 0.641264 -0.037783 -1.245149 0.258560 -1.122766 0.089884 -0.678920 0.249408 0.201968 -0.407663 -0.386405 0.957085 0.008409 0.171786 0.129193 0.406934 0.627222 0.439111 0.087620 -0.573579 0.561832 0.446515 0.381758 0.595360
0.340969 0.295074 0.723017 -0.040731 -0.798452 0.052651 0.040986 0.709340 0.194818 1.046463 0.584295 -0.293374 1.162742 0.290858 -0.342956 0.379615 -0.266609 0.178116 -0.380174 -0.392199 -0.090867 0.596577 -0.971234 0.123901 0.092139 -0.014991 -1.023717 -0.427729 -0.600721 0.066178 0.268425 -0.504661
-0.514363 0.141307 0.561721 0.083471 -1.214668 0.208454 -0.300871 -0.166099 1.016241 -0.135425 0.035370 -0.736338 -0.822942 0.344890 0.362430 -0.444557 0.073262 -1.076015 0.071302 0.107435 -0.344591 0.001874 1.226377 -0.434979 0.197390 0.083476 0.890091 -1.142212 0.301354 -0.664818 -0.177318 -0.254625
0.187254 0.448901 0.078963 0.855207 -0.221135 0.837991 -0.147663 -0.625568 0.522244 -1.031176 -0.401550 0.096188 -0.401321 0.122127 0.842321 0.213653 0.256239 -0.462197 0.240506 -1.202340 0.674126 -0.302636 -0.333353 -0.786262 -0.767308 -0.293554 -1.101867 -0.136066 -0.772873 1.045242 0.433346 -0.418698
-1.499280 0.004032 0.622964 -0.371170 -0.289014 0.073014 -0.204537 0.360476 0.343368 -0.591532 -0.235016 0.447292 -0.139547 0.741217 0.353278 -0.895477 -0.040954 0.925134 -0.141483 1.708961 0.359305 0.441994 -0.093607 0.590058 1.316031 -0.495475 0.212699 -0.452483 -0.002632 0.006866 0.868500 0.420349
0.131327 -0.888010 -0.358552 -0.810810 0.186641 0.308795 0.691929 1.152978 -0.181602 0.171626 0.412331 -0.976788 -0.278367 -0.377978 -0.454865 0.001913 0.266952 0.623107 0.323517 0.143501 0.301189 0.710150 -0.826865 0.492340 -0.334163 -0.267842 -1.292604 -0.573960 -0.078134 0.407016 0.123991 -0.624889
0.240089 -0.230905 -0.080931 1.253883 0.660187 0.793344 1.369055 0.569184 -0.441240 -0.897041 0.570093 -0.143576 -0.022227 0.498406 0.201527 0.676165 -0.928483 1.218809 0.690209 -0.343357 -0.439899 0.127181 -0.967074 -0.794242 0.702184 -1.230273 -0.075324 0.191272 -0.289713 -0.750406 -0.408000 0.943461
-0.946943 0.758231 0.013883 0.049391 -0.006945 0.445856 1.000151 -0.274428 0.010112 -0.347607 0.738625 0.939401 -0.194582 0.592229 0.145020 -0.463809 -0.045613 -0.086677 -0.614450 0.785863 0.739698 1.019870 0.097841 0.328822 0.498190 -0.341547 0.471688 0.111808 -0.238470 0.805849 1.586599 -0.720310
-0.393851 -1.312457 -1.195046 0.228252 0.815410 0.651611 -0.564051 0.774299 -0.052206 0.360345 0.050666 -0.722753 -0.428519 -0.505158 0.557969 -0.750968 0.850123 0.010436 0.658369 0.319846 0.819891 0.747828 0.054950 0.614176 -0.676344 0.090704 0.235803 0.612549 -0.175175 0.620577 0.027966 0.765536
0.061769 -0.727174 0.064326 -0.549395 0.410138 -1.298048 -0.071196 0.309783 0.532207 0.414386 0.575325 -0.429367 0.205694 -0.250539 0.474001 -0.295227 -0.068754 -0.341631 0.478386 -0.289914 0.731131 -1.539621 -0.077040 0.408688 -1.223724 0.031819 -0.723881 1.001094 0.312696 -0.320301 -0.596559 -0.106699
0.397710 0.229811 0.067430 -0.912079 0.053774 -0.761950 -0.424496 -0.011499 0.387320 0.378964 0.923467 -0.509652 0.183234 0.363552 0.052247 0.525051 0.329497 0.710030 1.238812 -0.550436 0.100600 0.382736 -0.754181 0.300487 0.168939 0.176664 -0.279568 0.441570 0.009294 -0.446048 -0.254140 -0.220431
-0.297963 -0.289007 0.479782 0.159300 -0.238080 -0.220262 0.309719 -0.461909 0.523462 -0.692035 -0.310845 -0.623270 -0.548290 0.247748 0.520859 -0.474034 0.383078 0.300064 -0.274863 -0.347056 -0.334131 -0.945557 0.325515 -0.605429 0.420586 0.413876 -0.084420 0.220371 0.614766 -0.810477 -1.403464 -0.492659
0.183061 0.504530 0.256611 1.314235 0.130444 0.013303 0.679463 0.145679 -0.621562 -1.548761 -0.462582 0.006127 -0.531487 0.024243 -0.417037 -0.011011 -0.154545 -0.656746 0.411297 -0.526271 0.758106 -0.096700 -0.268990 0.550146 0.779306 0.507677 -0.551242 1.055795 0.864604 0.200495 -0.340365 -0.274860
0.681150 -0.191072 0.529783 0.246392 -0.101346 0.587907 0.239404 0.559152 0.286800 0.374598 0.220596 -0.039029 -0.151578 0.034328 0.369609 0.926728 0.246378 -0.503493 0.367389 0.008196 0.232718 -0.813633 -0.691080 -0.673816 -0.792289 0.034851 -1.247637 -0.119572 -0.157168 0.492228 -0.672879 -1.166663
-0.426354 0.329091 0.151781 -1.318791 -0.391882 0.626310 -0.855231 -0.220202 0.897766 -0.391566 -1.096825 0.039078 1.018328 -0.053470 0.955284 0.220868 0.516299 -0.024023 -1.010037 -0.321589 -0.238351 0.053039 -0.200331 0.615034 0.266768 -0.047574 -0.214818 -0.773340 0.045268 -0.187337 0.714072 -0.764314
0.682008 0.467382 -0.506666 -0.081651 -0.490855 -0.107370 0.243822 0.112733 -1.048196 0.947500 0.733172 0.902340 -0.413964 0.500116 -0.467357 -1.049184 0.936018 0.493790 -0.677022 -0.253817 -1.325670 -0.640797 0.449849 0.622245 -1.250291 0.330330 0.351217 0.191093 0.023480 0.268867 -1.083088 -0.180529
0.359677 0.902274 0.731989 0.205319 -0.521856 -0.241066 0.368765 0.187571 0.744600 0.207053 0.517884 0.055780 0.840713 0.794329 -0.101141 1.267644 0.578562 0.078307 0.513689 0.147183 1.069509 -0.043807 0.022099 0.254213 -0.374433 0.151409 -0.338646 -0.375519 -0.423381 0.380036 0.882987 -1.297578
0.016834 -0.010261 -0.151881 0.206206 0.044842 0.057033 -0.503693 0.395744 0.734905 -0.157566 0.769386 -0.502518 -0.114630 1.343429 0.131203 0.983898 0.395181 -1.578720 0.942072 -0.531467 -0.041163 -0.687105 -0.309554 -0.032247 -0.488700 0.654907 -0.851730 0.221484 0.276923 0.300085 0.591317 -0.768807
1.278929 -0.043012 0.040608 0.577510 0.427033 0.029180 -0.518880 0.691738 -0.063038 0.447802 -0.446321 0.171226 0.411443 -0.129974 0.688289 0.567259 0.855587 -0.443676 0.259107 -1.523479 -0.022872 0.178183 -0.232025 0.222710 -0.888092 0.498403 -0.689869 0.748509 0.357877 0.973065 0.743058 -0.381212
-0.798593 0.136921 -0.024266 -0.295184 -0.157234 0.879567 0.488425 -0.081395 -0.915903 -0.165844 -0.642743 -0.755585 -0.137211 -0.442338 0.130914 -0.060010 -0.306855 0.447156 -0.254664 1.097684 0.823605 -0.179400 0.545893 0.520369 0.384730 -1.940844 0.020228 -0.082967 -0.150355 0.126462 -0.361243 0.873693
0.472447 0.184376 0.185438 -0.330066 -0.240665 -0.255359 -0.244696 -1.357891 0.142554 -0.299612 0.136926 -0.093066 -0.358705 -0.370561 0.860675 -0.819163 0.554989 -1.330763 0.297381 -0.290320 -0.348604 0.214800 0.292474 -0.311912 -0.368409 1.044858 0.260480 0.665332 0.750667 -0.603804 -0.187640 -0.735020
0.194789 0.209273 -0.814059 0.001569 0.683590 -0.455554 0.440502 -0.146010 -0.978359 -0.145369 0.438805 -0.180415 0.915728 0.068355 0.364804 0.773660 -0.869588 0.072649 -0.088472 0.714370 -0.782073 -0.504065 0.086095 -0.774637 0.855009 -0.752086 0.606126 -0.465623 -0.737270 -0.470166 -0.042446 -0.723183
-0.163340 -1.108239 0.893532 -0.149571 -1.118824 -0.379894 0.477021 0.092533 0.346056 0.425399 -0.401830 -1.005248 -0.869826 0.725860 -0.189590 -0.001733 0.417281 1.061979 -0.091548 0.358065 0.599606 0.659359 0.008748 0.814327 0.689568 -1.370444 -0.745706 -0.334453 1.035614 -0.583367 -0.666958 0.313075
0.035532 0.200169 0.280568 -0.498896 0.280690 -0.406399 -0.179107 0.075762 -0.030933 0.427513 0.314341 -0.213256 0.464107 -0.299970 -1.280701 -1.112437 0.259524 -0.665595 0.884523 -0.688958 -0.131626 0.098009 -1.177858 0.763077 -0.787214 0.348173 -0.711877 0.830363 0.155172 0.315366 -0.176962 0.359689
0.652779 -0.013138 0.051107 -0.077529 0.720165 0.156118 -0.235095 0.213756 -1.433365 0.142632 0.219523 -0.225062 0.101507 0.389142 -0.283195 -1.116865 0.327493 1.198017 -0.426328 -0.579241 -1.041699 0.764735 0.105920 0.348572 -0.067920 -0.286121 0.430021 0.845064 -0.103947 0.308773 -0.062679 1.319593
0.667840 0.458662 0.477288 0.677568 -0.108931 -0.271965 0.204076 0.368264 0.606648 -0.410078 1.176416 0.541141 0.226859 0.478009 0.666141 0.564638 -0.443685 -0.629263 -0.698756 -0.603324 0.571059 -0.486212 -0.865006 -1.093641 -0.925228 0.785102 -0.210954 0.361366 -0.064852 -0.821622 0.000362 0.095689
-1.041844 -0.653829 -0.050457 0.716190 -0.282060 -0.488436 0.107655 -0.240555 0.401855 -0.907650 0.112031 -0.730749 -1.045713 0.214932 -0.348332 -0.512941 0.458191 -1.332252 0.406100 0.043133 0.255908 -0.211331 -0.434343 -0.230565 0.663011 -0.182984 -0.183767 0.274164 0.854002 -0.112583 0.579947 -0.020094
0.041898 -0.034016 -0.685604 0.378321 0.748229 0.892819 0.905241 -0.484528 -0.865020 -1.126262 -0.929391 -0.844703 0.355215 -0.089431 -1.718518 0.083524 -0.382546 0.253615 -0.208203 -0.506930 0.076269 0.330103 0.098274 -0.139673 -0.010453 -0.712798 -0.139904 0.088848 0.659187 1.506036 0.472077 -0.966043
0.088872 0.481163 0.465645 -0.076054 -0.724261 -0.073424 0.425242 -0.184437 -0.262049 -0.336481 0.210247 0.828515 -0.208327 0.323635 -0.615867 -0.431058 0.217057 -0.092616 -0.184135 -0.618143 -0.566361 0.377914 -0.058860 -0.093771 0.372413 0.655880 1.378189 -0.169819 -0.398330 -0.098517 -0.530218 0.148464
-0.152979 0.098799 -0.685451 0.659763 0.966595 0.045379 0.498203 -0.216034 -1.016853 -0.031854 -0.027833 -0.318879 0.653049 -0.011925 0.186881 0.449477 -0.982331 0.866922 -0.724105 -0.359183 0.495326 -0.867944 -0.483083 -0.303134 -0.010750 -0.235117 0.296114 -0.835390 -0.120122 0.109017 0.265562 0.706661
0.698362 -0.633041 0.406273 -0.488884 0.439445 0.025936 -1.021066 -0.699561 0.191845 1.268423 -1.931178 0.209902 -0.059592 -0.558308 0.159883 -0.553249 -0.166615 -0.114942 -0.648772 -0.332604 -0.371450 -0.831810 0.437613 0.919667 -0.980798 0.063365 -0.208951 -0.272408 -0.700935 -0.101164 -0.783433 -0.302704
-0.747113 0.608072 -0.255380 -0.368257 -0.353585 -0.017269 -0.330589 0.379561 0.871984 -0.204562 -0.750911 -0.595173 -0.330567 0.621674 0.006801 1.103861 0.453684 -0.367318 0.685290 -0.209584 0.070576 -0.958778 -1.041177 0.032817 -0.599311 -0.177815 -1.689055 -0.925427 0.661092 0.508488 -0.346316 -0.397212
0.421113 0.016839 1.084317 -0.385241 -0.843958 0.296104 0.184997 0.438781 0.429537 0.708662 0.460903 -1.130012 0.118951 -0.628309 0.234725 -0.299254 0.167764 0.285461 0.347966 0.696609 0.213055 -0.362477 0.683842 0.680846 0.376008 -0.366823 0.033300 1.065837 0.800370 0.293015 -0.659298 -0.603785
0.076043 0.016775 0.682049 0.000527 0.205616 1.312408 0.250822 -1.392503 0.683225 0.361749 -1.204316 0.942018 -0.327632 0.013392 1.014229 0.108943 0.113791 -0.533144 -0.419345 -0.132069 -0.300796 -0.825300 0.521969 0.007587 -0.275713 -0.274226 0.042526 -0.626716 0.167741 0.046412 -0.594469 -0.785057
-0.290113 -0.684096 -0.092238 -0.560890 0.534391 -0.656070 0.199704 0.210667 0.662948 -0.574253 0.629654 -0.774922 1.033211 0.131322 0.290345 -0.390721 0.430725 0.316611 -0.654490 -0.823771 -0.282055 -0.136191 0.159507 0.713390 0.290915 -0.723290 0.115472 1.128957 -0.012465 -0.652117 0.408447 -0.233422
-1.814638 0.184621 -1.120556 -0.308258 0.270859 -0.036793 -0.430243 -1.194751 -0.662207 -0.392077 -0.649219 -0.110992 -0.532620 0.676201 -0.408729 -0.661007 0.804448 -0.222760 0.265099 -0.122807 0.281442 -1.294923 0.953926 0.498173 -0.472635 1.415373 0.063327 -0.478767 0.327729 -1.064755 -0.175522 -0.471696
-0.259608 -0.404199 -1.303825 0.304920 0.487925 -0.222319 -0.337067 0.365087 -0.170260 -0.289445 0.505500 -0.043036 0.530112 0.099957 -0.405876 0.106428 -0.331364 0.689287 -0.244339 -0.469956 1.013087 0.357782 -0.468016 -0.889460 0.484500 -0.989010 -0.346078 -0.517277 -0.373276 -0.279080 0.524084 -0.786415
-0.067666 0.057273 -0.088048 -0.459493 0.211471 1.009887 -0.593064 -0.777898 0.469221 0.298346 -0.442603 0.272853 -0.715904 -0.582138 0.945320 -0.662482 0.555189 -0.203561 -0.106659 -0.325132 -0.142129 -0.741208 -0.108937 1.038880 -0.888609 0.623666 -0.186611 0.524214 -0.588822 -0.576271 -0.438043 0.125157
-0.500757 0.398906 0.485302 -0.537352 -0.961596 0.592368 -0.142303 -0.453860 0.696362 0.393014 -0.443126 0.340772 -0.563596 -0.731089 -0.559318 -0.043465 0.172553 -0.525394 0.404258 1.088535 -0.155439 0.431507 0.723968 0.215748 0.411915 0.402221 0.822091 -1.217377 0.491667 -0.697145 -0.070574 0.127406
0.429448 0.361686 -0.040099 0.226374 -0.764386 -0.857973 -0.123632 -1.375054 1.236376 0.540103 0.081928 -0.740953 -0.765740 -0.366531 0.711767 -1.239032 0.371440 -0.805966 0.039048 -0.275979 0.437613 0.476766 0.311231 0.894951 0.150265 -0.053281 0.354693 0.637542 0.346358 -0.870193 0.058078 -0.214512
1.001175 0.301808 0.004418 1.273416 0.183144 -0.201537 -0.070162 1.048220 0.445566 -0.242585 0.404086 -1.021870 0.651142 -0.218437 -0.172873 1.221195 -0.450339 0.481782 -0.576411 -0.536218 0.785015 0.703411 0.212544 -0.632155 0.838018 -0.330964 -0.210195 -0.063857 0.067959 0.092917 0.415341 -0.109743
-0.983736 -1.408174 -0.478873 -0.621408 0.173433 0.443903 0.330756 0.117003 -0.005472 -1.117332 -0.272414 -1.254422 -0.351196 -0.408622 0.347425 -0.165748 0.791629 0.105932 0.090165 -0.033249 -0.130237 0.716903 -0.358457 -0.310311 0.032877 -0.265167 -0.249654 -0.204740 0.752705 -1.039149 -0.526035 0.129601
0.598926 -0.156569 -0.281888 0.406202 -0.155659 0.087960 0.486437 0.200997 -0.490759 -0.016268 0.295381 0.420144 0.644820 0.797706 -0.376872 -0.425894 -0.438499 0.434143 0.868771 -0.143436 0.265935 -1.442238 -1.360748 0.017947 1.116437 0.318852 0.215153 0.853486 0.187466 -1.360729 -0.840483 1.139676
-0.915704 0.790102 -0.180550 -0.933965 -0.258803 -0.192781 -0.199844 0.599903 0.077245 -0.165536 -0.072227 -1.441158 -0.127647 0.508642 -0.242752 1.086099 -0.077251 0.466510 -0.264895 -0.040052 0.030525 -0.228211 0.050355 0.316133 -0.125090 -0.644147 -0.796208 -1.292451 -0.076368 -0.460935 -0.291256 -1.358241
0.331124 -0.725477 0.863814 -1.926659 -0.503560 -0.014405 0.080226 0.196845 0.760443 0.987217 -0.180357 0.215835 0.699688 -0.963603 -0.390506 -0.605668 -0.728317 0.231354 0.313283 -0.057399 -0.100200 -0.371697 -0.097549 0.579429 -0.784365 -0.214527 -0.841869 0.020433 -0.598502 -0.038552 0.137602 -0.394963
-0.317634 -0.028664 -0.304132 0.246934 0.147346 1.092244 0.665814 0.394036 1.689779 -0.224112 0.253105 0.559866 -0.056321 0.136302 0.067212 -0.487933 -1.254179 0.113401 0.583167 0.039947 0.486507 0.381247 -0.440954 -0.163465 0.852070 0.562515 0.173278 0.039218 0.715659 0.378522 0.329045 -0.356944
-0.814016 -0.628247 -0.409223 -0.508427 0.625539 -0.792793 -0.255126 0.308444 0.620656 -0.729924 0.025059 -0.313906 0.549600 1.243193 1.407389 1.147608 0.348661 -0.425682 0.259064 1.521175 1.263567 0.053577 -0.151706 0.442400 0.055957 0.376942 -0.213478 0.910478 0.016159 -0.209839 0.467019 0.224246
-0.694944 -0.855044 0.144930 -0.418586 0.602214 0.284215 -0.512092 -0.012468 0.555988 -0.274976 -0.853938 -0.359898 -0.198095 -0.678529 0.277130 -1.442868 0.190709 0.360840 -0.434999 0.301157 -0.095405 -0.560068 0.592224 0.432465 -0.824185 0.151852 0.619698 -0.540239 0.573889 -0.654794 0.262539 0.129192
-0.163150 0.537341 0.176587 0.684257 -0.159526 -0.352428 -0.074615 0.847451 -0.063529 -1.141543 0.038798 -0.180810 0.796599 0.664749 -0.385580 1.542861 0.799399 0.344412 -0.551714 -1.168852 0.584507 -0.892846 -0.258941 -0.247639 0.152140 0.101011 -0.659575 -0.302937 0.321835 1.180269 -0.118820 -0.027664
-0.661862 -0.230816 0.346327 0.523256 -1.008933 0.383060 0.230398 -0.491310 0.600941 0.369520 0.985660 -0.012814 -0.930144 0.307117 -0.419768 -0.308675 0.536451 -0.526824 0.333971 0.280589 0.017211 -0.108607 -0.178678 -0.112869 0.192498 0.564297 -0.560546 -0.109960 0.968082 -0.013208 -0.604946 -0.435518
0.269717 1.105478 -0.141022 -0.895309 -0.872757 0.104261 0.169022 -0.234998 0.043458 -0.126186 1.045194 -0.428554 0.122111 0.664569 -0.197833 1.084512 -0.243704 -0.301697 -0.257306 -0.503831 -0.387533 0.422720 -0.278003 -1.560913 -0.122665 0.255281 -0.921109 -0.373683 -0.516462 -0.002066 0.316030 -1.184005
1.132250 -0.095809 0.366170 0.495891 -1.172573 -0.830865 -0.521975 0.205851 -0.373337 0.896314 0.923467 -0.063314 0.444946 -0.028038 0.799404 0.265210 0.612129 0.011952 0.114206 -0.471180 0.089886 -0.810595 -0.476003 0.191858 0.216831 0.040700 0.143055 0.489808 -0.111187 0.171773 -0.673462 0.229973
-0.869721 -0.522986 -0.791382 -0.266555 0.381000 -1.175756 -0.302532 0.214719 -0.515322 -0.595338 -0.122051 -0.220425 -0.222219 -0.122199 -0.086303 -0.404352 -1.061629 -0.378653 -0.556391 0.078952 -0.192382 -0.858447 -0.051167 -0.256710 0.003166 -0.348899 1.235956 -0.861854 -0.697965 -1.145796 -0.129909 -0.628143
-0.693624 -0.312281 -0.613737 -0.055451 0.371237 0.080141 -0.064278 -0.034595 0.932843 0.126508 0.786290 -0.544410 -0.255602 0.037478 0.354711 -1.076048 0.025768 -0.209942 0.644047 0.823347 0.536760 0.255694 0.268440 0.678861 -0.350251 0.634794 -0.101742 1.073922 0.655789 -0.771823 -0.008179 -0.078389
-0.759506 0.637220 -0.030131 -0.433496 -0.787303 1.073452 -0.009431 -0.509864 0.870795 -0.599592 -1.309663 0.837779 -0.236163 -0.236095 0.485778 0.477259 -0.070609 0.257499 0.041620 0.737208 0.932336 -0.707286 0.636147 -0.071187 0.293633 0.235665 0.449935 -0.902656 0.489771 0.241464 0.550108 0.417690
0.000000 -0.000000 -0.000000 0.000000 0.000000 -0.000000 0.000000 -0.000000 0.000000 -0.000000 -0.000000 0.000000 0.000000 -0.000000 0.000000 0.000000 -0.000000 -0.000000 0.000000 -0.000000 -0.000000 0.000000 0.000000 0.000000 0.000000 0.000000 -0.000000 -0.000000 -0.000000 0.000000 -0.000000 -0.000000
