-0.054463 -2.453490 -0.588275 0.323409 0.037568 -0.487498 0.324598 -0.638881 -0.126972 0.721029
0.483403 0.597800 0.035593 0.530785 -0.873577 -0.705861 -0.055132 -1.428461 -0.743151 -0.986838
0.054419 -0.103442 -0.829686 0.552472 0.355067 0.462628 -0.424011 0.751663 -0.829011 0.898687
-0.032147 -0.316373 -0.803967 -0.256112 0.265791 0.798576 -0.732061 -0.245692 0.430893 0.569969
0.566452 -1.153365 0.854334 -0.564500 0.721595 -1.346894 0.591297 -1.734294 0.748367 -2.092692
0.634088 -1.333804 1.171168 0.685316 -0.679725 -0.143526 0.230078 -0.368507 -0.035350 -0.813369
0.083978 -1.268875 0.037504 -0.606581 -0.605474 1.265654 -0.242635 -0.338454 -0.014927 0.687652
0.642961 -0.396900 -0.034862 -0.247681 -0.729705 -0.544247 0.852479 -0.334901 0.075471 -0.416551
-1.194533 0.432338 -0.874794 0.426121 0.638038 0.338453 -0.548818 0.007155 -0.858043 -0.318074
-0.082280 -1.030404 0.123690 0.752213 -0.143811 -2.049465 0.589856 -1.256797 -1.924945 -1.595927
-0.456137 1.512642 -0.969244 0.589006 -0.021867 -0.356881 0.178622 -0.398433 0.575761 -0.247889
0.762889 -0.217265 0.517877 0.810825 0.532141 -0.829654 -0.526694 -0.957692 0.049784 -0.100112
0.680844 0.941251 -0.093191 0.043196 0.575355 -0.814704 0.474440 -1.529071 -1.758641 -1.905748
-0.312478 0.606979 0.786670 0.195886 -1.206975 0.216110 -0.405616 -0.655970 -0.673617 -0.152681
-0.571605 -1.036336 -0.148338 0.040195 0.818273 -0.115784 -0.211953 0.551561 -0.633442 -0.186511
0.867788 0.046542 -1.504798 0.194424 -1.528128 -0.009514 0.781026 -0.044870 0.217433 -0.777613
-0.921555 -0.505478 -1.000960 -0.360448 -0.746493 -0.689220 -0.966797 1.165528 0.066426 1.104389
0.134371 -2.107645 0.144755 -2.106773 0.106214 -0.383860 0.279705 0.344746 -1.849260 0.146112
-0.424988 -0.656197 -0.324867 0.093595 -0.209976 0.690494 0.136729 -0.218903 1.066567 -0.955111
-0.087318 -0.326994 -0.028954 -0.495742 -0.729745 1.043555 -0.295549 0.644812 -1.052803 -0.730598
0.057772 -0.930218 -0.754219 -1.149083 -1.074080 0.483954 -0.765979 0.376793 0.115804 -0.594777
-0.401269 1.503545 -0.172677 -0.949235 -1.206706 -0.600475 -0.023705 -0.544383 0.681236 -0.012676
-0.319605 0.181590 0.452371 0.432477 -0.480592 -0.852455 -0.100277 0.258921 -1.181238 0.420203
-0.910995 -0.628489 0.137843 -0.627170 0.026697 -0.562640 0.684133 1.025293 -0.531037 0.769014
-0.644990 0.980657 -0.572385 -0.258241 -0.768815 0.977514 -0.941612 0.181620 -0.924413 0.729283
-0.671875 0.710121 0.085994 0.670762 0.471316 -0.996257 -0.451461 -0.839942 1.344201 -1.183853
-0.826987 0.901059 1.387236 -0.132387 1.201412 0.107990 0.387201 -0.162648 -0.996262 0.480782
-0.539378 -0.211466 -0.223243 -0.065056 0.614545 -0.314214 0.958724 -0.543683 1.156440 0.485324
-0.961425 -0.747640 -0.789538 -0.992846 -1.226652 0.859909 -1.611184 0.790605 0.476353 0.936982
0.586246 -0.528917 0.233817 0.336462 -1.092167 -1.313728 -0.006360 -0.632839 0.098606 -0.277603
0.479756 1.070857 -0.248765 -0.295917 0.036092 -1.166398 -0.321697 0.080383 0.551070 -1.265071
-0.498354 -1.607668 0.492263 -1.913256 0.644823 -0.323866 0.391074 0.006838 0.055366 -0.674871
0.128878 -0.324207 0.141068 0.037299 0.032971 -0.019760 0.026086 0.098335 -0.101856 -0.228826
