0.671701
-0.494972
-0.890068
-1.150065
-1.039809
0.343460
-1.541079
-1.508604
1.223016
-0.644291
-0.690953
0.759281
-1.619614
0.216106
-1.774512
0.141619
-0.311353
0.826650
-1.049295
-0.794908
0.633174
0.383352
0.097751
-1.083924
0.727132
-1.244862
-1.291812
-0.823850
1.706484
1.046364
-0.192698
1.253245
-3.044912
-0.464209
1.561894
-1.705571
2.078049
-1.644940
-0.055362
-2.183872
-1.253907
1.775257
-0.954396
0.176945
-0.754492
-0.740810
0.801713
0.489699
-0.922588
-1.336470
-1.148399
0.144762
-1.585376
-1.956610
0.048351
-0.811360
-1.319736
0.303024
0.424823
-1.555730
-1.224607
-0.092338
2.391137
0.735044
0.310060
0.944934
-0.316248
-0.254665
-1.586102
0.332586
-0.320735
0.073014
0.097281
-0.836723
0.256246
2.150265
-0.866965
-2.250896
1.709035
-3.167121
-1.518172
0.840487
-2.299390
-2.036904
-0.277093
-0.523490
-1.661450
-1.144901
-0.479243
0.948872
-1.911342
0.935325
-0.547277
1.790438
-0.602784
-0.473636
0.608755
-0.180884
-1.604231
0.027738
-0.831152
1.139811
-0.961342
0.681911
-1.492257
1.057750
-0.490084
0.586375
0.694548
1.802439
0.488358
1.905982
0.968392
-0.662317
1.808445
0.968499
0.359893
-0.338328
-0.471907
0.412742
0.280783
2.274273
-0.296800
0.445655
0.402451
-0.915005
2.422218
-1.422317
-0.158400
0.094306
0.984981
0.618079
-0.042169
1.228143
1.146354
-0.839279
1.821412
-1.582683
0.924231
0.006937
-1.522388
3.322770
-0.834402
-0.775806
-0.123381
-0.054296
0.132414
0.030670
-1.773634
-1.623789
-0.121257
-0.310580
-2.441677
0.397914
1.874951
-1.403111
-0.073311
-0.869254
-1.341199
1.393165
1.219462
-0.595234
-1.118310
1.655927
-0.725429
1.397376
2.521259
-0.575304
-1.045425
-0.209676
-1.209947
1.406737
0.614285
-0.562460
0.694651
0.554325
-1.484678
-1.146530
-1.575529
0.395023
0.764576
-0.484628
-0.690295
0.846174
1.768137
-0.985829
-1.399932
2.290550
1.209360
-0.817344
0.973437
-0.354459
2.251309
-0.164794
-0.820139
1.115297
-0.455784
-0.523587
1.173630
-0.265497
2.085723
1.959914
-0.396098
-0.030849
-0.266913
0.693851
1.379446
-1.301807
0.726273
1.867764
0.968766
-0.099611
-0.144852
-0.012902
2.021510
0.713652
-0.519439
-0.761262
-2.363834
-1.859361
-1.032703
0.502834
-0.287654
-0.552905
-0.875341
0.322013
1.294437
0.658137
-2.244354
-0.704881
-2.939624
-0.407413
1.013512
1.142368
-0.139368
0.940222
0.482778
-1.387171
-0.364628
2.185849
-3.221633
-0.625800
0.062863
1.271604
-1.163606
0.087449
1.022523
-1.012900
-1.442035
-1.197238
-1.501360
0.247406
1.020396
-0.689370
0.697555
-1.796956
-0.016804
0.283397
-1.376191
-0.754856
-0.892365
-0.255392
1.633631
1.299029
-1.536499
0.934471
0.432405
-0.569388
-1.532397
-1.061318
0.863038
-0.723083
1.306755
1.632744
0.186151
-1.365844
-0.665137
-0.645571
0.170290
0.611192
-0.688587
-0.911207
-0.054944
1.667417
-1.479382
1.559551
-0.509350
0.459617
0.667672
-0.976194
-1.980388
0.211479
-1.018448
0.068275
0.021487
0.021511
1.460553
0.306053
-0.404970
0.109596
-1.591954
-1.862273
0.747399
-1.192903
-0.147811
-1.093915
1.387991
0.914781
-0.327558
1.276315
1.032175
0.389001
-1.572610
-0.130435
0.682150
0.856698
-0.031503
-0.529185
0.693010
-0.416869
-1.345903
0.592862
0.210752
0.528988
0.809517
-0.212021
0.397915
-0.301188
2.770670
1.572398
-2.084729
-0.693993
-0.147353
0.607006
1.242044
1.237534
0.993403
-1.217886
0.240834
0.449529
0.203355
-2.362780
-0.007386
1.220135
0.688413
0.166609
-1.070377
-0.111398
-0.021748
0.042820
-0.346556
-0.999686
-2.536286
0.288486
-0.909754
-1.340355
-1.387626
-2.590226
-0.381543
-1.525183
1.163076
0.092701
1.047407
1.226016
-0.494051
-1.663939
-0.031011
-0.551810
0.044288
-0.211878
-0.027829
-1.382037
2.335840
-0.405342
-2.517613
0.059171
0.741405
-0.024544
0.689440
-2.024095
-0.441935
0.493680
2.175279
0.632504
-1.040647
-1.226279
-0.033101
-0.198068
1.034842
0.414831
-0.060800
0.833362
0.631467
1.503034
-0.239407
-0.490825
-0.609233
0.111022
-0.549382
1.003495
0.259636
1.214360
-0.515526
-1.450584
-0.156543
-0.742800
-1.429994
1.983017
2.505283
-0.177979
-1.473248
-0.278812
-0.866501
2.397046
0.649162
-0.866336
-1.662731
-0.188801
-1.238672
1.166145
-0.561758
-0.916360
-1.217656
0.113932
0.056769
0.104218
1.780424
1.129482
2.182204
0.538470
-0.028311
0.884734
-1.563780
0.413793
-1.069166
1.013968
1.135186
-0.454817
-0.515097
1.444163
-0.426794
-0.198313
-0.380889
-0.320986
0.174024
2.032518
1.628457
-2.909647
1.136764
2.224606
1.529528
1.329577
-0.304499
-0.732977
0.359915
0.542121
-0.434716
-1.481762
0.010619
-0.675111
0.740400
-2.267286
-0.238412
0.968900
0.784141
-0.059597
-0.654746
0.077671
-0.869191
-0.141433
0.158353
-0.541134
0.867858
-0.257565
-0.942744
-0.779696
-0.176824
-0.195857
-0.947956
-1.064206
0.215841
1.153575
-0.315889
-1.080273
-1.294068
0.600231
0.563401
-1.303380
-0.923390
-0.238129
1.603460
-0.232733
-0.030599
0.534703
1.125553
-0.786379
-1.644566
-0.228163
0.123363
0.405208
1.185491
-0.650104
-0.820819
1.393098
0.635377
0.491084
-0.301118
0.499684
-0.246932
0.251834
0.165116
-0.114825
0.818407
0.082788
-1.458395
-0.082127
0.542707
-1.924285
-1.424870
-1.362610
1.376539
-0.283789
-0.508871
1.997414
0.872759
-0.766253
0.817701
0.085621
0.977545
0.571633
-0.342494
0.910021
1.318146
-1.033662
-0.970117
1.216661
2.015370
0.224939
2.257290
1.578481
-1.734000
1.315365
-0.736081
1.890359
0.866209
2.215959
1.222776
-0.243665
-2.468525
-1.683078
-2.435367
-2.692135
-1.707148
-0.215348
-3.481313
-0.910314
-2.196243
0.444687
0.616238
-1.274749
0.591779
-1.000102
0.144475
0.047663
1.246509
1.059583
0.433715
-0.383907
0.124392
-0.607758
0.817047
1.586495
1.241358
-0.145235
-0.399759
-1.977473
-0.087923
0.452455
1.858666
-1.289587
1.465352
-0.342006
-1.267703
-1.104758
1.366344
-0.075748
0.651790
-1.018375
0.961661
0.633007
-0.226818
-1.225996
1.006435
0.521898
1.306422
0.499630
-0.835890
-0.067204
0.897331
1.558802
0.965442
-1.015986
-0.169890
-0.650733
0.529600
1.276242
0.496997
-0.019605
-0.156500
0.614437
-1.359457
-2.030002
-0.274689
0.070249
-0.073890
2.429520
0.214525
0.635090
-0.361884
-1.163678
-1.224744
-0.382708
-1.349285
0.344341
1.023188
0.089624
-0.193846
0.814022
1.067682
1.130541
-0.609218
-3.336909
0.536539
-0.520375
-0.640315
-2.163450
0.748656
2.022811
-1.520935
-1.474001
-0.109936
-0.453565
-0.439505
-0.121813
-0.505052
1.537351
1.178078
2.115308
2.478184
0.193441
1.427267
-2.067240
-0.005435
-1.130149
0.156089
1.401885
1.279613
-0.605479
-0.243279
1.117955
-0.248764
0.227508
-2.469618
1.425016
-1.902129
0.160136
-0.009062
-0.469539
0.879946
1.019676
-0.901343
0.379240
0.797650
0.675068
1.716950
-0.221633
1.269664
0.860443
-0.980030
-1.193427
0.108185
0.918836
1.159381
2.761901
1.609331
-0.956906
-1.099402
0.903615
0.410625
-0.712947
-1.118786
-0.442317
-2.972321
3.165733
0.004883
0.504947
-0.364442
-2.625518
-0.705541
1.276677
-0.831785
-1.847605
1.271082
0.605097
-1.421146
-1.661291
0.367229
0.166302
2.054211
-0.661863
-1.795416
-1.750183
1.152163
-0.275247
-0.663719
-0.777810
-0.820308
-1.449434
1.175496
0.723407
0.613102
0.905618
-0.107985
0.141564
-0.677271
0.072577
0.216683
0.176132
-0.396393
0.689222
-1.093783
-0.216997
0.863574
-0.036791
-1.106202
-0.514029
0.339213
0.024987
0.333171
1.547968
-1.744096
-3.123521
-0.987436
-3.581556
-0.334931
-0.117102
-2.058879
0.883187
-0.754895
1.755226
0.280392
-0.460352
-0.880483
0.430418
1.113089
1.685482
-0.475989
-1.211566
-0.964917
-1.853252
-0.770853
-0.923157
-0.277247
1.129708
-2.200435
-0.853017
0.334987
-1.176286
0.487175
0.423312
0.440280
1.654663
0.575405
-1.145736
-0.656584
0.265898
1.140700
1.351647
-0.942579
-1.576723
0.149837
-0.046561
-1.846499
-0.303995
-0.083770
2.185462
-0.556708
-0.340422
-0.224025
0.958842
0.225676
-1.325433
-0.666702
-1.225896
-0.315272
-2.067931
-0.295880
-3.225229
-1.691951
-0.501191
-1.444487
-3.538196
-1.580807
-0.744779
0.499713
1.074369
-0.783413
-0.269224
1.997524
0.726880
-1.216372
-1.326343
-0.263801
0.481840
-0.337403
0.231679
-1.865977
-1.116773
-1.009306
-0.917315
1.339876
0.337773
0.710759
-2.148540
-0.496527
1.373686
-1.446152
1.327626
0.274761
2.985836
1.704407
-2.682341
-0.175430
1.117983
-0.509918
1.121642
0.786127
0.129780
0.075020
0.059776
-0.835116
1.277336
1.242135
0.230282
0.837689
2.352886
0.143361
1.071363
-0.182147
0.176326
0.191113
0.100046
0.738310
0.789087
-1.716468
-0.287813
0.850008
0.264669
-0.839419
0.101254
-0.141999
0.651619
1.786926
0.124082
-0.391326
0.438175
1.316019
0.145225
2.139337
1.828979
0.261953
0.591438
1.149778
-0.089737
-0.432759
0.934874
-1.395902
-2.128117
-0.318282
0.318497
-1.440881
-0.705668
-0.263408
2.804354
0.021496
0.622925
-0.578399
-0.805676
-0.590358
-0.348646
0.523495
1.341898
0.766229
2.546429
0.928659
0.857735
-0.939883
1.184120
0.949037
-1.856667
-0.364630
1.369216
-0.334932
0.192089
0.809094
1.152652
-0.959058
-0.973852
1.186493
-1.571739
0.636157
0.075566
0.149794
-2.544630
-0.447928
1.886246
-0.599954
0.329033
-0.890987
-0.833135
-0.419162
1.599933
0.454797
-0.816769
0.957896
-1.449072
1.037164
0.607783
-0.515098
-0.701180
1.232369
-1.694390
-2.978877
0.858975
0.652657
1.959654
0.054770
0.262293
-0.386719
-0.325698
-0.891732
1.212151
0.652850
-0.318298
0.533815
0.941098
0.172394
-0.956013
-0.506127
-1.287774
-1.042066
-1.608906
-0.606686
2.047742
-0.246290
-0.513306
-1.151984
0.968355
-2.749296
-1.126957
-1.321831
-1.764165
0.654346
1.090480
0.664725
1.502643
0.542001
-3.402696
0.437774
0.189553
0.363549
-0.377669
-0.059527
1.245715
-0.001134
-0.851557
0.587191
0.522422
-0.674581
1.077151
0.325485
1.070791
-0.727142
-0.643734
1.268589
-1.480765
0.370608
0.022940
-0.643873
-1.265774
0.037855
-1.627917
-0.430678
1.930247
1.129337
1.015151
-0.871314
0.392837
-0.793354
-1.315082
-1.646970
-0.177327
0.977162
-0.670917
-0.988732
0.528661
-2.269377
-0.411422
1.247751
-1.473940
-0.074903
1.153558
-0.806332
-3.166491
-1.607139
-0.087911
-1.137047
1.775505
1.644516
2.004980
0.424407
0.345914
-0.023793
-0.598512
-1.860585
-0.729400
0.025132
-1.855190
0.060867
0.770772
-2.568932
-1.659261
0.940853
0.721528
-1.283451
-0.037007
-1.103744
-0.021620
0.107714
1.183155
0.647038
-0.425580
0.329179
-3.922636
-0.373494
0.480747
-1.050600
-1.207413
0.370087
1.352808
-1.096042
0.454183
0.882866
-1.690634
-0.204495
0.080098
0.130119
-0.099315
-0.397757
0.045502
0.102311
-0.895325
-0.976750
0.887200
0.969869
0.283005
0.157713
0.153246
-0.459550
-0.029747
1.870633
-0.488356
0.248807
0.077630
-0.738184
1.714907
-2.559246
0.336457
-0.395162
0.258111
-0.918896
-0.262894
-0.007098
-0.123742
-0.367803
-0.702355
0.163515
0.804973
1.833640
1.575799
0.486462
2.223374
0.530291
0.243425
1.085691
-0.753504
-4.396926
-0.699447
-0.401436
0.511932
0.425136
-0.619960
-0.722092
0.338904
1.269896
-0.228087
-0.896600
0.343233
0.029469
1.347042
0.924750
-0.652255
-2.403630
-1.702327
-1.355856
-1.899837
-1.123077
0.949829
-1.461710
-0.621937
0.175273
-1.329309
0.966671
1.315808
0.822752
-0.834062
-0.368742
0.656229
2.197326
1.491306
-0.947659
0.735249
0.374586
0.012400
0.645478
0.044495
1.864331
-0.320491
-0.213402
0.135478
-1.869029
-1.647202
-0.571666
-1.129552
0.604078
1.618953
0.028388
0.831394
-1.721747
-1.270523
-1.754210
-2.877665
1.166472
0.995441
2.208816
1.399992
-0.452995
-1.433251
1.726823
0.440980
-1.093028
-1.086894
0.225833
-0.075063
-1.015565
-0.303737
1.081267
0.793721
1.823416
1.549985
-0.964739
0.160442
-0.435508
-1.316757
-1.357052
1.068852
1.966773
-0.635353
-2.323565
-0.038013
0.489726
1.186280
-0.453458
0.525075
-1.981651
-0.246795
0.110725
-1.415473
-1.050437
-2.154162
0.012431
1.067379
-1.055728
-1.552085
-0.005395
1.019975
0.029590
-0.733107
0.257753
0.323528
-0.066501
2.431414
1.927405
-1.522316
1.507370
0.612116
-0.845289
0.631245
-2.729670
1.411827
-1.550908
-0.273120
1.593301
-0.025112
0.986389
-1.682602
0.718595
-0.448673
1.488004
-1.565016
1.228337
-0.543562
-0.343226
-1.757471
0.878135
-0.310495
-0.278581
-0.488173
0.192255
1.721868
-0.775275
-1.679017
-0.338717
1.882288
0.246438
-2.098123
-0.372545
1.765757
0.968765
0.849937
-1.113932
0.191104
0.671704
2.146133
1.275219
1.321199
-0.135269
-0.003489
0.115969
-1.707390
-2.479231
0.381526
-1.187727
0.493586
-0.963224
0.494146
1.216581
0.100200
-1.127304
-0.199441
0.276357
-1.408453
-0.871833
-0.419974
1.535194
-1.162463
-0.885313
-0.410390
-0.054882
0.523466
1.152261
0.675969
-1.099837
0.539290
-0.122557
0.261996
-1.363928
2.030982
0.128425
0.344491
-0.242452
1.214886
0.408996
-1.456730
0.667188
0.830005
-2.261557
-0.176558
-0.645023
1.254527
-1.191318
0.284085
-0.518455
0.616943
1.871680
-0.514550
-0.123596
-1.557836
0.948912
-2.082595
1.850919
1.216338
-1.962110
0.903512
-0.937854
-0.795687
-0.031116
-1.546399
-1.455028
1.646379
-0.161598
0.381050
0.394638
1.517673
-1.904518
-0.868811
-0.748243
-0.221212
0.711623
1.274383
-0.494715
-0.522871
-1.604249
1.265896
-1.008193
1.808585
-0.283988
-0.221737
-0.423498
1.628811
0.496081
0.384656
-1.539926
-0.760118
0.829376
2.047149
-0.550803
0.646011
-2.800706
-0.316872
1.036219
1.562533
2.529086
-0.138441
0.544284
1.018355
1.209543
-1.783105
1.233238
0.125420
0.781357
0.406958
0.356516
0.462138
-3.048261
-0.376181
0.368518
-0.569388
0.561198
2.329439
0.709995
0.135106
0.178827
3.541366
0.302675
0.744831
-0.231106
-1.201042
0.035298
-0.867456
0.385559
-0.032091
0.536282
1.416466
-0.159203
-1.529994
-0.129132
1.722745
-1.743697
-0.052348
0.373436
1.286081
2.281318
0.153407
-0.281389
-2.094919
0.440786
-0.459165
-0.654979
0.502307
0.480517
1.358516
-0.607735
2.366966
1.093115
0.708399
0.403344
-0.465459
0.299707
-0.096748
-0.140294
0.750792
-0.703948
-1.434628
-1.295273
-1.851075
-0.858707
0.045755
-0.603114
-0.821271
-1.790369
-2.150954
-1.672571
0.264582
-0.638245
-1.031328
-0.840904
-0.766826
-2.359310
-1.083667
0.899590
-1.134775
0.491995
-0.516060
-0.383957
-1.466398
-0.465556
2.591476
-0.173720
-1.527944
-1.000820
-0.123749
-1.242823
-2.110345
-0.026241
-1.247394
-1.064038
-1.108511
-0.383955
-2.068017
0.111314
0.477081
0.138597
0.372027
0.110486
0.838896
-1.538563
0.117101
-0.692717
-0.097031
-0.459966
0.758361
-1.002541
0.958547
0.228284
0.703601
1.055021
-0.120481
-3.280835
-1.247035
1.752600
-0.715925
-0.730725
2.765926
-0.958389
0.454413
0.030220
-0.837330
-0.830014
0.375567
-2.045201
-2.011941
2.444703
-0.014265
-0.374907
0.269714
-0.159173
0.554704
1.877207
0.941095
0.111201
0.018319
0.120733
-0.717858
0.215890
0.383377
0.910863
-1.458270
0.659183
0.438667
-0.615230
-0.650162
0.028184
-1.075135
-0.544860
-1.039020
-2.348373
0.629110
-0.642691
0.419984
-1.334597
0.759197
0.401609
0.198177
-0.234195
-0.523564
0.566843
-1.979539
-1.701808
-1.426585
0.152440
-1.329551
1.000152
0.440327
1.794111
0.277574
-0.654842
1.762654
-0.777992
0.154677
-0.786050
-1.712884
0.114171
-1.018963
-1.987491
1.427094
1.836254
-1.996574
0.465179
0.921259
-0.351477
-2.268489
-0.716864
-0.619046
-0.912277
-1.445136
-0.888291
0.570682
-1.923351
-0.665867
-1.320910
0.340035
-0.830051
1.826087
0.498916
-0.008259
1.214846
0.482651
-0.348611
1.079343
2.543194
-1.828108
0.445573
0.144604
-2.219655
-2.408705
-1.765919
-1.850798
0.248528
1.522097
-0.749949
0.259215
2.097600
1.400759
-0.986994
0.964685
1.377284
-0.043993
-1.199595
0.483527
-0.168984
1.050376
-1.651874
0.474694
1.572565
-2.044879
-0.922175
-0.238493
1.344457
-1.268467
-0.240285
0.272912
0.674206
0.955558
0.559555
1.797740
-0.161124
0.372857
-0.346767
0.659854
-1.968077
2.386239
0.772799
2.657989
-0.990514
0.073331
2.382058
-0.486454
1.412880
-0.365072
-0.018004
-0.090424
1.432331
-0.780348
-1.430219
2.417812
-1.841639
-0.066485
-0.934975
0.079958
1.764036
-2.757226
0.255427
-0.047432
-0.238467
0.760257
-0.530586
0.547006
-0.424208
0.100056
3.320867
0.407815
1.002523
-0.640333
-1.630282
-0.780652
0.730438
-1.176043
1.467998
0.044731
1.303433
-0.699747
-0.821647
-1.993043
-0.787548
-0.065091
-0.365744
1.414585
1.323653
-3.362572
-0.792609
0.678506
1.060213
1.276590
1.567603
1.704290
-0.994880
-1.076995
1.783490
0.676190
-1.965170
-1.025197
0.005300
-0.499333
-0.526537
0.355466
1.839769
0.329281
0.747802
1.346644
-0.338314
0.235828
0.312243
0.440598
2.664741
-0.134465
1.123763
-0.550512
0.568546
-1.350413
-0.288137
1.560334
-0.578772
0.389744
0.070387
-0.853524
-1.509486
-0.340507
-0.205938
1.142817
0.028720
-2.091162
-0.198320
0.905347
-1.343802
1.207866
0.689713
-0.440970
-0.666581
-0.696302
0.868431
0.548036
-0.655416
-0.913266
0.451223
-1.024289
0.651317
1.451080
0.270998
-1.513339
-0.856109
1.834993
2.398749
-1.582499
0.826187
-0.763446
-0.694839
1.003856
1.514333
-0.577469
-0.084374
-0.480627
-1.393763
-0.263815
0.054465
-1.257361
-0.223968
-0.321627
-0.865614
0.698892
2.108588
0.881263
1.322519
-0.164660
0.619792
-1.129487
0.071746
0.000735
-1.318383
0.725996
-1.856770
0.994705
2.169772
-0.503625
0.172753
1.188235
0.277816
-0.052828
-0.466107
-2.544538
-0.213699
-2.546228
0.306405
-0.214248
-1.279484
0.186174
1.381372
2.404951
-0.353681
-0.807641
3.508474
0.837881
0.706699
0.413783
2.299478
0.799095
0.590596
-0.210913
1.336464
-1.983998
0.836571
0.180790
0.939810
-0.779503
0.568522
0.358588
0.273526
0.583032
2.180246
0.193082
1.565755
2.382764
-1.386030
-0.179326
0.137660
-0.402890
0.940733
-1.450406
0.027008
0.635428
0.117194
-1.150115
0.356535
0.468969
-0.716186
-0.845802
1.813078
-1.374193
-1.223449
0.804886
1.552537
-1.628195
0.556449
-0.963393
0.237010
-1.091310
-2.083852
-0.180108
-1.773330
0.641325
-1.085087
-1.775348
-0.857863
-0.477665
-1.168794
0.625581
1.122594
2.428407
0.208384
-0.029737
-1.187347
0.322861
0.994315
-1.041623
1.862002
0.143682
1.311607
0.519870
0.226561
-0.590198
-1.356931
0.557245
1.112893
-1.254595
-0.575303
1.363310
-2.037304
-2.009707
-0.562731
-1.065375
-0.227233
-0.517766
-0.670774
2.118404
0.850608
0.026685
-2.118285
-0.950819
-0.993158
-1.209945
-0.879006
-1.706265
1.637926
0.348027
-0.047655
0.745638
-0.222952
-0.411263
-1.216911
0.268655
0.257973
-0.073870
-1.221476
-0.131870
0.310893
0.449078
-1.451698
-0.533172
0.449569
1.166277
0.203739
-0.144030
0.019691
0.266245
-0.264025
-0.583078
-1.104571
-3.224225
0.148224
1.208138
1.364129
-0.276876
-0.101408
0.042799
-0.490640
0.914908
0.112090
-0.983153
1.831175
1.393035
0.191219
0.285638
0.798925
-0.371683
-1.358311
-0.887400
0.791448
0.047272
-0.119938
-0.555788
0.084253
1.380109
0.540478
1.105692
-0.379156
0.529832
-0.158082
0.245202
-0.644491
-0.275751
-1.051492
-0.530219
-0.285335
2.908604
1.418284
-0.746548
1.248952
-0.919392
2.521368
-0.528370
-0.231922
-0.020624
0.786056
-0.923990
0.768941
1.122591
-0.899549
1.267390
0.020069
-0.629130
1.853044
-0.126409
-1.973182
2.303564
1.688311
1.612375
0.923249
2.159712
-1.099149
-1.533744
-0.599476
1.389279
-0.308328
0.929498
-0.561196
-1.670962
-1.711454
-0.371478
0.481738
-0.644697
-0.386521
0.641957
-0.206040
-1.093620
-1.498516
-0.428406
-0.454526
-0.991793
0.004341
-0.275800
-2.180485
-1.278456
-0.611174
1.273274
-0.826225
0.070570
-0.166284
-1.364994
0.604342
0.551964
0.540560
1.150910
1.945125
0.515680
-0.009240
0.102282
-0.316262
-0.499462
1.276294
-0.990691
-0.444317
0.307948
-1.043271
-1.656615
1.301838
-0.639207
0.424203
0.524168
1.255709
1.786039
0.183680
-2.003433
0.540683
-0.508484
0.317249
0.019775
-1.835551
-0.638279
-1.091666
1.621514
-0.292406
-0.025383
-1.335202
0.371655
0.072211
-0.207493
-2.427483
-1.011439
1.169284
-1.369053
-1.371075
1.319010
-0.321390
0.559485
-0.366305
-1.061070
-2.027611
-1.028508
-1.726641
0.036961
0.404398
0.573129
2.721216
0.966799
3.225890
-0.257832
0.006527
0.039451
-1.117064
-0.933714
0.048246
0.739457
0.629657
-0.639870
0.479510
1.446536
0.744423
0.720812
1.816397
-1.959875
1.011264
0.391375
0.595744
-0.628217
-1.045148
0.321226
0.136497
-0.866149
1.809619
0.305473
-0.337830
1.563661
0.133431
0.810042
-1.277579
-0.677216
0.143302
-1.295588
0.227147
1.226442
-0.006935
-0.924477
-1.061582
1.855420
-1.075403
-0.619145
-0.374539
-0.052092
0.367841
-0.802978
0.441346
0.833895
1.324054
-0.176153
0.313644
-0.838130
1.155870
0.998959
0.278931
1.320872
-0.073314
0.696222
0.675033
1.155502
-1.023173
-0.567384
0.627803
-0.918263
-0.386949
0.712765
0.442169
-0.261353
1.095558
0.204671
-0.881314
0.979512
0.085292
-1.259219
-1.220757
0.242918
-0.556232
-0.952396
-0.004935
0.068943
0.498748
-0.491704
0.687897
1.333390
0.279126
1.259596
1.530986
-1.863899
-1.426654
1.658992
2.091933
0.408585
0.610560
-0.461099
-0.799444
0.980717
-0.469842
2.242702
1.504533
-1.209369
0.284639
0.966587
0.121373
-1.043158
0.443914
-1.322410
-1.025160
0.670145
-1.160210
0.528243
0.865741
2.625074
-0.310451
-0.585615
2.800983
-0.817506
-0.037200
-0.765028
-0.135834
-0.914105
-0.213084
-1.726057
1.491452
0.259873
-2.639542
0.746792
1.388717
-0.108409
0.476829
-0.111666
0.855908
0.024532
-0.928885
-1.384909
-1.222858
0.917540
0.288992
-1.318366
0.000455
-1.264521
-2.195852
1.974699
-1.706769
-0.078473
1.052592
-1.592581
-0.927339
-1.385495
-0.961109
0.793253
-0.653101
0.193409
0.501523
0.088767
1.719896
-1.361425
0.438870
0.274758
-2.652440
-1.470372
2.536896
-0.572960
0.278062
0.227288
-0.110901
-0.094421
0.693170
-2.597940
0.834676
0.513622
-0.976303
-1.299307
1.634281
-1.723006
-0.080447
0.908599
-0.578327
-0.937383
1.755288
1.634111
2.101390
0.806053
1.004509
0.754456
-0.551497
0.520009
-1.244628
0.191078
-0.937479
-0.407573
-1.047733
1.174852
-1.208563
0.023172
0.486967
-1.874868
-0.975311
-0.094019
-1.908870
0.029598
-0.137694
0.908129
1.492395
0.556543
-1.202832
0.944661
0.090163
0.727864
-0.472329
-0.783337
-0.531806
0.266866
-1.667075
-1.722506
-1.389818
0.302810
-4.139908
-1.655034
1.981780
-1.188940
1.127447
0.384634
-0.367319
0.371883
-2.243069
-0.628335
-0.398697
-0.251937
-0.528396
0.339317
-0.608804
-0.419413
-2.930801
-1.082917
-0.133923
-0.803346
-2.084373
0.913684
-2.134004
-1.203951
-0.973927
0.864863
-1.629683
-1.416797
0.714686
1.363892
0.075493
-2.142813
-0.505706
0.556702
1.797818
-0.399504
0.485219
-0.486814
0.141003
0.076194
1.028615
-0.613525
1.455053
0.290914
1.109073
-0.874508
-0.900736
-0.555962
0.215828
-0.509661
-0.475420
0.291545
-0.073083
1.643239
-0.140389
2.035787
-0.285913
0.964838
1.657789
0.615669
-0.060401
0.596215
-0.114856
-1.051537
-1.006971
0.932542
1.203160
1.709649
0.387622
-0.501755
-1.450876
-0.368669
-3.000389
1.540558
-0.251284
-0.279473
0.495690
0.787120
-2.326492
0.825807
-1.812031
-1.946017
1.266365
2.075978
0.068657
1.457839
-1.776232
1.594293
1.403277
0.235592
-0.984719
2.181641
0.102491
-0.722187
0.719789
-0.672042
-1.379516
0.399572
1.611098
-1.546019
2.103326
0.130129
-0.156894
0.187153
-0.272580
-1.908265
-0.905584
-0.536145
-0.925655
-0.982155
-0.052615
-1.062218
-1.059004
-0.357113
-2.050255
0.791102
1.197986
0.051149
0.499910
0.229935
-0.437242
-0.746179
1.275017
0.960472
-1.033978
-0.849232
1.233764
1.855387
2.969836
0.871528
-1.214506
1.949868
1.145203
-1.377530
-1.120173
-1.513365
-0.425683
0.159725
-2.027656
-0.013835
-0.708820
0.059076
-0.707771
0.497292
0.846366
-0.071628
0.270809
-0.361312
-1.584195
-0.029270
1.195933
-1.030475
-0.191575
0.560921
-1.331207
-1.513605
-1.669380
-0.707230
-0.156680
0.050909
-2.303685
-3.631385
0.930760
1.380690
0.322884
1.929959
-0.757672
-1.383466
-0.821903
0.730250
-0.383268
-0.500634
-1.232138
0.938201
0.963052
0.478378
0.310705
0.519812
-1.054284
-0.202011
-1.139260
-0.485941
-1.758691
-1.174521
-1.618241
0.219531
-1.273836
-0.698387
1.975088
0.837139
-0.671742
0.716414
-1.432949
-0.779834
-0.436490
0.580993
-1.457204
0.107069
-0.596114
-0.065284
0.440374
1.458253
0.590531
0.031313
0.113638
-0.855999
-1.024738
0.324719
-1.128263
1.476375
0.122991
-0.460262
-0.423232
-0.218698
-0.008566
-1.640732
-0.808773
-1.415590
2.019380
1.459239
0.340283
0.692705
-0.163406
-0.484065
-1.128084
-0.480927
-0.040865
-1.916442
0.467473
1.516529
-0.646320
-0.898018
-1.219540
-0.326653
0.372972
0.082792
0.591755
0.082531
0.020916
1.366881
-0.122320
-0.382231
-0.561527
-0.044960
-0.193139
-0.067294
-0.452395
-0.973216
-0.232152
-0.501817
1.008759
-0.075257
1.487914
1.671582
2.262920
1.296644
-1.046461
1.729230
-0.447172
0.740053
0.232183
-1.575582
-1.276244
0.151177
-0.861378
-0.552696
-0.305844
-1.085048
-0.360223
0.903898
-1.421306
-0.188232
1.446490
0.101753
2.248797
0.627244
2.204462
0.606881
-0.617197
0.062965
-1.904486
-1.556905
0.200773
-2.562141
-0.366993
-1.116766
-2.474359
0.939862
-0.246132
-2.500089
2.004458
1.752094
1.455623
-1.033959
0.645988
-0.669561
0.578195
-0.094655
0.939912
0.232097
-0.939318
0.868370
1.305557
0.802495
1.031414
-2.103919
-0.692058
2.133378
-0.668881
0.296895
0.527563
-0.716989
0.008510
-0.563848
-2.489708
-2.263821
-3.031847
-0.291633
-0.656678
2.114776
-0.202812
0.752204
-1.091992
-0.918372
0.378056
-1.502478
0.811422
-1.116797
0.583202
-0.523609
1.045960
1.746582
0.303669
0.446245
-0.339927
2.605235
-0.070838
-0.039107
1.497019
-0.047903
0.814890
0.955947
0.456303
0.597139
-2.080134
0.898257
1.642250
-0.441129
1.361730
0.722414
-0.922223
0.333623
-0.355526
-0.630880
-0.090523
-0.491161
0.315984
2.084388
0.084835
0.839388
0.239025
-0.074408
-0.303103
1.886103
0.193768
0.292370
-1.392546
-2.600204
-0.450871
0.946493
-0.124952
-0.598792
0.912375
0.476720
-1.061156
0.478333
-0.321711
0.088272
1.296769
-0.729599
-0.395886
-0.427636
0.121053
-1.932362
-0.995540
0.549065
0.196143
-0.017473
0.383465
0.145183
0.346345
-1.847388
-1.538191
-1.978561
0.559593
-1.217179
0.646290
-0.756734
-0.470539
1.755284
-0.896172
1.027876
0.047636
0.216254
0.572711
0.410846
-0.332225
-1.179399
-1.075550
0.914537
-2.123431
-1.519223
1.303715
0.446200
-0.581217
0.222639
1.127496
0.355355
0.213439
-1.103645
0.307624
2.718120
-0.301785
0.255521
0.544237
1.177170
-0.839370
-1.636025
1.419709
-1.758498
2.348816
-0.713696
-0.080325
-0.794378
-1.849640
-1.532874
0.550343
-1.049843
-0.609052
1.342433
-0.360585
0.568014
-1.228160
-0.313009
0.493866
0.934976
-0.700731
1.428901
1.209988
-1.683896
-0.541539
-0.658654
-0.922888
-0.618824
-1.000850
-0.438750
1.256253
0.569783
-0.959816
-1.744033
-1.280790
-2.004169
0.619250
1.828695
0.663547
0.209237
1.936445
0.083071
-0.846415
0.826591
-1.122934
-1.952372
-2.615977
-0.302417
-0.362165
2.547999
0.105488
0.784171
0.870791
1.028982
-1.168498
-1.742661
0.170847
-0.809814
0.109053
1.496327
0.098612
0.887582
-1.337780
-1.140603
0.513532
-1.545669
2.038555
1.225836
-0.289111
0.571384
0.144767
-0.239543
1.275200
-0.194968
0.637963
-0.516550
-0.781897
-1.157358
-0.447882
-0.711478
0.195022
-1.072124
0.038708
1.154645
0.828230
-0.672916
-0.450369
-1.337541
-0.803980
-1.389311
-2.402106
1.048094
1.196811
-0.558465
2.713898
-1.092855
-1.552227
-2.232855
-0.234331
-0.769244
2.146576
-1.478844
-0.684560
0.311099
-1.274267
-0.888606
0.167471
-1.148987
-1.561378
-0.616456
0.148088
-0.293749
-0.051191
0.321346
-0.484747
0.401425
0.285050
0.737670
-1.668891
1.214961
0.559783
0.202158
0.222239
0.018073
-1.229191
0.048976
-1.233455
1.738153
0.526779
-0.804598
-1.029461
1.704823
-1.103939
-1.212434
1.598759
0.255804
-0.785920
-0.027090
-1.133485
0.284995
-1.513191
0.014537
-0.228608
0.346361
1.155394
0.006685
0.165081
0.067688
0.070920
1.015586
2.115453
-0.069873
-0.192966
-0.108603
0.092584
2.334101
-0.439634
-1.425336
0.802059
-2.293014
-0.156598
-0.476656
-0.442104
2.457637
0.786924
-0.930090
0.449079
2.016474
0.059946
-1.493577
-0.016205
2.051562
0.668800
-0.701987
-0.845760
1.659559
-0.523881
-0.750645
-0.516222
0.931666
0.849334
-1.291496
2.077888
-0.078002
1.555190
2.489466
0.073933
-1.186529
-0.970618
0.375385
-1.276722
1.207977
-0.610922
-2.005474
0.175913
1.006686
-1.433507
-1.380592
-0.985239
0.246719
-1.160347
-0.752120
0.307888
-0.124251
-2.087391
-1.143624
-0.735171
0.416132
0.351162
-0.740863
1.549513
0.896306
0.523113
1.122796
1.509258
0.029019
1.091407
-1.175862
0.722205
-1.319016
1.050590
0.593933
0.436726
-1.096759
-0.037066
-0.719692
0.924547
-2.283004
0.126536
0.894472
0.118036
-0.607275
0.301651
-1.057209
0.006740
-1.695893
-0.090725
0.408539
-2.920546
-0.986779
-0.445125
-1.635914
-1.395082
2.517199
2.253220
-0.302707
0.526789
0.907396
-0.292722
-1.639547
0.139108
-0.515531
-1.423990
0.335598
1.086349
-1.858931
-0.656004
0.103465
-2.435851
0.168153
0.329950
0.791374
-0.698476
-0.712881
-0.240066
0.403498
1.303780
-0.895360
0.937902
-0.192693
1.773830
-0.547637
-1.278845
1.331442
0.435503
0.468563
-0.901452
-0.485358
0.165910
0.075880
0.509076
0.500096
1.403595
-1.870203
-1.094538
-0.127973
0.899981
0.038949
-1.117192
-1.347624
1.162953
0.407410
-0.236598
2.135659
-1.609119
-2.063654
0.598089
0.126404
1.158065
0.813793
-1.139051
0.129953
0.523572
-1.715216
0.860004
-0.444038
0.688378
1.256594
-0.119219
-0.764746
-0.962757
0.768211
-0.432072
-1.576331
1.325417
-3.162988
0.161568
-0.572901
0.237210
-0.055498
0.126473
-0.821954
0.398233
-0.548245
0.739642
0.851015
-0.266165
1.438976
1.230167
-0.054363
1.738602
1.336604
-1.243362
0.368705
-1.203992
-0.050352
-0.463557
1.276171
2.165717
-2.351326
1.504111
-0.704700
1.552626
0.599546
0.120660
1.154415
0.231679
-2.064945
-0.524396
-1.307899
-0.569375
-1.839663
-1.454875
-1.010707
-0.231585
-0.377978
-1.107342
-0.816679
0.133305
0.105603
-0.314933
2.557385
1.249897
-0.004634
2.485527
0.156530
-0.674045
0.805890
-1.918070
-2.404261
-0.281946
-1.098002
0.135908
-2.096432
0.753001
1.761099
-1.749813
-0.104636
0.358276
-2.147006
-0.113174
1.456305
-0.716627
0.666568
-0.484321
-0.770489
-0.623356
-0.055715
-0.959002
1.653278
0.761762
0.139791
0.123855
-0.869678
-1.854957
1.625920
0.096428
0.690669
-0.923937
-0.650244
-1.963450
0.197673
0.521304
0.360159
-1.463333
-1.782002
-0.730599
-1.559207
0.174127
0.302038
0.882975
1.050850
1.434226
0.166822
-0.409457
1.780081
-0.080532
-1.201807
1.367477
-2.220979
2.214973
0.403894
-1.164902
-1.246785
-0.683180
-2.198215
-2.093241
-2.210662
-0.118065
-1.123152
0.684017
0.897367
0.712310
-1.243172
-1.768950
0.416166
0.178031
-2.005954
2.528319
0.317158
0.956558
-1.067012
-1.972151
0.830906
-1.416948
-1.390389
1.036815
-0.188448
1.762725
-2.112858
-1.749336
-2.827417
-0.847507
0.430520
-0.997612
1.867588
-1.409857
0.031597
0.616114
0.258488
-1.317172
1.498609
1.177010
-0.458711
0.318170
-0.851740
0.697802
0.864231
-0.641213
0.014184
-1.074312
-1.273570
0.661684
0.072303
1.897847
0.412084
-0.898062
-3.238966
1.727315
-0.433522
0.381457
1.356399
2.433137
1.188952
1.181362
-1.250227
-0.576223
-0.582464
0.856639
-0.489829
0.227124
1.120887
0.416298
-0.126133
-0.955477
-0.925614
-4.369531
-1.648851
0.546510
-0.139411
-0.776386
0.152542
-0.652064
-1.861361
0.639868
-0.944313
0.624635
0.698590
0.309897
-0.233330
1.402617
1.426685
0.353332
0.176585
0.811501
0.620329
1.506198
2.002574
-0.416673
1.378312
-1.057736
0.361638
0.252202
1.335079
0.994707
-0.071066
-0.147156
0.349454
1.164189
-1.148427
0.000211
-0.699030
-0.837622
0.075637
-1.449535
-1.242690
-1.577872
-1.106534
-2.330496
-1.085164
-0.326017
-0.643586
-1.303262
-1.844752
-1.603049
0.634925
0.542280
-1.094696
-1.885385
2.030853
-0.626497
0.179782
0.823365
1.868300
-0.554563
2.268720
1.442758
-0.135307
0.409780
-1.386920
0.856692
-0.553726
1.012845
1.220950
-0.493892
1.365990
-0.149927
-0.184539
-1.546999
-0.751648
-1.703558
-0.343364
-1.688537
-0.450790
0.316375
1.187701
0.850166
1.191749
0.391070
-0.452025
-0.866658
0.673402
1.209136
0.246686
-1.443745
-2.635892
-1.218901
-1.546900
3.591242
0.295729
1.131899
1.726857
0.858373
1.034812
0.044070
-0.357811
-0.921572
-1.712191
0.739156
-0.818883
-0.314722
1.812108
1.315480
0.916174
1.208154
1.667229
-0.445012
0.104228
-1.405236
-0.190361
0.463738
0.990495
1.318896
0.633797
-0.058273
-0.346345
0.362329
0.145495
0.222846
-0.162162
-3.024102
0.712492
-0.210907
1.380765
0.610299
0.615886
-0.358455
0.499923
-0.029836
-1.643422
0.957620
-0.607730
-0.294223
-0.895982
0.264230
-2.723374
-1.620563
-1.382325
-0.792058
-2.317101
0.769631
-0.507836
-1.637312
0.127771
0.535049
0.300245
1.728093
0.712325
0.207670
-1.295883
-0.242316
0.659575
-0.375318
0.831056
0.648568
-0.083916
-0.424397
-0.774949
0.114450
-1.295907
0.001436
2.463549
0.047886
1.358788
-1.332713
-1.242336
-0.724191
0.193645
-1.853921
1.392015
-0.042987
0.721595
0.062179
0.410602
0.134961
-0.304883
2.451120
-0.573408
-0.494266
0.185653
1.135646
0.345775
0.105444
0.942245
-1.424222
-0.365282
0.477913
0.267163
-0.758958
0.176747
1.690375
0.967694
0.658584
1.286696
1.389232
2.302926
-0.472610
-1.213560
2.146053
-0.547507
0.549804
0.868878
-0.748245
-1.561481
1.199063
0.378411
-0.699866
1.581251
-0.627173
-1.625390
-1.455540
-1.475522
-0.011056
-1.114298
-2.201802
-2.160951
-0.195779
2.482738
0.724765
0.627380
-0.584198
-1.172395
-0.450267
1.270450
-0.356044
-0.062489
1.435361
0.320360
-0.274161
-1.085132
-0.567770
1.485072
-0.806937
-0.245787
-0.721884
2.718437
-0.134495
0.836682
-0.190479
0.417922
1.328249
-1.081804
0.934277
0.239028
1.334145
-0.973296
1.238478
-0.631719
-0.059379
-0.036272
0.103708
0.627634
-1.340736
-0.732637
-0.325913
0.739848
-2.040462
-1.031339
-2.206700
-1.425979
-1.122638
-0.868420
-0.820435
0.148226
0.349408
0.021586
-0.525965
2.000330
2.458666
0.453383
0.842949
2.278841
-0.080372
-0.801791
-0.030283
-0.822442
-2.347298
-0.134305
-0.295517
1.058427
-1.939155
0.024772
-2.489804
-0.854053
-0.623277
-0.922670
0.619786
-1.305213
0.965821
1.309729
-1.074906
-0.882385
-0.183108
0.728731
-0.012781
1.308702
1.379015
3.212459
0.969251
-1.146618
-1.843780
-0.817777
0.878925
0.016155
0.063863
-0.489416
-0.044372
-0.559691
-0.554409
-1.981402
1.055789
1.520949
-0.129788
-0.627458
0.034939
-0.700479
0.318158
-1.162513
-1.817745
1.466485
1.003366
-1.101354
-0.357493
2.644362
0.609416
0.792310
1.866224
-0.117770
0.561159
-0.433452
1.603984
0.261724
2.145188
0.076255
2.098778
-1.216535
-0.444666
-1.132197
0.709216
-0.605264
1.805340
0.030277
-0.078318
-0.683346
0.109214
-2.564212
-0.916033
-0.442833
-0.487747
1.437250
1.863514
-0.432082
-1.461727
1.290691
0.120756
-0.305086
0.121241
0.999333
0.194544
-0.628316
-0.284592
-0.903842
0.068242
-1.053204
0.245433
0.655188
-0.957347
0.620017
-0.641254
0.822096
0.830049
-0.393590
-0.220300
0.791526
-0.098897
0.536634
0.386746
0.887281
-1.933211
1.043558
0.729225
0.100498
-2.495837
1.112966
-1.696085
0.409437
2.883933
0.786092
0.877741
1.764269
-0.074922
-0.094376
-0.979887
-1.265777
0.979426
-0.283630
-0.846450
0.228409
-0.338080
-0.498118
-0.842628
-0.250148
0.395933
0.431250
-0.127822
0.483167
0.259280
-1.204964
-0.006561
-0.249925
0.503416
-1.489426
-1.377401
0.510003
0.533460
1.489298
-1.163963
1.437827
1.763876
-0.528378
-0.725741
-0.133697
0.595508
0.913744
1.620120
1.274531
-0.400367
-0.755685
0.800965
-0.088683
-1.234489
-0.343892
3.104064
1.084622
0.908034
-1.414684
-1.188827
1.100022
-1.639400
-0.058179
0.709514
0.951953
0.939445
-0.657038
0.560359
0.256691
0.263953
-1.325142
1.341026
-1.500297
-1.102770
0.045531
1.253220
1.683922
0.702416
0.847337
-0.819751
0.132827
-0.194620
-1.956320
-1.690584
0.256205
-3.090666
0.019992
1.276050
-0.332902
0.115644
1.854256
-0.334678
0.367654
0.859887
0.887982
-1.199981
0.905285
0.407287
-1.174242
-0.100903
1.493566
-0.685447
-1.672531
-1.974816
0.555688
2.517381
-0.642257
0.618059
0.413695
-1.518915
2.786312
2.318300
0.726677
-1.475756
-0.641070
1.547089
-0.975562
-3.726021
-0.282450
0.602180
0.393744
-1.066439
0.790107
-1.150774
-0.900138
-0.885492
2.320932
-1.505991
-0.523698
1.969818
-2.571628
2.484547
-0.616114
0.627153
0.302821
0.045256
1.102356
-0.135057
1.214021
1.477930
1.383719
-0.197460
1.492622
1.409517
0.538909
-0.158989
1.360095
1.817499
2.174191
-1.635725
-0.013771
-0.425264
0.837019
0.758794
-0.269564
-1.177303
1.595344
-0.445936
0.028809
-1.238137
2.671695
0.449570
0.413480
-0.313358
-1.337009
-1.496374
0.251365
-1.403221
-1.204760
0.019353
1.108313
-1.143187
-0.167327
-2.361748
-1.217706
0.658604
0.755575
-0.898007
2.070633
2.237332
-0.293060
-0.433150
0.410672
1.766959
0.917608
-0.510143
0.995850
1.464767
-1.458620
-2.203616
-0.431968
-0.838245
-0.455737
-0.589312
-0.113502
-4.177484
-0.917372
0.139996
-1.302431
0.475025
0.462611
-0.084047
1.374153
0.543988
-0.068743
-1.445072
0.038406
2.239950
0.161942
-0.409253
0.063037
-0.835215
-1.276875
0.519023
2.547344
-1.674692
-0.962591
0.701933
0.288581
-0.970635
-0.773651
0.877465
-0.349610
1.776827
2.109200
-0.502711
0.946150
0.662210
-0.389214
-0.380572
0.789350
1.063868
0.267233
0.576746
-1.020398
-1.072447
-0.350893
-0.716705
-0.500703
-1.409329
1.223546
-0.601353
0.014307
0.000726
-1.476458
-2.267573
0.250252
1.016388
-1.135458
1.153745
0.263711
0.463335
0.918529
-0.959571
-0.156112
-0.354536
0.545247
2.303562
0.646366
-1.296502
-0.680615
-0.330297
1.239014
-0.931621
-0.160681
-0.846816
0.718873
-1.781270
1.916344
0.589127
0.255169
0.520021
-1.193870
0.184642
0.507294
1.154861
0.262567
1.097364
-0.332626
-0.165181
-0.466872
-0.321378
0.924056
-0.921614
-0.914061
-0.256069
0.869359
-0.616622
0.006445
0.202340
0.542190
-0.127331
0.093564
0.386110
-1.656002
0.724940
0.820760
-0.252998
-2.843245
0.829457
-0.166948
0.272199
0.037351
-2.151153
1.045253
1.034144
-0.255540
-0.102760
-0.118141
0.657015
0.744272
-1.756018
-1.984981
0.576414
-1.375251
1.256524
-1.991814
-0.051813
-1.766137
-0.557648
0.214852
-1.142853
-0.935422
-0.476951
-0.399236
0.336839
-0.520579
-0.823154
-0.545141
0.563285
0.654446
-0.488201
-3.942934
-0.090260
0.101456
-1.218025
0.716073
-0.954212
-0.772052
1.833934
0.103335
-1.387968
0.338020
0.334959
-1.167861
0.353256
0.463308
2.662447
3.615019
-1.280716
-1.021681
0.964081
0.174953
-0.353347
-0.854715
0.071009
0.116891
0.721945
-0.982009
-0.352080
0.461082
-0.631826
-0.089255
-1.213847
-0.326411
0.918757
-1.093612
2.263984
0.959170
-0.813007
0.156818
0.497991
0.089061
0.469310
0.491032
2.808379
0.447593
-1.178518
-0.550816
-0.687970
0.057657
-0.728542
-0.156114
-0.083452
1.358986
0.157162
0.187824
0.784242
-1.337299
0.959711
1.206772
1.095879
-0.290396
1.360034
-0.252659
0.608736
-0.585741
1.241495
-0.022454
0.239001
0.358882
-0.887383
1.401351
-0.314231
0.829913
-0.026010
0.601395
0.447110
1.044925
-0.562497
0.074071
0.537123
-0.546387
1.161834
1.766958
-2.506188
-0.086245
-1.275659
1.233435
0.595261
1.356502
1.425061
0.964888
0.398274
0.310934
0.374323
-1.234575
1.474390
-0.833438
0.920406
0.052557
0.694513
-2.027858
0.168451
1.977078
1.863109
1.407502
1.029411
-1.543719
-0.406758
-1.099110
-1.623227
0.653335
-0.743159
0.055202
2.294858
-0.051668
0.344349
2.021400
0.086241
-1.291603
2.003972
1.622977
0.279006
-0.585455
1.110904
0.130185
-0.134811
1.080278
-0.513287
0.300739
-1.018518
0.145822
0.072595
-0.113091
0.479727
1.433941
-1.203848
0.058547
2.080049
0.785034
3.411510
-1.228333
-0.319373
0.467813
1.855934
1.284450
1.220585
-0.527727
1.115097
1.347333
-0.355027
0.967846
-2.269581
-1.744896
-1.672624
-0.046949
-0.094199
1.348119
1.067495
0.931893
-1.502167
1.877506
0.356637
-0.310311
1.327002
0.297633
0.921626
0.904735
0.695451
-2.157142
1.548390
2.130369
-0.020745
0.630362
2.469256
0.226530
1.149141
-2.078313
0.904774
-0.778521
-0.145617
0.713138
0.484548
-0.213902
-0.494299
1.649441
0.617573
0.242968
-1.353607
-1.488446
1.223869
-1.234962
-0.272927
0.339663
-0.877478
0.493846
-0.054712
-0.420551
-1.468712
1.007906
-0.495567
-0.884171
0.865764
3.143650
2.044925
0.475054
-1.676661
0.197413
-0.668092
-1.033442
-0.417051
1.380197
-1.304588
-0.806752
0.480106
0.925193
-1.453762
0.671095
1.160039
1.029085
2.469683
1.387033
1.704452
0.060950
-0.006855
1.744137
0.075879
-2.306884
-1.063487
-2.599820
-1.693035
-0.894237
1.196590
0.375097
1.597825
1.102507
-0.396673
1.055949
0.829233
0.728418
1.225153
-1.172846
-0.066556
-0.652320
-1.602627
0.726794
1.282485
-0.678001
-2.191549
-1.051802
1.578374
-0.753508
0.358156
3.123282
0.063985
-1.675591
-0.889351
-1.310074
0.352003
-1.083349
-1.097283
-0.275576
0.484102
-0.574042
-0.323986
2.510855
-1.822143
-2.135546
0.885560
-0.501598
0.982270
0.457200
0.128490
-0.451190
-0.463724
-0.865981
0.119256
-0.016454
1.599327
-0.815954
-1.433065
0.516181
-2.106469
-2.448419
-0.749927
-0.898507
-0.357965
-0.595018
0.072246
1.375166
-0.349590
-0.001177
0.563606
0.358838
0.114217
-1.346314
-2.290884
0.200631
-0.352665
-0.336471
-1.348718
-1.244431
0.093036
-0.762404
-1.102611
-0.193854
-0.526684
-1.154750
0.706851
-0.870605
0.502806
0.010782
-4.097824
0.828626
0.218768
-1.839030
0.366852
-0.334711
0.310318
0.401579
-1.899266
-0.412208
-0.692415
1.778944
0.946304
-1.462159
-0.193856
-1.501211
-1.055193
-0.979601
-2.062505
-0.305012
1.186831
1.271297
-1.951061
2.613467
1.527196
0.956542
-0.889298
-1.781727
1.811542
0.965064
-1.251898
0.621414
-0.537800
-0.016880
-0.854635
-1.156498
-0.088536
1.235782
1.561563
0.476692
1.210559
0.340708
1.090060
0.336319
-1.121616
-1.848654
-2.097439
0.020743
-0.016913
-0.457539
0.691621
-1.623272
-0.805936
-0.173227
0.418057
1.945112
-0.958262
-1.731077
-0.007729
-1.443663
-0.420432
-1.159393
0.022753
-1.908064
-2.390054
0.106149
-0.086551
-1.191784
-1.902581
-0.409159
-1.378493
1.925425
0.352171
-1.234893
0.453924
0.621156
0.405979
2.100542
1.430657
-1.937502
0.708167
1.250883
-1.027346
0.790190
1.009091
-0.841540
0.957024
-0.097901
1.167079
0.286533
-0.232183
-1.451398
-0.878202
-0.516296
-2.649846
1.182987
0.193804
0.881627
-2.626064
-0.632377
-0.818085
-1.275407
-0.888538
1.182651
-0.264703
1.128808
-0.833652
-0.199131
-0.745633
0.362460
-1.110271
0.086969
-0.273740
0.972676
0.094691
-0.504103
-1.764233
-1.758182
0.753297
1.335222
-1.032830
0.044484
1.154484
1.976654
0.450826
1.027973
1.554938
0.542705
0.563474
-1.117815
-0.195316
1.308949
0.052686
-1.588268
-0.260378
-0.221793
0.546524
0.814114
0.725831
0.489004
0.032019
1.166744
-0.699291
-1.239110
0.060630
-0.609404
-0.194135
-2.238178
-2.187606
-0.869189
-1.894228
-1.368882
-2.442957
-0.996924
0.425788
0.591294
1.100023
0.963741
0.528458
-0.679296
0.658970
0.482327
0.168953
0.905670
0.036857
-0.175588
1.606160
-1.757198
1.473235
-0.808638
0.001695
0.183804
0.947175
0.010706
1.951506
-0.520820
0.511743
-0.995185
0.747045
-1.531125
1.518512
-0.329888
-2.103858
-1.631110
0.186480
0.537602
1.265831
0.185265
-0.873596
3.520443
-1.435018
0.944233
1.572242
1.375992
-0.340338
1.981809
0.037189
-1.033858
0.385385
1.271507
-0.802924
-0.177451
-1.296003
-0.120297
1.845166
-0.135936
-0.375922
0.321133
-0.154628
0.887285
-0.521843
1.078113
-0.385302
-1.175817
0.864300
0.913216
-1.884546
0.917091
-1.407280
-0.174343
-0.563239
1.829587
2.717460
0.687315
-0.552048
1.167060
1.804864
-0.727954
1.630138
1.740553
-2.993966
0.363530
0.415252
-3.012385
0.477681
0.649629
-1.375327
-1.932026
0.832771
0.211549
-0.579748
-0.643419
1.029537
-0.689285
-0.019614
1.325939
0.976561
-0.452475
-0.174930
0.493303
-0.738367
-1.612565
-0.384730
0.119238
-1.746431
0.570565
0.662813
-0.530565
-0.270768
-0.731161
0.727416
-0.690710
0.865162
-0.264409
1.417220
-0.089323
-0.009649
-0.161573
-1.187990
-0.472623
2.316210
0.046981
-2.335098
0.430945
0.440122
-2.246018
1.157468
0.097445
0.869534
-1.582611
1.149946
-0.388215
0.965718
0.202052
-0.865564
-1.134543
-1.298383
0.005638
0.423140
0.842718
-1.093663
-1.970375
-0.599058
0.456513
-0.296100
-1.257149
-0.083266
-0.621598
-0.084887
0.144408
-0.562307
0.070315
-1.415015
-0.890356
-0.653909
0.083979
-1.575261
-0.799812
-0.152974
0.105012
1.059260
1.251640
1.869128
-1.722307
0.633343
1.935527
0.146365
-1.509441
2.454155
-0.805908
-2.705993
-0.273748
1.136508
0.216590
0.575658
-0.951757
0.238349
0.340376
-1.312893
-0.488705
-2.938050
-1.812329
0.982598
-0.046626
-0.248799
-1.648745
-0.488768
0.161671
-2.342067
0.135558
-0.106368
1.528412
2.003493
0.853560
-0.637347
2.862139
1.967767
0.066208
-1.120107
-1.190334
0.528578
1.287377
1.110675
-1.129245
1.530902
-1.239372
-0.489721
1.399756
1.328425
-0.125122
-0.033877
-0.697668
-0.131115
-1.560274
-0.453193
0.959575
-1.359325
-1.687730
2.117994
-1.002743
-0.603356
1.169732
1.079333
0.168281
-1.365515
-0.764162
-0.837957
1.163974
1.353266
-1.105590
2.005359
-1.175597
0.078745
1.554209
-0.605623
1.329441
-0.815505
-1.067895
-1.467127
1.238902
-1.328153
0.139931
-0.961351
-1.459993
-1.606651
-2.641001
-0.400206
0.866000
-1.093104
3.053111
0.268574
0.319821
-0.751930
1.415840
0.907740
0.981190
-0.513649
0.519284
0.667720
1.464895
1.431006
0.439026
-1.202418
-2.444944
0.236435
-1.656216
-0.352677
0.145185
-3.237394
-0.394853
-0.551426
1.662394
-1.083680
-0.042193
-0.024562
1.007302
0.249181
0.458339
-0.085211
-0.289806
-0.590721
-1.709691
0.051873
-0.706641
0.290053
1.386741
1.007551
-1.561660
-0.690333
0.679807
1.498641
1.024166
0.818298
0.514639
2.080127
3.543703
-0.323714
0.066480
2.669977
-1.041773
0.545478
1.277031
1.944443
-0.377022
0.378233
0.670659
3.058590
-0.577786
1.674122
-1.261793
-1.427377
0.215929
0.847889
-0.047119
-0.007379
-0.872255
1.003328
-3.249274
0.593255
-1.479802
0.306316
0.874803
1.081899
-1.811282
-1.456185
-0.249939
0.298099
1.631174
-0.349488
-0.668322
0.323260
0.239071
0.733859
-1.180052
-0.597872
0.651962
-1.190833
0.935422
-0.455694
0.729911
-0.250176
-0.027617
0.812401
-0.217414
-1.560345
1.352845
-0.808811
-0.838260
0.609953
-0.866348
-0.072649
0.189308
-1.446983
-1.287793
1.235901
0.684627
1.889317
0.943357
0.218162
0.815986
1.237633
0.653588
-1.270421
-1.442813
-0.721786
0.310573
-1.717687
1.500834
0.716302
-0.699909
-0.803325
0.232273
-0.331300
-1.281477
0.171563
-1.843059
-1.295277
0.219245
-0.238007
-0.459089
0.222709
-0.245409
0.714141
0.162361
0.153183
-1.259473
-1.692077
1.680038
-0.311373
0.189289
-1.299660
0.660306
-0.351047
0.713257
-1.347259
-1.618635
-3.092651
-0.751218
0.725354
-0.450826
0.932064
-0.675536
0.454702
-0.209039
1.788831
1.351751
1.091151
-0.232653
0.618977
-2.323271
-1.411208
-0.664069
1.554754
-0.355181
0.361815
1.311157
-3.093616
2.603047
0.567950
-0.478906
-0.090432
0.452021
-1.060865
-1.621203
-1.071308
-1.923671
-0.845324
0.646901
-2.673959
-1.221227
-0.080857
0.716868
-1.141279
0.257660
1.845447
-2.027423
-2.511262
-1.521324
0.161111
1.810959
1.642450
-0.266532
0.867564
1.253087
1.160730
-0.187689
1.230741
0.914747
-0.560466
0.395674
0.890961
1.614977
-0.923330
-1.622305
0.575471
-0.539382
0.564039
-0.241053
-0.581425
-0.546251
0.210334
0.004920
-0.502410
-0.106384
-2.505973
-0.765287
1.409274
-0.452414
1.475786
1.477213
1.053891
-0.176130
-0.145174
-0.398341
-2.309084
0.960012
1.139780
-1.707226
1.277318
0.792232
-0.904710
-0.625460
-1.104590
-0.009368
2.226228
-2.786756
-0.678501
-0.548023
-0.735590
-0.260367
-1.057872
-1.616365
0.733823
-0.020906
0.289625
0.207102
1.555092
0.826094
-1.242716
0.791671
0.052728
-1.708486
2.825901
0.012454
-1.898348
0.800237
-0.651201
1.028167
-0.934529
1.009078
-1.562073
-0.742756
0.559643
-0.648744
1.450884
-1.945690
-1.679622
-0.627253
0.349275
-0.835172
0.390358
0.467818
0.183608
-0.892003
1.770145
-1.964364
-1.423670
0.359679
-1.247939
0.228707
2.851310
-0.729565
-0.637623
-0.947232
1.679197
1.322300
-0.165298
-0.614949
-1.442775
0.842970
0.794575
-0.018308
-0.943415
-0.555764
0.729206
0.145412
-1.004448
1.085537
0.695892
-0.826777
-0.349327
-0.007484
0.280149
0.697563
-0.026571
0.020763
0.451620
-0.223735
1.006132
0.950089
-0.592881
-0.151417
-1.921616
0.319266
-0.428326
1.650561
-0.059090
1.869417
-0.122548
-0.560966
-2.114530
-0.956205
-1.390918
-0.446232
-1.306377
1.511101
-2.188045
-1.259296
0.908342
-2.447407
-0.338412
0.323420
1.485916
0.703185
-0.368797
-0.483184
-0.529562
0.952113
-0.631041
-0.332049
-0.919212
-1.650684
0.132332
-0.236321
1.025417
0.574937
0.632778
0.713617
1.766426
-0.934040
0.201820
0.526767
-0.280367
0.658863
-2.098740
-1.521114
-1.290934
-0.276963
-0.914292
-0.551274
0.084831
0.502419
-0.599195
-1.085618
0.862493
2.038584
-2.030704
-0.705619
1.265574
-0.047419
-0.675382
-1.149368
0.627725
-0.545882
-2.227678
0.673483
0.312641
-0.717155
-0.834220
-0.310771
-1.597655
1.186315
-0.757071
-2.090834
-1.996132
0.879547
-1.508632
0.518043
0.104727
0.536210
-0.620969
-0.407144
0.036669
-1.451112
-1.038743
-1.186248
-0.132635
0.461536
-1.225358
0.846296
0.372618
0.639152
0.508710
-1.400674
2.161220
0.380926
1.354271
1.139158
0.134251
1.460285
0.197240
-0.915314
-1.474016
-0.114223
2.204512
-1.774118
0.892687
0.828622
1.701047
-0.751551
0.452817
-0.139052
2.331735
-0.790986
0.737822
-1.082342
-0.895006
-1.129835
0.784311
-0.239865
-1.323369
-0.096092
0.078189
-0.780124
-0.829935
-1.122380
0.201051
0.667146
0.057492
0.062927
-0.061780
0.277094
0.380882
-1.554331
-1.104649
1.502700
0.617616
-2.021950
0.540453
0.296414
-0.710745
-1.532239
-0.162528
-2.049513
0.255694
-0.670022
-0.710466
-0.932960
-0.949711
1.784422
-0.697836
0.475566
0.919502
-0.715705
-1.557259
0.630705
0.371198
-0.731224
1.143043
0.114759
-1.374110
-0.123489
-0.556433
-1.188900
-1.057887
1.346678
-0.677386
-1.558938
0.403819
-1.016057
0.795924
1.341554
1.154620
-1.530358
0.533228
-0.542205
-0.598231
2.158515
-0.807213
-0.904295
-1.336285
-0.546479
-1.717579
-1.578041
0.311794
-1.460529
-1.278014
0.233394
-1.742726
0.394128
0.116503
2.190074
-0.169240
-2.272574
1.120245
-0.396562
0.054947
0.419703
0.288519
2.253086
1.195605
-0.267351
0.700118
-0.112688
-0.317926
-1.608053
-0.319532
0.988122
-0.758433
0.369296
-1.718773
0.620636
-0.863059
0.243825
-0.445923
-0.963040
-0.334277
-1.453080
-0.065470
-0.337752
-0.854881
-1.155015
0.267030
-0.775549
-0.063760
1.076216
1.439747
-0.296411
-0.873660
-1.139770
0.963824
-0.086361
-0.163244
1.598723
0.000612
1.200341
2.391968
-2.403323
-0.228329
2.347502
-2.089563
-0.612145
0.888402
-1.169138
-1.285418
-2.172671
-2.605679
-0.249697
2.181691
-0.384316
1.296145
0.760484
1.028013
-0.212299
0.204700
1.538245
-0.662799
0.779237
-0.368455
-3.632640
-1.123156
-1.112478
1.182428
0.223933
1.059423
0.775393
0.112002
-0.757351
-1.237255
2.468242
1.291641
-0.044884
-1.825880
0.462223
-3.729885
-0.892691
0.473020
-0.923677
-1.477385
-0.392781
0.774597
0.454274
-0.992678
0.173265
-0.711721
-0.025385
0.373629
-0.086631
1.107664
0.609345
2.345093
1.060972
-0.130330
-0.351547
0.411724
-1.211623
-2.001944
2.459754
0.690444
-0.887902
0.102126
-0.286906
-1.051477
1.268721
-0.490871
0.063269
0.175976
-1.783780
0.186864
-0.834646
0.626749
-1.076445
-0.012292
-0.490410
-0.667779
-1.399347
-1.123694
2.589830
1.566591
-0.769621
-0.251673
-0.815469
0.533064
1.390129
-0.690870
-1.294978
-2.315108
-0.840384
-1.037595
0.246059
-1.902628
0.289723
-1.618783
-0.740243
0.739742
1.054707
1.147819
-0.585877
-0.585345
0.894642
0.168842
-0.166653
1.301727
2.995609
0.789336
0.154650
0.473786
-1.179186
1.331243
0.063698
-1.390519
0.063850
1.146354
-0.173100
-0.298194
0.797670
-1.216669
-1.395908
-0.656655
-1.139792
-1.494916
-1.492996
-0.040970
1.948061
-0.170595
0.390816
1.703178
0.211853
-1.600020
0.092126
-1.117175
1.974914
-0.169439
0.896621
1.329644
-0.465829
0.252638
1.171335
-0.442954
-0.860247
1.922042
-0.251750
-0.058843
0.930893
-0.374662
0.811305
-0.629306
1.410417
-1.194011
-0.715037
1.031502
-2.171797
0.116553
0.201901
-1.047899
0.596564
1.987120
-1.390124
0.312693
-0.879719
-0.377371
-0.613171
-2.229598
-2.093177
-0.938434
-1.291678
-2.579191
-0.422191
0.643566
0.052932
0.986257
0.664468
-1.532685
-0.889600
0.047238
2.299363
-0.327023
2.097781
-0.714285
0.612085
-0.302312
-1.081997
-0.425380
-1.421693
2.231423
2.503131
-0.174965
0.822892
-1.312440
0.356902
-0.081925
-1.156885
-1.977093
-1.213670
-1.034161
0.448726
-1.614590
0.106150
-1.143995
1.081930
0.980343
-0.004500
-1.133060
0.957731
2.185224
0.112437
-0.603486
1.318761
0.399440
0.384147
0.561691
0.186374
1.141010
-1.197418
-2.264888
2.001468
1.568707
0.305020
1.646965
-0.273113
1.049047
1.880007
0.309191
1.031883
-0.436508
-0.637457
0.986279
0.069434
0.286988
1.869452
1.352717
1.714438
1.619511
-1.036293
-0.981784
0.190171
-3.115330
-1.248768
-0.759572
1.591330
1.009260
0.797414
0.632100
0.790966
1.487306
-0.977706
0.854212
0.498800
-0.689520
-1.413526
0.610936
-0.931620
-0.034360
-0.163075
-0.244876
-0.639988
0.126720
0.536785
-0.097879
-1.868988
0.851664
-0.431364
-0.203211
-1.315925
-1.061719
-1.236397
-1.870239
-0.045179
0.186452
-0.239502
0.210887
-1.887405
0.230960
1.761095
-0.076492
1.708426
0.167495
0.110480
0.793796
-0.211765
-1.549312
1.197135
0.281831
1.200149
-0.064278
-0.294241
-0.977761
-0.987992
1.386008
0.506977
-0.771664
0.996163
-0.471517
1.765730
0.335859
1.032787
-2.165259
0.018102
-0.245522
-0.698426
-0.606269
1.775863
0.884865
1.743421
-0.109217
-0.308875
-0.664616
-0.917762
-0.759606
1.022890
1.915037
1.897369
-0.581284
0.595754
-0.611231
0.931074
-1.420100
1.152660
1.053998
0.284281
-0.995832
-0.637453
1.172717
-0.436612
-1.443010
0.498671
-3.563337
1.243705
2.028894
1.443166
1.364694
2.038838
0.452917
0.294681
1.391039
0.657641
-1.679684
0.226195
-2.729995
0.846313
0.081058
-0.389185
1.391465
1.188679
-0.376062
0.923504
0.151020
0.113457
0.860510
0.474739
-0.139864
0.562331
-1.190543
-0.713256
1.075143
0.040639
1.050915
-0.389695
1.327784
-1.361760
1.908008
-1.207657
0.916203
2.068000
-0.649669
-0.027282
0.026199
-1.026911
1.773309
0.654648
0.552228
1.043066
1.981872
0.888746
0.708783
0.922855
-1.022122
-0.749239
1.110370
-0.412131
-2.113814
1.175675
0.527127
-1.636347
-0.285939
0.901572
2.251274
0.707628
-0.051042
0.178173
0.203633
-0.156517
1.410408
0.180777
-0.815990
1.261737
-1.338261
-0.023711
-0.376237
0.289577
1.500632
0.673834
-0.215746
0.573061
-1.936370
0.209511
-0.712726
-0.637041
0.916309
0.690067
0.994769
1.001955
-0.895558
1.074148
0.199533
0.586237
-0.435738
2.839809
-1.247394
-1.895115
-0.272796
1.481590
-1.276456
0.120920
0.049020
-0.949439
-0.698686
-0.944928
0.413450
1.246625
0.922461
-1.219815
0.151515
0.089568
-1.716452
1.628587
0.471579
-0.701416
0.792716
0.679995
-0.423301
-0.373261
0.872783
1.062399
2.536264
0.281449
2.279489
0.931849
1.263027
-0.721470
1.233360
-0.539916
-0.660434
1.217390
1.464116
0.306956
-0.724115
2.017562
0.042842
1.364341
0.039656
1.281671
0.758563
1.338109
1.654587
0.019327
-1.524639
1.496840
0.564048
1.807637
-0.446582
-0.972207
0.291508
-0.072018
-1.695967
1.001847
1.830537
0.380710
0.677639
1.914569
3.774875
1.358495
1.028286
0.888150
1.663487
-0.671557
-1.059077
0.232038
0.162110
0.314289
0.589320
-0.415424
-0.494523
-1.718781
-0.288062
0.329533
-0.710973
1.205735
-1.053894
-0.891184
-0.387910
0.339132
-3.182837
1.375611
1.548977
-0.577929
2.366860
-0.096809
-0.172766
-0.167990
-1.395485
-0.759556
-1.632313
0.419718
1.251856
-0.376665
-0.416574
1.128505
-1.155410
0.043228
-0.552871
-0.175648
0.457704
-2.758021
1.292363
0.930960
-0.150190
1.865176
-0.105982
-1.936068
1.141457
-0.332632
-0.513863
3.321072
0.022813
-0.025719
-1.129990
0.152704
-0.527120
0.090727
0.339749
-0.732188
0.111026
-1.594995
1.032700
-0.302554
0.771062
-2.015345
1.781683
0.986857
0.073031
-0.104285
-0.072493
-0.660113
-3.952616
-0.444491
-2.351054
-0.763530
0.678128
1.385802
1.327032
0.048546
1.245058
0.977572
0.293627
-0.545886
-0.338660
-0.390151
-0.346596
-1.274612
-0.650356
0.521194
0.096917
2.705100
0.001115
-1.624949
-0.062299
-1.250636
-0.640676
1.502535
0.060765
0.290342
-0.335080
1.277901
-1.140805
-1.326782
0.570848
-0.913642
2.194968
0.265038
0.486402
0.365116
-1.043487
-0.756654
-1.159381
0.487892
-0.085661
0.983646
0.427504
-0.496653
0.116127
-1.360726
0.559894
1.455344
-0.966211
-1.561845
0.612650
0.213058
0.646042
-0.620790
-0.921714
-3.063749
-0.477647
-1.234584
0.992155
-0.561985
1.233598
-0.013622
0.497645
0.139845
0.573967
1.576665
-0.801079
-1.996335
-0.770075
1.967629
-0.888568
0.695191
-1.645846
-0.623384
1.112528
-3.671688
1.313655
-0.102272
0.204163
-1.386034
-0.275330
0.412368
-2.104155
1.022847
-0.690153
-1.582693
0.903553
0.932860
0.220203
1.722040
-1.052803
-1.621413
0.022190
0.943531
-0.139836
0.907763
0.195496
-1.793885
-2.064235
-0.828411
-2.203293
0.114020
-1.820789
-2.747494
-0.137986
-0.713557
-1.483370
0.363406
0.562052
2.420826
1.496121
-0.535717
0.064356
-1.082718
1.065991
-0.352544
0.381113
-0.034342
-0.700746
0.640160
0.119297
-0.658076
-0.409793
0.450422
0.307384
0.413576
1.518869
2.955155
-0.181524
1.159776
-0.118785
1.814147
0.645275
-2.432091
0.483740
-1.090095
-1.910055
-1.067593
-0.505274
-0.746008
1.710081
-0.009129
0.197947
1.279003
1.652603
-1.253021
1.814409
-0.046897
-1.921987
0.559009
-1.275736
0.000520
1.354085
-2.598208
0.211489
-1.454549
0.379271
0.078535
0.760967
0.051187
0.563587
1.204286
-2.656582
-1.386837
0.601331
0.832186
-0.298274
-0.559942
0.794649
-0.916773
-0.489594
0.089681
1.980829
0.907015
0.821691
1.033786
-0.366641
-0.606500
0.232147
-1.597070
0.500172
0.195287
-0.982690
-1.279121
0.381893
0.538780
-0.210592
-0.069886
-0.197670
1.377835
-1.849062
0.045726
0.027242
0.097958
0.687402
0.792478
1.132023
1.611034
-0.692994
-0.356198
0.518005
0.668043
-0.890541
0.706851
1.478726
-0.589295
-0.260801
2.107302
-0.833406
0.240044
0.938204
0.625186
-1.450910
0.307384
-1.986872
-0.169003
-2.337191
-4.651072
-2.791900
0.451994
-3.847420
-0.688265
0.239203
1.314803
0.956356
-1.312348
-1.937798
1.351082
-0.906046
-2.272353
-0.475362
0.537550
0.195081
-0.790849
0.395495
-0.816182
-0.815375
0.538710
0.199955
0.005256
-0.181055
-0.676634
-0.486144
-2.162463
-0.096531
-0.615532
-1.437563
-1.043082
0.169278
-0.281952
1.542501
1.908358
-0.170329
-0.244690
-0.961811
1.452605
0.975028
-1.575445
0.001631
0.699852
1.866727
-0.249092
1.685526
1.045298
1.140700
-0.053721
2.541328
0.731023
-0.011364
0.478096
-1.582358
-1.542545
-2.029769
-0.525609
-0.316285
0.529094
1.318965
-0.678460
-1.349165
-0.331917
0.677616
-0.244536
0.134515
0.822446
-0.814177
1.130989
-0.085094
1.536752
-0.265185
-4.021532
-2.791989
0.817095
-2.169789
-0.482590
0.593614
-0.156390
0.302399
-1.768434
-1.133996
-1.136566
0.450525
-0.867629
-0.492789
0.436784
-0.075218
-0.221229
-0.257856
0.673715
0.069965
-0.310523
-0.613611
0.458585
0.666135
1.242974
0.376519
-0.519590
-0.104979
0.309268
-0.127976
-0.254124
-0.996202
0.532901
-0.825342
0.948523
1.556326
0.994577
0.253838
-0.030619
0.754651
1.952483
-1.041742
0.283599
1.432591
0.430951
-0.730669
-0.446244
0.206820
-1.448814
0.848586
0.743954
-1.358159
-0.099761
-0.794200
-1.123040
0.942308
-0.984674
0.037513
-0.190206
1.846079
0.115059
0.579720
-1.304791
0.572587
1.713801
0.456202
-1.982154
-0.275881
1.600937
1.751847
2.122326
-0.369457
-0.039553
0.422580
-1.967708
0.277844
1.082207
-0.862884
-1.438125
0.610818
-0.971453
-0.512103
0.033679
-0.671017
-2.308658
-0.680883
-0.245503
1.712322
2.037128
-2.157453
-0.853808
-0.519956
-0.977235
-0.686643
-0.882557
0.429958
-2.493656
-0.801404
-1.130701
1.433507
1.207209
-0.566034
2.146421
0.516487
-0.828720
0.866521
-0.184693
-0.221136
0.888735
1.008104
1.426112
0.816229
1.675201
-0.108686
1.102531
0.320697
-1.345205
-0.165758
-1.893780
-1.479775
-2.640366
0.800504
-0.362877
1.966449
-1.436201
-0.308645
0.525589
-0.948913
0.314139
0.387676
-1.187037
-0.213024
0.745791
-0.630968
0.111581
1.678003
0.121081
-1.433899
-0.335810
1.886708
0.110984
0.013759
0.815164
0.323556
0.375183
0.992171
1.919933
0.002482
-1.070162
0.948040
-0.781244
0.748759
0.141998
-0.278738
-0.247331
0.415542
2.700851
1.035692
0.536698
1.381638
-1.372568
1.794193
0.428662
0.268897
-1.169353
-2.525487
0.015673
-0.200261
0.745112
-2.719910
1.704216
1.206885
-0.855488
-0.081038
-0.058319
-0.433236
-1.906657
-0.377633
0.523506
-0.743520
0.325961
2.382763
0.751602
-1.624518
0.117501
-0.075113
-0.340697
-0.036935
-1.138426
0.331581
0.052961
0.089640
-0.064145
-0.394221
-0.224407
1.694319
-1.468182
-0.056292
0.400638
0.485688
1.920115
1.430988
0.143386
0.964054
2.121096
0.139396
1.313334
0.517068
-2.112670
0.475045
-0.001846
0.492392
0.368726
0.829968
-1.099288
-0.152069
1.642758
-0.217308
1.036751
-1.405367
0.842340
-0.003245
0.999984
1.517662
0.946807
-1.033837
0.471330
-1.320224
-0.082481
-0.978115
1.330775
0.337517
-0.586558
1.480116
1.359809
-1.041662
3.325228
0.693849
-0.818081
-0.555203
-0.991174
1.409431
-0.083783
-0.407041
-0.495095
-1.049359
0.536633
2.196153
1.168028
-1.056867
-1.719283
0.548397
0.855357
-0.555053
1.228102
-0.100769
0.300737
1.085454
-2.454229
1.150229
-0.787988
-2.345375
1.166481
0.480927
1.206287
2.210079
-1.192589
1.097432
-0.363805
1.499321
-1.692262
3.191228
1.391772
0.925819
0.063704
0.712219
-0.367201
-2.017997
0.383611
-0.463505
-0.098532
-0.620603
-1.083261
0.182898
0.178993
-0.319115
2.540929
-0.286752
-0.562964
0.306320
0.231915
0.235475
-1.325712
1.307295
-0.062821
1.632459
0.404296
-0.432349
2.531266
-0.159927
1.390650
1.519025
-0.344127
-1.788636
-0.021563
-1.160950
-2.239193
0.348744
-0.910455
0.031108
-1.233173
0.123965
1.975211
1.268858
-1.434729
-0.023931
0.883319
-1.232249
0.495096
-1.653981
-0.528493
0.940938
2.625757
-0.692657
1.160297
-0.960783
-1.632209
-1.919641
0.186911
-2.360973
1.373344
-1.024944
-0.298614
-0.887466
1.670636
-1.348009
1.073699
1.261533
-0.528593
1.577659
1.344922
-0.790520
0.010729
0.496839
-2.210432
-1.672238
-0.994757
0.991461
-0.930552
-0.825300
-0.130575
-0.544617
-0.207485
-0.729590
-0.203445
-2.003650
-1.137957
1.318840
0.394586
0.260366
-1.122313
-0.902584
-0.389066
0.055824
-1.033168
0.285121
0.949929
2.326517
-0.218536
0.165048
1.610945
0.578194
-0.693433
-0.350146
1.472950
0.300195
-1.477809
0.676343
1.079084
3.100399
-0.727119
1.857576
3.631614
-2.072486
0.159993
-0.448933
0.762549
0.876252
1.639847
0.504719
-0.077838
1.170888
1.398754
-0.191152
2.848387
-2.544380
0.452125
0.482922
0.674420
-0.137620
-0.266412
0.282041
-0.362722
0.887946
0.012446
1.726047
-1.218145
0.178202
-0.476146
-1.874899
-0.035486
0.567442
-1.862374
-0.696789
2.016175
-2.526688
-0.565884
-0.807675
1.600197
1.934120
-0.416327
0.671118
1.123679
0.737024
-0.764151
-0.234118
2.463220
1.865777
-0.506267
0.155899
-1.370325
0.948640
-0.774018
-1.179551
0.195720
-2.445662
-0.297389
-0.783538
-0.325385
-1.522958
0.190194
1.552914
0.027693
0.015195
-1.166929
-0.186085
0.438569
1.413091
0.147862
0.994613
-1.572960
1.153671
0.530435
-3.250411
-0.471454
-0.103153
-0.138463
0.909262
0.353139
1.161022
0.505650
-0.093038
-1.474868
0.256003
0.086339
0.204115
-0.732705
0.064489
-0.523267
-2.023850
1.847949
-0.660973
-0.078066
-0.311028
0.650577
-0.814816
-0.467058
0.943171
-1.159085
0.726154
-0.004133
-0.930469
-0.323373
-0.132640
2.136639
-1.500266
-0.401956
-0.195686
-0.334011
0.659356
0.432367
0.300461
0.118247
-1.382222
-0.115478
0.695469
0.783151
1.688455
0.708144
0.477038
2.283295
0.045328
-0.171652
0.699078
1.377654
-0.796544
1.006169
-0.195175
-0.071755
-1.292507
1.745570
0.004805
0.888623
-1.841489
1.380818
-0.275893
1.107717
0.209519
1.024822
0.480715
0.506055
-0.870645
0.192510
-0.708512
0.038234
-0.366042
0.335793
-0.118417
-1.077916
-0.455727
-2.833467
1.181218
1.325246
0.196205
1.789179
2.859370
-3.296718
-3.592074
0.561325
0.623760
-0.997791
1.180386
1.327508
-0.434921
-0.543337
2.051400
-1.252057
1.476347
0.476577
0.639538
1.685998
-0.034969
0.373827
-0.302358
-0.401267
0.934380
0.004317
0.795483
0.031255
2.538613
-0.339756
-0.788253
-0.396368
0.385080
0.646948
-0.136057
0.428941
0.377252
0.912301
0.308772
2.129608
-0.254057
0.102745
-1.338255
-0.075578
1.589106
1.783617
-0.404943
1.131714
0.103521
1.050729
-1.208625
-0.579378
-0.549492
-1.690710
-0.689259
0.042743
1.510073
0.276754
1.470097
0.089781
-0.782572
-0.769764
-0.289666
-3.081439
-0.741530
-0.726955
-0.765477
-0.560126
0.968166
0.130123
0.458824
-0.591000
0.576079
-0.145878
-2.325026
1.343452
-1.750619
-0.490604
-2.676259
0.986984
-0.554148
-0.477603
-0.858502
-0.617010
-0.595516
-1.826336
0.716367
-0.521350
-0.702084
1.645862
-1.067064
2.447474
0.397446
0.431682
0.252935
-2.287024
-0.145980
0.348500
-1.888762
0.981063
0.254304
-0.183229
-0.347839
-1.456728
-1.041318
0.938940
0.976256
1.631954
0.812778
2.146464
-1.640570
0.033686
1.051225
-1.194737
-1.736991
-2.736850
-1.381099
0.924904
-0.304873
-1.004734
0.072149
-0.387885
-1.078915
-1.005880
0.377749
-0.383446
0.403908
1.501408
-0.765946
-0.653456
-1.753384
0.583673
1.521213
-0.270615
-0.615709
2.630315
1.820130
1.138863
-0.370338
-1.173991
-1.044307
-1.256654
-0.672274
0.079611
0.949344
0.813585
0.331579
-0.417694
1.765315
-0.395398
-0.735016
-0.266018
1.866225
2.377034
3.308891
-1.957441
-0.801796
0.027049
0.762466
-1.711253
-1.088598
0.089951
0.267572
-0.102963
-1.357283
-0.650283
-0.023396
-0.941610
-1.469918
-0.530701
-0.763071
0.226725
-1.201027
0.328645
0.404774
-2.095343
-0.970533
0.786836
-1.288834
0.911491
-0.428448
-1.749528
-0.982338
-0.202649
-0.953772
-0.231288
0.826326
-0.026758
2.260078
-1.474190
0.478806
0.112432
0.905268
0.310701
1.078125
-0.329149
2.326309
0.549907
0.338123
-0.283524
0.706995
0.977461
-0.248146
0.855510
-0.629559
-1.222667
-1.030680
0.805875
0.083351
0.066221
0.121822
1.581335
0.894813
-0.378029
-1.721011
-2.793155
-0.075203
-0.710512
0.732502
0.011416
-2.190833
-0.141968
0.621232
0.351169
0.662212
0.949176
-1.867576
-0.051691
1.154452
1.106442
0.767144
0.979827
-1.122308
0.354644
-0.162955
1.476281
-0.277772
0.919541
0.054076
-0.977479
0.577611
-1.128695
-2.904742
-0.027040
0.259352
-0.954603
0.970736
1.742471
-0.485447
-0.917622
0.350635
0.492592
-0.026538
-1.193716
1.026658
-0.023705
0.824392
-0.729873
0.248561
-2.160363
0.173810
-1.479856
-1.277390
0.431207
0.492488
-1.083634
0.523584
1.373137
-0.317723
-1.194391
-1.022745
-0.112884
0.305553
0.468970
-1.129409
-2.977112
-1.318724
0.562945
0.270699
-0.616430
0.816208
1.241946
2.570154
0.098660
-0.902052
0.555359
-0.822283
0.626471
-0.239287
-0.652704
-2.384973
-2.263979
-1.351132
-0.601960
1.088757
0.682980
0.619136
0.801881
1.290045
-0.176222
0.493852
0.710478
-0.734377
0.362194
-0.909993
-0.218473
-1.196641
-0.746485
-0.949310
-1.597088
-1.089922
1.493574
-0.261410
-0.539065
0.745184
0.228961
0.212128
-0.433635
-0.217930
1.223984
-1.774571
-0.813094
-0.717810
1.965316
0.752893
1.291962
0.584780
-0.434052
0.268387
1.546428
0.081641
-1.010162
-0.095570
2.128762
0.240862
-0.966337
1.388705
1.616558
-1.947706
-1.521067
-0.428097
-0.541552
0.939524
-0.212655
-0.436376
-0.890801
-1.413397
2.950477
-1.010094
-0.134836
1.460173
0.323384
0.954665
-1.373769
-0.079963
1.169823
0.778274
0.270216
0.460075
-0.487744
-0.249973
0.672988
-0.041847
0.086291
0.158118
-1.601474
-0.445274
-0.122481
0.456534
-1.133240
-1.702293
0.593079
-0.454978
-0.760245
0.220557
-0.570379
-0.277384
-0.892747
1.267252
-1.157579
1.563714
2.532064
-0.853780
-2.081437
0.121913
0.502182
-1.333671
-1.081858
-0.447417
-1.595880
-1.618070
0.932470
-0.900133
-0.167459
-0.082846
-1.114062
2.385756
1.684198
-1.999692
1.844643
0.599129
0.838007
1.974601
-2.081286
-2.307544
2.090613
-1.704597
-0.057511
1.632604
-0.576887
-0.000075
0.000328
-0.000721
-0.000165
0.000231
0.000022
-0.000501
-0.000212
-0.000292
-0.002426
0.000040
-0.000010
0.000836
-0.000257
-0.000052
-0.000041
-0.000362
0.000304
-0.000038
0.000186
-0.000188
0.000057
0.000443
-0.001242
-0.001861
0.001359
0.000028
-0.000481
0.000442
0.000032
0.001254
0.000035
