1.173565
0.959944
0.823489
1.173823
0.992168
1.081157
0.897261
1.071306
1.169342
1.192160
1.342149
1.053866
1.031348
1.212261
1.062910
1.147092
1.226893
0.792907
1.110345
1.218044
0.809025
1.247958
0.686138
1.258726
1.256256
0.918759
1.213427
0.971046
0.940919
1.234484
1.129311
1.388213
-0.030248
0.353512
0.241364
0.062620
-0.091671
0.157902
0.000978
-0.052603
0.086399
-0.434261
-0.084680
-0.032053
0.302990
-0.148838
-0.180852
0.047126
-0.213961
0.034287
0.214814
-0.112001
0.199021
-0.223179
-0.192488
-0.237550
0.141198
0.052211
-0.233222
-0.188096
0.087381
0.151917
-0.243886
0.078713
