-0.657300
0.539505
-0.870588
1.647908
1.429761
-0.614079
1.392096
1.991237
1.439343
-2.274639
-0.237709
-0.623244
0.464857
2.158708
-0.544381
1.700470
2.345141
-1.248051
0.223089
-0.728204
-2.262603
0.140294
-0.415453
1.420925
-0.593335
0.468540
0.866369
0.783180
-0.018009
0.949191
1.450770
1.588793
-1.079089
0.914013
1.561669
-0.829687
-0.479137
0.979386
-1.025175
0.919281
-0.119117
-1.856181
2.086955
3.230708
0.162096
-0.543776
0.238615
-0.383481
3.410750
1.685564
1.800385
1.644152
1.485206
1.834491
-0.179788
0.039598
1.704866
-0.072270
-1.842670
0.290833
1.295060
1.316547
-0.681437
-0.225832
-1.166185
-0.077680
0.089863
0.318921
-0.293797
0.649283
-1.910510
-1.886415
1.254277
-0.357710
0.111440
0.200180
0.627321
-0.693519
0.359263
0.657392
0.254938
0.740554
0.549812
-0.365429
0.206060
0.781866
0.474649
-0.768775
0.313102
-1.484938
-0.094884
-1.641440
1.997837
0.640336
-2.110598
-0.296283
-0.047607
1.686145
-0.358921
-1.048114
0.452458
0.293781
1.304327
0.452794
-0.189399
0.205415
-0.486055
-1.860516
-0.517196
-3.081398
-0.394962
-2.048181
-0.475633
-0.655606
-0.380302
0.914745
-0.922731
0.522308
-0.079077
-1.305971
0.285337
-0.473010
1.501202
-0.033739
0.014724
0.778328
-0.040598
-1.561913
0.609447
-0.730954
0.637059
0.655220
-2.561995
-1.824582
1.812334
-0.680272
-0.990959
-0.940539
1.449605
0.402129
-0.295243
1.675821
0.882038
-0.114084
-0.420886
-0.790040
-1.937405
1.525527
0.697505
-0.200931
0.450040
0.741532
-0.303238
-0.004239
-0.686872
-0.566028
-0.059623
1.025846
-2.561363
0.485983
1.774599
0.277666
0.318067
0.466576
0.014908
-1.093166
-1.926959
2.520212
0.414042
0.042149
0.927438
0.599211
-0.306558
-2.076993
-0.143723
0.674251
-4.421912
-0.014377
0.892439
-2.363439
1.104857
-1.236457
-1.136177
0.728828
-1.050772
-0.216508
-0.559089
-0.821644
-0.180125
0.752340
-0.009385
-0.104209
-1.486063
-0.042784
0.054191
-1.036493
0.191256
-0.686491
-0.791172
0.450245
-0.953448
0.278776
0.505546
-0.741965
2.514376
-0.219630
1.204181
0.248351
-0.229371
1.050290
-0.306251
-1.967577
0.692669
-0.957220
-1.998168
-0.050456
0.121191
0.223550
-1.371796
1.272647
-0.511152
0.659403
0.816457
-0.349439
-1.030190
0.058325
0.706354
0.875807
0.505704
2.530403
0.142337
0.097954
1.179111
0.779748
0.333609
-2.168354
-1.016793
0.561154
1.514110
-0.578116
-1.714350
2.208288
0.510308
-1.346728
-1.475732
0.280998
0.671162
1.137044
-1.609964
-1.612065
-1.336090
-0.828693
-2.307973
-1.661628
0.486146
-1.605658
-0.765720
-2.254272
1.884093
-2.388997
1.567322
0.551499
1.523500
-0.689979
-0.523364
-0.652647
1.478978
-0.490303
1.892592
1.512769
-0.366226
0.282373
0.274809
-0.533260
-0.494616
1.218947
-1.115357
-2.977361
-0.604114
2.114954
0.132602
1.174982
0.665124
0.794675
-1.572703
1.984030
-1.963038
-1.027660
-0.793162
0.386662
-3.399570
-1.665896
-0.313451
0.059648
-1.344681
0.922997
-3.340471
-0.075082
0.192000
-0.183781
0.385974
0.102394
-0.653454
1.115944
-0.379576
1.200405
0.250878
0.483736
-0.556349
-0.183807
0.343560
-0.811697
2.037306
1.330119
1.060994
-1.772502
0.276319
-1.734742
0.784113
-0.644129
-0.754580
0.935429
-1.432047
1.987648
-0.121047
1.630834
-0.196400
0.138771
0.838611
-2.036106
-1.782099
-0.307806
0.718235
0.517843
-2.921878
0.612665
-1.045109
-1.361424
0.487568
2.014119
-0.822164
0.611682
-1.008836
-0.569474
0.023845
-1.462537
-2.078424
-1.019158
0.396561
-0.734489
-0.864577
-0.991177
-0.926373
-0.258610
-0.376709
-0.601146
0.585885
-1.116880
-0.624811
-0.048023
-1.471296
2.796575
0.138408
0.603741
-0.387106
1.159321
-0.024829
-2.034494
1.343672
-2.223902
0.614470
1.262883
-0.108680
1.441828
0.052398
1.260551
-1.074458
-0.948590
1.078682
0.541919
-0.781606
-0.207205
-1.458367
-0.712569
-0.157735
-0.609473
-0.541533
-0.599447
0.039578
1.164923
-1.702972
2.238203
-0.780775
0.204607
0.123622
0.536989
1.998746
-1.378122
-1.837326
0.152139
-2.486521
0.678364
-0.393399
-1.282608
1.246472
-1.521045
0.774750
2.970474
1.743318
-0.765991
-0.195963
-1.457931
-1.514164
1.710988
-0.110829
-1.295547
-0.414251
-1.511014
-0.207177
-0.561158
1.374846
-2.316543
-1.604423
1.536255
1.112816
-1.002990
-1.351212
2.321889
-1.113422
-0.123560
-1.164234
1.322908
1.229912
0.122823
-1.449376
-0.223433
-0.053647
-0.668844
0.725729
-1.070858
-0.578497
-2.525591
-0.402424
0.789779
0.242614
1.769401
-0.668390
-0.401985
-2.021562
0.389272
-0.182695
2.141652
0.512848
0.028939
-0.821260
0.306254
-1.113815
-1.673646
-1.348651
-2.112855
-0.092714
-2.053667
1.751066
0.030397
0.198186
0.569793
-0.097669
-2.256805
1.071515
-1.513345
-1.036948
0.283919
0.368950
-1.004593
0.255751
-1.269663
-1.076272
2.643659
-0.745406
-0.518728
0.806419
0.394109
-2.126408
-0.663286
0.967306
-2.720265
-0.163632
-2.417028
0.135680
0.367384
-0.943069
-0.397955
-2.926747
0.108897
-2.439195
-0.234732
0.041505
-0.091528
0.666700
-1.779981
0.005856
-0.738033
-0.646743
-0.611779
-0.555533
-2.477649
-1.312896
0.682216
-1.539947
-2.340376
0.694794
0.518368
-1.342228
0.519473
-2.272209
-1.188245
-0.425307
-1.115329
0.975278
0.486195
-0.167387
0.906662
0.703886
-0.112482
0.059748
0.179392
1.296644
-2.227344
-1.109564
-0.243213
-0.421222
-0.176855
-1.561682
-0.093446
0.076163
0.074202
1.573657
-2.097284
1.635134
-0.017759
-0.488746
-0.244322
0.030810
0.954649
0.315000
-0.678034
-1.263494
-0.266660
-0.703419
-1.501659
-0.302444
-0.193493
-0.252964
1.641256
1.718577
-0.931712
-0.148908
0.383825
0.440383
-0.977777
0.086886
0.387630
-0.038397
-0.259124
-1.104587
-0.543453
0.334222
-0.225145
0.008201
0.445697
2.416164
-1.081325
1.598275
-1.402689
0.253298
-1.383247
0.172859
1.241679
-1.216793
0.614389
3.382925
0.502654
1.840089
2.051447
0.159026
-0.339536
0.034615
0.703292
2.427942
-0.388985
0.729334
0.449261
2.768508
1.208267
1.278828
-0.775356
-0.322771
-1.678840
0.581641
2.143689
0.590364
-1.084312
0.149825
-0.404657
-0.188892
1.344466
-0.316391
-0.278927
1.807435
1.071107
-0.301628
-0.893082
0.378579
-0.245630
-0.795395
0.516563
2.974176
0.755758
0.574740
0.942290
-0.208348
1.504313
1.165012
0.607962
1.155747
2.067892
3.389814
-0.726128
-0.786440
-0.649615
0.683005
-0.798425
0.102331
-0.402553
-0.072005
0.914536
-0.375594
1.917884
0.573854
1.803217
-0.383828
1.255929
0.887580
0.387760
-2.289881
-1.758210
-1.352815
-2.118050
0.699453
-0.221355
-1.346640
0.645435
3.453157
0.408830
0.489979
-1.552812
1.119311
-0.008796
0.506573
0.239054
0.348088
0.406570
-1.594558
0.154954
-0.588040
-0.984412
-0.902067
-2.018585
-0.769843
0.174943
1.599331
0.339309
0.350328
1.050851
-0.921343
0.130426
-0.728837
0.607125
-1.412972
3.967706
-1.054406
-0.026208
-1.471679
0.751039
-1.480461
-0.380308
0.707881
0.207253
0.292340
1.684545
0.195335
1.033137
-1.531974
-0.971018
-1.458670
-0.089070
0.587023
0.168489
-0.581024
-1.510275
0.826705
0.226473
-0.845986
-1.059118
0.633296
0.243287
-0.754830
-0.362964
0.341086
1.275665
-0.304296
-1.190179
-1.738275
-0.781148
-0.203704
0.203762
-1.062651
-0.249265
-0.902142
0.144614
1.671144
-0.825632
1.074150
0.420943
0.734216
0.596186
-0.299112
-1.473078
-0.215637
-1.329324
0.110118
-1.274830
-1.509421
1.093627
0.480890
0.452177
-0.481612
0.532806
0.484251
-0.026842
-3.577977
2.283244
-0.175824
-0.428692
-1.192782
-1.006113
-0.308942
0.090154
-0.755214
0.359524
1.287974
0.661490
-0.164149
-0.472184
0.132253
0.638895
0.890116
0.663597
0.214623
-1.490013
0.443570
-1.056810
-0.125076
-0.165997
1.661883
0.293834
-0.955198
-0.824535
0.109745
0.835829
-0.228230
-1.233164
-1.289829
0.971910
-2.125827
1.310401
-2.115372
-1.081545
1.211945
0.074194
0.561944
1.115329
-0.068255
-0.321454
1.697019
-1.020664
-0.867125
-1.416088
0.024134
-1.885282
-1.757158
1.110506
-1.612746
-1.715999
0.780160
0.670265
-0.710741
-1.699709
-1.110407
2.172883
-0.300295
1.487417
1.724247
0.965716
0.654340
-1.031468
-0.196889
-0.758531
0.024445
-0.551542
-0.959155
-0.316738
1.488560
-0.304899
0.202126
-1.094784
0.206009
1.017887
-1.976085
0.240909
-2.960383
0.244778
0.249208
-0.206256
-0.179030
-0.479060
1.401029
-1.187029
0.271819
-0.220287
0.609160
0.399346
-2.406104
0.370918
-0.893502
1.198073
-1.050813
0.071355
0.899143
0.207496
-0.887984
-1.231211
0.467606
-0.636519
0.184117
-0.559828
-1.640820
2.688196
-0.694784
-1.801472
-0.603452
1.715097
-1.547047
-0.804916
0.528932
-0.700021
-0.329238
-0.223403
0.706740
-2.192944
-0.439501
0.326508
2.317703
-1.755561
0.825708
-0.195095
0.542815
0.663612
1.483722
0.138442
1.058024
0.296788
2.197829
1.168420
-1.391060
0.266318
0.080224
0.785635
0.525515
1.338141
0.280742
-0.049221
0.283615
1.603939
0.170054
-3.474164
-1.976975
0.114764
0.043033
3.319999
-0.050967
-0.079697
-1.633208
0.126372
0.640423
-0.252752
1.372661
-1.053986
-0.134505
0.547129
1.727293
0.005062
1.391387
-0.722481
-3.277554
-0.728132
0.399804
-1.087903
-2.064227
1.255003
-0.143480
-0.810516
0.567620
-0.986687
0.384171
-0.331874
-1.124767
0.063170
-0.517526
0.024367
1.554525
1.270854
-1.704095
0.713541
-0.890835
0.335988
0.044689
-1.181885
0.175386
1.624813
-1.950619
-0.809311
0.566279
-0.727208
1.303079
-0.492518
2.805424
-0.850477
-0.262380
-0.602056
-1.485078
-3.654428
-0.201379
0.060617
-0.236071
0.318782
-0.701863
-0.287593
-1.302564
-2.897283
0.265478
0.261759
-0.621856
-0.068628
1.422525
1.649067
0.343209
1.944363
0.292650
0.343807
-0.255492
0.772549
1.305320
0.300621
-2.852659
0.373329
-1.067485
-0.392688
0.363318
0.123086
-1.498820
1.871270
1.873024
0.677751
1.435276
-0.033270
-1.717472
0.214534
-0.465050
-2.955565
-0.378266
-0.056808
-1.734951
0.294685
-0.320274
-0.915204
0.131839
0.354930
0.529757
0.806691
-0.337508
-0.276744
-0.657124
0.677775
0.423289
-1.568015
0.021282
0.112180
0.705356
1.218268
1.028861
-0.465501
-0.382201
1.682286
-0.632355
0.848855
-1.820252
-0.128713
0.116777
1.493998
0.874340
-0.784735
-0.239011
-0.031838
-0.425732
0.559771
-2.202482
0.050385
1.756124
-2.561273
0.433544
-0.327245
0.875582
0.433287
-1.890091
-1.700146
-0.344245
-0.108785
-2.035781
-2.077281
2.537423
1.657678
-0.686387
0.816668
0.638730
1.224732
0.216875
-0.549132
2.745730
-3.422131
1.150552
2.343095
-3.085730
-0.051026
0.633565
0.017679
0.953532
-1.822124
1.598636
-1.029643
-0.671307
0.601395
0.518168
1.080735
-1.962136
0.762919
0.367961
0.334085
0.535602
-1.705452
1.027172
0.750877
-0.150898
1.749096
0.745226
-0.582149
-2.383083
-1.279129
-0.630401
0.365584
0.606828
-0.779347
0.817873
-0.880054
-0.772519
2.016882
-0.523860
0.036010
-0.324470
1.017643
0.187380
0.065044
-0.381203
0.038350
-3.023059
2.355441
0.781142
-0.363151
0.302211
0.182506
0.188681
-0.689911
-0.804384
1.506990
0.585420
0.615614
1.597536
-1.237177
1.119446
-0.906951
0.079309
0.979962
-1.694153
0.245369
-0.635292
0.034166
0.082812
0.870266
-0.962387
1.467865
-0.987152
-2.923803
-0.138477
0.086505
-0.487383
1.043198
-1.441457
0.887173
0.041381
-0.894838
0.307831
-0.140715
0.164438
0.069458
-0.781151
-1.325484
1.548319
-1.541221
1.460480
0.089458
-2.775744
0.341834
0.018457
-2.029341
-0.344969
-0.413752
0.327782
-1.489859
2.118124
-0.253002
-2.080705
0.015757
-0.133363
-0.411614
0.249974
-0.689327
-0.703549
0.144630
1.682978
-1.710372
-0.179474
0.085992
-0.358121
0.215168
-0.596473
0.759417
-1.935315
0.408035
-2.450933
-0.207892
1.483311
-1.660864
1.312993
1.497056
1.336327
-0.989280
0.107240
-0.744767
-0.375233
1.453297
0.207049
-1.906872
0.684250
-0.220932
-0.627252
0.283796
0.905175
0.824120
-0.731493
2.063251
1.102284
-2.537103
-1.516376
0.118250
-1.263224
0.826395
-2.925056
0.595338
-0.189631
-1.090921
-0.009859
-0.002382
-0.681971
-0.306695
0.102057
1.724415
1.718995
1.705817
0.698086
0.160555
-0.349975
0.828098
0.796141
-1.667728
-2.051350
0.420566
-1.152692
0.966323
-0.687328
-1.458086
1.159260
0.798080
-1.293483
-0.428642
-0.162104
0.759035
-2.174790
2.185917
0.228948
0.108307
0.288074
-1.497409
-0.878759
-0.854236
-0.480066
-0.479592
-0.402601
-2.826573
1.754530
0.542738
-0.952817
1.066097
0.156057
-0.560618
0.795933
-1.415979
-1.684996
-0.221833
0.410925
-0.617083
-0.346422
-0.064624
0.486058
0.246998
-0.945999
-2.129832
0.367953
-0.139884
0.916626
-1.623535
0.578024
-0.078191
0.234481
-1.419108
-1.555882
-0.598772
2.303463
0.713020
-1.858258
1.260781
-0.437117
-0.107585
-0.115409
-0.351345
-0.552794
-2.877586
1.111999
-0.135454
-0.909542
-1.991353
-1.050239
0.786121
0.212961
1.574145
0.154170
1.592820
0.666054
-1.974535
0.619269
-0.965115
0.646120
-0.198224
0.927862
-0.825047
-0.431403
0.834766
-0.797565
0.634179
0.237048
1.620674
1.390141
-0.281448
-0.391732
0.824169
0.235795
-1.325439
1.088620
1.565524
1.322702
2.651152
1.932474
-1.343270
2.294164
-0.071171
0.480471
1.354954
0.443522
-0.640010
0.822054
2.949934
1.339734
-0.134743
3.006585
1.936186
-1.041178
-0.534661
2.407670
-2.649893
0.033197
-0.576656
-0.181057
0.029906
1.147817
0.662879
0.065997
-0.219101
0.841490
0.955200
1.214806
-0.212896
0.064396
0.758690
0.593082
-0.764331
3.046595
0.437607
0.001323
0.361131
-1.733458
0.119017
-0.797806
2.045381
1.207735
-1.073084
2.365197
-1.914449
-0.571630
2.631009
-1.922190
0.405074
2.362972
2.290459
-1.529050
5.122832
0.940025
-0.697805
2.916508
-1.208700
0.485958
-0.500854
-1.964533
-0.533778
-2.561678
0.766391
0.181505
0.151620
-0.230513
-1.694555
0.165687
-0.652564
-0.656013
-2.777188
-0.787894
-0.239998
-1.238316
-0.152825
0.652563
0.820244
0.832149
-0.676360
-0.073815
-1.534113
-0.493053
0.892748
-1.323524
-0.012679
-1.245349
2.231479
0.761750
-0.414129
-1.383444
-1.392616
1.342502
-0.948272
-2.078267
-0.990361
0.924617
0.682871
-0.662119
0.990366
-0.113787
0.106179
-0.121643
-0.188360
-0.669443
1.176047
-0.059367
1.257158
0.628462
-2.383296
1.558180
0.598497
-1.679318
-0.332396
-1.039299
0.352527
-0.002187
-0.862278
0.537913
0.787288
-0.456164
-2.160463
-0.747422
-0.024419
0.704816
0.166182
-0.906864
-0.291602
0.566412
-0.689433
-0.034001
-0.652427
0.699583
1.180974
0.767730
-0.097247
0.516676
3.087161
1.699934
0.579801
-0.260115
1.712139
-0.447620
-0.448435
-0.064464
0.364503
-0.262073
0.272436
-0.028054
-1.341907
2.239204
-0.421373
-1.827282
-0.439317
-0.619660
-1.206238
0.204392
2.224178
-0.063227
0.306417
2.117310
-0.142984
-1.269926
-0.985417
0.424397
-1.154872
-0.514828
1.300851
0.499054
1.029581
0.516145
1.309479
-1.615533
-1.432169
0.290993
-1.550221
-1.332503
-0.156306
-0.257826
0.021210
0.318658
1.243037
2.107865
0.027430
-0.553877
0.526465
-0.029728
-0.307400
-1.152497
1.031770
0.956042
-0.201976
-0.099884
0.503438
-0.851775
0.544691
0.385942
-0.772446
-1.736519
1.069964
0.157534
-0.620185
1.072106
1.464540
-3.238742
1.238849
0.812918
0.252695
-0.089266
0.643255
-1.456420
1.053728
0.112794
-2.000219
0.985563
-0.682518
-0.019509
-0.638351
-1.964085
1.427481
0.689364
-0.218754
-0.189971
-0.680633
-0.426905
0.155538
-0.482100
-0.151223
-0.572287
0.454879
0.276871
0.980572
0.585175
-0.690126
-1.882226
-1.792966
-0.804720
-1.385245
-0.254658
0.451882
1.421155
-0.362940
0.785085
0.730457
-1.885668
1.595307
0.504644
0.826026
-0.705648
-1.037829
-0.599951
-1.417320
2.212416
-0.599238
0.199281
0.664324
1.589738
-0.054123
-1.580910
-1.046973
-1.696506
0.925324
0.440071
0.229248
0.038565
0.385988
-1.020178
-0.971694
0.837799
1.640700
0.147425
0.685701
1.488130
1.596882
-1.474324
-0.117371
-0.098359
0.969007
-1.510661
0.839273
1.322646
1.107495
-0.954238
0.666471
2.687496
-0.324528
-1.137022
1.256028
0.446014
-2.119255
1.151057
-2.371965
-0.551821
-0.378622
-1.348516
-0.274502
2.057373
-1.139159
-1.366017
1.022429
-0.835494
-3.358344
-1.530279
0.623110
-1.891392
-1.015919
0.240786
1.895983
1.850592
0.215379
-0.760342
1.073665
-1.255053
-2.031199
1.509246
1.087023
-1.511441
-0.180772
-0.443269
-0.537208
0.224900
0.260369
-1.008753
0.642698
-1.261807
-2.741436
0.602753
0.880370
-1.605879
0.909203
-1.720244
-1.476265
1.928054
-0.126301
-1.030606
-0.059585
1.638565
0.022677
1.529313
-0.295601
-1.707921
1.572092
-0.609558
-0.023355
-0.211556
-0.852589
-1.540560
-1.265976
0.723693
0.193571
-0.150069
-0.332565
0.133732
-1.395342
-0.381783
0.762680
0.120886
-1.280807
0.080502
0.692395
-0.742238
0.850745
-1.191766
-0.449562
0.690306
-1.479987
-0.116360
-2.689149
-1.005045
-0.015667
-1.957237
-1.090889
-0.268514
-1.975536
0.240313
-1.724718
0.393653
1.443468
-1.243504
-1.613462
0.261251
1.889251
-1.896486
-0.172943
0.175729
-0.835552
-0.717378
-1.520368
-0.484163
-2.204769
-1.495724
-3.182393
-0.210461
0.389418
-1.699980
-0.231224
-0.023868
-0.956001
-0.257335
-0.915947
-1.093453
0.215539
-0.196303
1.072749
1.812083
-0.417491
-1.412782
-0.537549
-0.836847
-1.593111
0.312920
0.958138
0.879687
-0.643233
-0.091660
-0.624438
0.505370
0.062481
2.134275
-0.263627
-2.230445
-3.644320
1.165293
0.326305
-0.216739
1.252557
-0.992070
0.807327
-1.345772
-0.808794
-0.130060
-0.328321
0.131179
-1.193389
-0.652725
-1.080181
0.486401
0.587441
-1.765333
0.682695
0.612211
-0.406641
1.397056
-0.925465
-2.657415
1.788027
-1.134837
1.085357
0.333510
-2.633878
-0.820253
1.857395
0.844321
1.044451
-1.024166
-1.431357
-1.531797
0.996709
-0.811042
1.854446
2.391956
-0.497554
2.120552
-0.258325
-1.116388
-1.511985
-0.639956
-0.243882
-0.762221
1.776406
-0.388677
0.521957
0.474927
-1.286115
0.583103
0.735385
-1.165215
0.730289
0.932833
0.890650
0.005561
1.304143
-1.974898
-0.635771
2.037378
-1.234609
-0.107170
-1.669739
1.012043
-0.888907
-0.046086
-2.116732
-0.930171
2.448926
-0.338788
2.147977
-0.050293
1.007429
0.984717
-0.258124
1.839900
-0.979355
1.416098
0.419097
1.709540
-0.186044
-1.401094
-0.187387
-1.126144
-0.730665
-0.265931
0.328903
-0.979041
1.203983
-1.727889
-0.753823
-0.477818
-0.429990
-1.146762
-2.699259
0.118061
0.368089
0.815190
-0.064142
-0.053309
-1.843297
0.006263
-0.124082
1.450511
0.879042
0.652398
0.070644
-0.967574
0.077179
0.538646
-2.646761
0.810381
-2.791394
1.391849
-2.146082
-0.441964
0.569383
-0.938801
2.149766
2.027335
-0.271982
-0.432349
-0.496146
-0.348828
-0.555981
-2.067552
0.301086
-1.551280
-0.470050
-0.137035
-1.722933
-1.455774
1.286562
1.429423
-0.583055
-0.562975
-0.299625
0.122134
-0.846102
0.350127
1.763852
0.006074
0.067300
1.281767
-0.366844
-2.267973
-0.760145
-0.077961
-0.189358
0.130946
-0.006302
0.407695
0.557058
-1.776965
-0.228679
-0.200981
0.099827
0.149305
-2.371984
0.208808
-1.316777
-0.356354
-2.339863
-0.440990
0.359521
-1.257746
0.626475
-0.950245
0.897209
0.574796
0.229908
1.484111
0.488452
0.555648
-0.000111
1.015525
2.248898
-2.103020
0.179928
0.805266
-0.833729
1.921890
0.573389
-0.140245
-2.541086
-2.437719
-2.217310
-0.277974
-1.777698
-0.798466
-0.795969
-1.378339
-0.908348
0.083418
-2.123298
-0.082980
-0.089491
-2.700609
1.007966
1.035195
-0.037432
0.539041
0.870625
0.336611
0.581635
1.261116
-1.003550
-1.160750
-1.713627
-0.155683
0.331879
-0.311946
0.603873
0.505939
0.845936
1.069801
-0.150478
-0.292931
1.613607
-2.513856
-2.325800
-0.311073
-1.037020
0.709679
-1.515311
-1.137682
1.926069
0.227842
2.067411
0.753555
0.311159
0.309777
0.438102
0.097486
0.549489
0.104456
1.544828
0.550231
-0.250008
0.091766
0.719796
0.315967
1.020903
1.392070
2.112521
0.484812
0.405359
1.729601
1.881501
1.794171
0.217231
-0.648880
1.723427
0.665832
1.305786
0.343748
-0.021619
-0.393522
-0.801639
0.139769
0.094165
1.335174
-0.220915
0.588808
-0.014422
-0.021938
0.269715
-0.095464
1.129317
1.413922
-2.177800
-0.535126
0.465960
-0.439723
-1.019899
2.109570
-2.134632
1.313545
0.534038
0.203447
0.493054
-1.157334
-1.088991
-1.001072
-0.880324
0.425108
0.172783
-2.003432
-0.773092
-0.432112
-0.804961
0.490204
3.126433
1.497466
-0.370273
-0.686640
-1.480640
-0.077007
0.240925
-2.262247
0.396625
2.451120
1.933293
1.528865
1.999875
2.206977
-0.602723
1.064218
2.033424
0.629948
1.146623
-1.467150
0.317411
0.212073
1.078749
-0.461197
1.805358
-0.487462
1.141959
-1.684383
-1.191116
-1.823773
1.956517
-1.706689
1.220808
0.520526
0.968801
2.476700
1.032556
0.472791
-2.100891
-0.534196
-1.524063
0.025025
-1.575524
-2.044032
2.934419
1.288483
1.107705
-1.884463
-1.497370
-2.155963
-0.606767
-0.327268
-2.532674
1.680055
1.286729
-0.923431
-0.924556
0.811128
-0.140963
0.251361
-1.117838
-3.753670
-0.264534
-1.163174
-0.202153
-1.018190
-1.052118
1.847280
-0.236709
-0.190734
-0.444030
-0.378048
-1.274998
0.775882
0.712866
-0.067484
-0.469975
-2.482893
-0.819686
0.386916
0.579505
-0.118896
-0.938175
-0.021420
-1.388739
0.350791
-0.829972
-0.485970
-1.460632
-0.136944
-0.321593
1.445677
-0.650052
1.115793
-0.079198
-0.826041
-0.853316
-1.295813
0.246177
-0.971941
0.175349
-0.946755
-0.394674
2.377913
0.701957
-0.104285
-0.958533
-0.478403
0.681718
1.286002
0.082472
0.382452
0.093990
1.062674
0.681774
2.408539
-0.837798
-0.808634
0.046767
-0.772108
0.240998
-0.442951
-0.296378
-0.957906
2.119180
0.370514
-1.556200
-1.064172
0.146191
-0.649731
-0.692677
0.920534
-1.579929
-0.898849
0.750931
0.171576
1.196075
3.022874
0.727348
0.880088
1.800349
-0.447919
1.913773
0.819928
1.877244
0.240788
0.136796
0.409744
-0.304803
1.115142
0.205607
0.813839
-3.196729
0.878952
-0.988852
-0.339637
-0.213862
1.854397
-0.061804
-1.541197
1.683980
1.191894
-0.162077
2.526019
-1.651558
0.112940
0.781580
-0.872370
0.871079
-0.009326
-0.497996
1.873587
-0.950793
-0.047024
2.204833
-2.726749
2.674301
0.379072
-2.667678
2.375812
-0.941608
-1.461840
0.830044
0.004978
0.233786
0.159161
-0.869801
1.853473
-1.768880
-1.055871
-1.608215
0.285208
0.588428
-2.801800
1.416404
0.936700
-1.889831
-1.288432
0.127957
-0.844860
0.573577
0.667889
-0.699919
-0.182774
-1.047034
0.466243
0.329526
-0.831622
-0.561525
-0.018869
1.364013
-0.706164
-1.252845
-0.275069
0.014153
0.804940
-0.557378
0.810786
-0.021734
0.300895
-0.808913
0.651542
0.756310
-0.396961
-0.034353
0.868413
1.473542
-1.291724
-1.086549
0.031236
-0.407492
0.086110
1.019010
-0.003306
-0.544959
-3.576055
-1.483492
1.054563
0.413104
0.103701
1.342911
-0.527125
-0.353973
-0.301784
-0.109484
1.949237
-1.791471
0.664285
0.150796
-2.114789
1.092845
-0.694547
1.031213
0.981601
0.391248
-1.846305
1.903314
0.734719
-0.407451
1.071568
-1.822858
2.913999
1.148135
-0.169124
1.790484
1.285644
0.895274
-0.671478
0.082988
-0.238391
0.644710
1.115215
1.147910
0.217754
-0.141792
-0.288116
1.093940
-0.022087
1.168083
-0.250386
-1.219633
-0.634685
-1.292961
1.048525
-0.872928
-1.378344
0.184284
2.214016
1.409074
-0.780539
1.000366
-0.221028
0.673587
-0.620515
0.047469
-0.011067
0.231000
0.615023
1.548864
0.837386
-0.019824
1.186611
1.695576
0.782805
0.468120
1.333881
-1.282195
0.017365
-0.086235
-1.704729
-0.471535
1.284399
-0.523292
1.149904
-0.818416
-0.202161
-0.285522
-0.135372
-0.514860
-0.203664
-0.326969
-0.568402
1.005312
-1.284265
-0.876630
1.558114
-1.356790
1.350763
-0.807888
0.556453
-0.020519
0.335486
1.055054
-0.539255
-0.459440
0.651343
-0.363916
-0.027068
-0.134232
-0.629464
0.089565
0.309034
0.444971
0.461922
0.412234
0.374887
-0.534620
-0.340954
-1.425997
1.159590
0.835735
-2.060374
0.950699
3.917983
1.320222
-2.575648
-0.919740
1.989146
0.161409
-0.139877
1.744516
-0.214109
-2.969381
0.878455
2.212673
-1.701116
-0.149602
0.980228
2.217544
-1.046041
-0.099596
1.197005
-0.215576
-1.317677
-0.982012
0.142793
-0.231482
-2.198099
0.679255
-0.260857
-0.298045
-0.220940
0.626749
-0.706101
-1.547483
-1.073813
0.469425
0.725436
1.606199
1.087505
-0.228721
0.421671
-0.080108
-0.838855
-1.202693
-1.166092
-1.993889
0.495217
-1.347830
0.343693
-0.445863
-0.346443
-1.007687
0.492647
-0.969570
-1.308472
0.045703
0.172772
-0.946862
-1.200521
1.252373
-1.225189
1.133889
1.094775
-0.615784
0.048130
1.218372
1.187503
-0.743513
0.957028
2.180008
-1.505255
-0.783294
0.975532
-0.093951
0.229068
2.097529
2.895952
-1.061644
1.378495
-0.313183
-0.523299
0.682133
-0.539665
2.630999
0.262617
0.581204
1.390459
1.405905
-0.214039
1.131216
0.029046
-0.479496
-0.169605
0.808852
1.337622
2.977866
2.104832
-0.695933
0.664708
1.377167
-0.043850
-2.410281
1.025186
0.621239
-0.212978
-0.838707
-1.168565
-0.183291
-0.813373
-0.232135
-0.050394
-1.121465
1.488649
-0.966438
-1.967760
-2.097248
-0.980188
1.217484
-1.069776
3.485349
-2.393639
0.186584
0.857056
-0.765762
-0.569609
0.412228
-1.400671
-1.534657
0.867325
-0.060663
-1.255839
-1.810865
-2.220246
-1.522078
-1.003080
1.366092
1.303759
-0.655215
-0.230238
-1.081313
0.293863
-0.856892
-2.077399
0.095290
-0.107820
0.400537
-2.514229
-0.268340
0.141434
-1.184358
1.201427
-1.370336
0.091844
-2.385029
1.331841
-1.532610
0.116279
-0.189070
-0.202150
-1.036376
-0.948514
-0.300298
-0.376046
0.296412
1.904779
1.296281
0.089519
-1.759835
0.815541
0.304330
-1.899279
-1.575276
-1.566671
0.371875
-1.284321
0.705388
-1.420472
1.401077
1.059684
-1.102811
-0.468988
0.721552
1.509085
-0.664929
-0.902964
2.564020
-2.080420
0.509010
-0.246267
0.984823
-1.925213
-1.863286
-2.466792
0.872136
0.966381
0.427372
-1.876184
1.031897
0.087131
-2.211395
-0.550136
-1.898546
-1.856773
-0.305089
-0.439189
-0.555361
-2.749017
0.678293
0.281118
1.780876
0.691890
0.120035
0.108360
-1.865241
-0.948406
0.308017
-0.716604
0.858358
0.388858
-1.543264
-0.119004
0.341267
1.599253
1.836076
0.063257
-0.146034
-0.386640
0.370054
1.400753
-1.467018
-0.817424
0.714580
-0.377269
0.686183
0.148523
-1.277161
1.557321
-0.217054
-1.293610
-1.178092
-0.246346
0.081307
-1.336174
0.414117
0.234123
-1.270963
-0.780949
0.156305
-0.438124
0.951802
-1.239695
0.597467
-3.718027
-0.560946
-0.632972
-1.555831
0.247970
-0.741274
0.493023
0.898923
0.859639
1.496161
2.184523
1.337210
-0.444049
-0.296895
-0.235600
-0.517879
-1.742407
0.950383
-0.901289
0.184404
-0.818983
-0.774544
-1.178552
1.640990
1.412470
-1.241602
-0.761018
-0.546292
0.189200
1.208276
-1.588242
-1.656880
1.875157
-0.713807
-0.256838
-1.851395
-0.818678
0.871193
-3.446271
1.320115
-0.495322
-0.809531
-0.782421
-0.344374
1.265495
-0.539260
-0.629014
2.509487
-1.046053
0.310082
-1.502282
-0.549553
0.727508
0.105265
0.327627
0.324144
-0.118435
-0.821147
0.379547
0.196146
0.260721
-0.641383
1.016794
-2.525553
1.251906
1.188832
-0.248278
1.165887
0.300510
1.885581
-1.961288
-0.359075
-0.813357
1.978785
0.162576
0.707278
1.435895
-1.615682
0.483312
-1.407034
-0.866407
1.267159
-0.154044
0.115640
-0.536299
0.048901
-2.608364
-0.198419
0.801347
1.642258
1.904300
2.115740
1.397360
0.145687
-0.229367
-0.168972
1.590960
-0.250487
-1.525859
-0.306349
0.340208
-2.844174
0.200577
1.337922
0.054288
-2.475082
-0.495241
1.037845
0.971095
0.171276
0.771155
-2.264346
-0.133290
-0.851081
-1.313901
-1.000478
0.120729
1.282426
0.722967
0.783099
1.809047
1.815142
-1.036577
-0.561289
0.081286
2.958079
0.054531
0.857417
1.268522
2.126979
1.002414
-1.057497
-1.085494
-0.700223
0.414461
0.474645
3.406138
0.325798
-0.966153
-1.561514
-1.363256
-1.792543
0.293994
0.168121
-1.327698
1.324647
2.043797
1.406625
-0.641660
-0.739778
-2.456052
1.350575
1.703849
0.344225
-1.192886
0.773123
-1.141171
-0.725885
-1.547645
-0.885475
-0.183275
-0.466317
-0.546033
-0.694155
-0.305898
-0.447668
0.019866
-0.821509
0.675778
-1.314670
-1.316164
-0.169308
-0.223145
1.768029
1.461774
1.165409
1.392822
0.770348
-0.361419
1.631652
0.543007
-0.322975
-0.319385
-0.993063
0.059977
-1.587408
-1.274016
1.125372
0.393623
1.215831
-0.627879
-2.868565
-0.772502
-0.959131
-0.467552
0.992768
-0.429572
0.484484
0.714529
1.502746
-1.213130
-1.028994
0.507644
1.549176
1.027427
-2.197548
-0.383921
-1.340437
-0.011807
0.217103
0.612641
0.502314
0.957455
-1.265307
1.156919
-1.294459
-1.065489
0.874754
0.396842
0.462871
1.668078
2.127208
0.394216
0.249927
1.217687
0.225186
2.724508
-0.934542
1.054631
0.424416
0.453566
1.023558
0.750109
-1.767582
-2.506368
-2.492352
-0.425642
-0.189397
2.159268
-0.116462
-0.317410
0.222963
0.145512
-1.572924
-0.484145
1.254996
0.017115
-0.330789
-1.932032
-1.163795
1.145038
-0.369227
-0.863497
1.989704
0.415122
-1.006697
1.926620
1.452494
1.569696
-0.639753
0.047687
-1.069684
1.463854
-1.778306
0.993981
0.387423
-2.577461
1.469903
2.694844
-1.494007
1.255330
1.539871
-0.639431
0.880709
0.246127
-0.354242
-1.765981
2.226077
0.032335
-0.842453
-0.761781
-2.137897
-0.377485
2.363943
-1.460709
-0.438232
0.057203
-0.106675
-0.350876
0.288851
-0.372276
2.682637
-0.498317
1.930034
0.329053
-0.558323
-1.434983
-2.504684
1.334059
0.025522
0.606291
0.734619
0.921213
2.200499
-1.050582
-0.836681
-1.621489
0.315732
-1.721436
1.883689
1.012947
-0.389757
1.626238
-0.671736
1.787570
1.105580
0.798594
-1.206062
-0.952704
1.247428
-0.801994
0.683629
-2.389672
0.386962
-0.980385
-1.762684
0.633237
-1.025196
-0.831004
0.837438
-1.987100
0.216560
-0.769021
-0.584654
0.434402
0.167793
0.800293
-1.413280
-0.836357
0.953272
-1.291301
0.966048
1.737428
0.521808
1.352634
1.081953
2.101079
-0.450732
-1.140743
-1.402696
-0.134384
-2.607381
0.214975
0.956212
-1.591054
0.415321
-0.035855
0.383758
-0.633285
-1.484450
-0.119532
-0.199484
1.698728
-0.862612
0.149290
-0.087217
-0.620838
-1.110249
-0.356563
-1.313046
-1.126031
-0.232162
1.444513
0.461602
-0.876353
-1.565746
3.134472
-1.553283
-0.034589
1.379123
-1.862544
-1.291698
0.930713
-0.925365
-0.589590
0.744586
-2.048425
-0.986035
0.419763
0.884061
1.460079
-1.499075
-0.146324
-0.035427
0.614350
0.379675
-1.928710
-0.366938
0.454207
0.200822
0.884639
-0.633742
-0.431966
-0.408435
-0.366391
1.254060
-0.579131
1.370280
-2.379146
0.417382
-1.941439
-1.586409
-0.732572
-1.879151
0.438115
-1.601284
-1.000207
-0.676961
1.921940
-0.132843
-1.925722
0.942467
-1.237466
0.878220
1.419590
1.017656
0.328532
-0.978445
-0.481064
-0.753150
-0.536255
0.548773
-0.137493
-1.388373
0.265263
-1.854905
-2.547120
0.074052
-0.238069
1.494093
1.694086
-0.339272
-1.327163
-0.873005
0.327835
-0.685537
1.378674
-2.236401
0.122764
0.879101
-0.213311
0.558999
-0.656705
-1.036849
-0.795373
0.173145
-0.892024
-0.735641
-1.441459
1.379610
-1.174618
0.696191
-1.086073
-0.344178
-0.796108
-1.232794
1.190389
-2.139183
-0.651698
-1.612369
1.919578
0.299874
-1.764866
0.263451
1.866936
-2.070402
1.748380
0.001118
-1.263327
-0.809704
-0.490071
-0.111150
-0.269300
-0.668458
-0.731480
-0.091927
0.119521
-1.171339
2.201926
-0.706366
-0.299210
-0.047062
-1.948202
-0.841415
-0.566831
0.391560
3.238395
-0.148900
-0.119073
-1.367779
-1.243688
-0.023572
0.882538
-0.327016
-0.337670
0.362900
0.105437
-2.367872
-0.178367
-0.330858
0.689833
-0.479230
-0.547001
0.086648
-0.063515
-1.173010
0.202667
-0.165617
-0.836028
-0.306924
0.851538
-2.023754
0.870827
0.718737
-0.784179
-2.232748
-3.303493
0.351024
0.201542
0.378867
0.211691
1.097466
-0.691164
0.123461
-0.142818
-1.003272
1.362403
1.531642
1.199008
-1.235665
-0.297740
0.576141
0.003026
1.318242
0.703997
-2.841170
-0.882311
0.125249
-1.148190
0.785419
1.143852
0.878468
2.491516
1.966637
-0.326816
0.536326
1.650509
0.781415
-0.961718
1.285490
0.575456
0.901018
2.473723
-0.531905
0.529693
-0.170352
1.369090
-0.626743
0.339292
-1.593609
-1.269338
0.240932
-1.209311
1.300498
0.440684
1.575494
0.586782
-1.116056
1.206220
-1.134756
-0.827660
0.503461
-1.143435
-1.292224
-1.348800
-0.424118
0.200905
-1.781938
0.508692
-0.511369
-1.215137
-0.513123
-1.401117
2.019136
1.774171
0.430317
0.495137
0.608806
-1.023509
0.356724
-1.324706
-1.128486
-0.249774
-1.313662
0.999045
-0.487881
-0.294947
1.764130
1.428444
0.732174
0.330667
0.381778
0.488667
-1.065988
-0.723336
-0.647118
-0.707530
-0.395869
0.045490
-0.178122
-1.343863
-0.198612
0.315335
0.950662
0.684225
-0.875322
-1.202146
-1.560648
0.599381
0.734256
0.807843
0.004227
-0.283934
1.391753
0.860182
-0.553707
1.710010
0.385921
-0.854782
0.722508
-0.989716
-0.219732
0.251685
0.095507
0.962235
-1.327418
1.064382
0.449012
-0.565268
-0.019519
-0.732615
-0.463119
0.762891
-0.079948
0.572715
1.754859
0.901915
-0.509446
-3.322616
0.666315
-0.688727
-0.017735
-0.890802
-0.135103
-0.479006
0.964967
-2.058414
0.928594
0.241103
-0.072173
0.947397
-2.101335
1.185506
-2.395717
0.441639
-1.085483
0.918766
-0.516647
-0.970384
-0.412001
-0.108694
-2.140981
-0.030774
-0.134418
0.692339
-0.116011
-0.539730
1.833473
0.245879
-0.002520
1.593363
-0.025934
0.833916
0.819857
0.401652
-0.732039
-0.189957
-0.595636
0.175171
-1.594056
1.420761
-0.007697
-0.339977
0.308838
-0.979314
-2.031705
0.270143
-2.034125
0.659950
0.205134
0.956117
-0.033276
0.354451
-1.793291
-0.966591
-1.070183
-1.691989
0.443137
0.328286
1.222496
1.676860
-0.719179
1.067417
0.301068
1.204559
1.354050
-0.231178
-1.118947
-0.660694
-0.667343
1.463915
0.670352
-1.417668
1.411646
-0.421190
-0.572437
0.508634
-2.085337
-0.517268
0.839524
-1.055521
-0.500642
1.290222
-0.063964
1.217768
0.709859
0.827981
-0.416810
0.704592
-1.951652
-0.207406
1.475477
-1.542755
0.486954
0.225084
2.215537
0.786495
0.365644
1.897996
-0.849073
-0.841541
1.854945
1.611395
0.490694
-2.504791
0.966770
0.424189
-0.203086
0.605823
0.168494
1.868425
1.175607
1.538443
-1.398784
0.617608
-0.384323
0.041555
-0.762032
0.504986
1.540473
-0.563314
-1.304515
-0.484995
-1.035869
-0.405023
0.279060
-0.018534
-1.733633
-0.715351
-2.471743
-1.862010
-1.568892
-0.917488
-0.345501
-0.229066
-0.164163
0.990752
0.755428
-0.284665
-0.489020
-0.683480
-0.179248
2.134628
0.310173
-1.525046
1.193197
-0.199911
0.454422
1.255260
-0.613533
-1.513863
0.340734
-1.243045
0.742153
0.483772
0.158147
-1.190954
-1.426006
0.469918
1.230125
0.662796
-0.529343
-0.691717
0.407946
-0.950443
-0.430226
-1.037011
-2.057834
-0.993023
2.199107
0.784060
0.800250
-0.366492
-1.069073
0.316438
-0.108777
-0.010765
0.002936
-0.013443
0.014958
-0.004021
-0.002266
0.008649
0.013800
0.020440
-0.020917
-0.009139
0.007352
0.000730
-0.011812
-0.008877
-0.008649
-0.018571
-0.015834
0.000089
-0.000477
0.003098
-0.008264
-0.003258
0.001172
