0.918391
0.231226
0.352588
0.932838
-1.278054
-2.240015
-0.317423
-0.655104
1.891604
1.576037
0.586089
-1.399150
1.366339
0.220765
-0.285288
0.106791
1.676632
2.244076
-0.213340
-0.189115
0.748372
-1.064253
-2.233020
0.217910
3.841044
2.103410
1.117585
0.053333
-1.346311
0.076519
1.645873
0.881416
-0.982629
0.367844
0.848247
1.290129
-0.279213
0.210145
-0.958220
0.488050
0.450452
-1.194857
0.212443
0.689414
-2.105288
-1.238509
1.163485
0.404604
0.473924
0.667788
-0.415165
-0.784714
-1.811678
-0.395221
0.747736
0.827613
0.112690
-1.138331
0.827716
-1.587127
0.096034
1.143358
-2.326118
-0.293582
-2.123996
-1.665749
2.418732
-0.077650
-0.064030
-0.645341
-0.700499
-1.876226
-0.360796
1.743033
-0.645185
0.249636
0.185352
0.352940
-0.756180
1.502419
-0.783646
0.043508
0.932318
-1.213762
0.524672
-0.163184
-0.680220
-0.446844
-1.203032
-1.606616
-0.345101
0.418090
-0.062049
0.403223
-2.514902
-1.267540
0.393165
0.221265
-0.255911
0.240646
-1.236772
0.338378
-1.080452
0.443871
-1.116054
-0.507869
0.429466
-1.659273
0.210278
-0.200234
-0.024131
-0.596534
1.474873
0.147835
-3.141239
1.071490
-1.547972
0.478875
-0.879999
-0.466723
-1.127011
1.158329
-0.214043
1.640209
2.029537
2.030493
-0.058449
1.904296
-1.157954
-0.190689
-0.340745
0.549840
0.341168
-1.754406
0.282950
1.733036
0.433946
0.449987
-0.115330
-0.944863
1.267577
-0.808996
0.429285
-0.523564
-0.431228
-0.468121
1.645132
0.472975
-0.745669
0.204845
-0.460884
-1.668265
1.303178
0.033417
-1.312895
-0.414393
-0.043818
0.407197
0.140589
1.422381
-1.815416
0.690995
-0.805458
-0.240314
-0.455650
0.513259
-1.896413
0.139136
3.308621
-2.543647
0.273760
-0.358445
-1.634973
-0.447174
0.002133
0.124829
0.292881
1.218399
0.555370
-0.904221
2.002398
-0.072143
0.170468
0.973655
1.492814
-0.938902
-1.840302
0.986141
1.700808
1.151950
-0.411982
-0.232947
-0.723644
0.492875
-0.827374
1.032711
0.314225
0.780411
-0.690957
0.405116
-0.888436
0.513108
-0.353576
-0.457075
0.276548
0.099970
-0.244223
0.493287
-3.137599
-0.573195
0.650301
-0.060732
-0.631757
-0.141513
1.118805
-0.683336
-0.978016
0.585137
-0.810647
-1.138202
-0.373628
-1.053574
-1.411964
1.123095
-1.194698
1.639527
-0.636198
0.189400
-0.699880
0.547008
0.898287
1.727216
-0.481970
0.413870
1.498322
-0.270876
2.514882
-0.612910
-0.767133
-1.502167
-1.024188
-0.053185
2.272204
1.417732
-2.075544
-0.942688
-1.236628
0.419934
0.241395
-1.283693
0.559781
-0.050879
2.394784
-0.690123
1.060498
1.043305
-0.021584
1.339489
-0.510108
-1.531030
-0.012479
-0.204392
0.184992
1.159023
-0.770522
0.920622
0.204113
-1.193775
-0.153942
-0.439067
1.286649
-1.459996
0.302077
1.646593
-1.747444
0.550974
-0.588901
-1.605753
0.443714
-0.413402
-0.204225
-0.776417
0.460824
-0.294752
1.049274
-1.347919
-1.705644
-0.428765
0.124065
-0.046409
0.565908
-1.245961
-0.290082
-0.805382
-2.310415
0.476497
0.213652
2.095307
0.193441
0.173943
1.810738
1.082967
-1.797570
-1.655572
2.044106
-0.879768
1.324142
1.621271
-0.134620
0.829820
0.025064
0.642137
-0.476159
0.370802
-0.502085
-0.623563
-0.687004
1.906562
1.423320
-1.042616
1.647854
0.221223
-0.268595
0.847851
1.539801
-0.073697
1.914343
-0.634239
-0.615724
-0.102144
-2.564389
-2.757866
-0.337188
-2.474162
0.556654
-0.139992
0.733830
2.360068
-0.272088
-0.820566
0.195278
1.503827
0.108066
1.469405
-0.617859
0.626709
0.997386
-0.130082
0.776957
0.057455
-0.060393
-0.829739
-0.235364
0.974784
0.465300
0.817066
-0.684948
0.694054
-1.463811
0.883006
2.302922
0.378998
0.570293
1.128825
-0.378341
1.644343
-1.703110
-0.198470
1.260711
-1.035129
-0.580997
-0.016825
-1.020436
-0.863043
-0.535859
-0.146625
-0.455095
-0.417710
-2.943176
1.173388
-1.428750
0.033189
-0.746076
-1.469919
-0.280173
-0.031111
0.059592
0.887837
0.598825
0.054271
-0.240153
1.790257
-1.987759
-0.358171
-0.797730
0.449070
1.101834
0.557263
2.202269
0.254635
2.291438
-0.210362
0.465510
0.614027
-0.901281
-0.044721
2.023720
0.544670
-2.729451
-0.036270
0.861640
-0.243698
-1.208129
0.503631
2.132554
-0.543767
1.642101
-0.135000
0.282810
0.175817
-0.851744
-2.684254
0.187207
-0.610900
0.532708
1.257085
-1.047804
1.514809
-0.011757
1.074070
1.561105
1.659524
0.809928
-1.335577
-0.090323
2.484417
0.623962
-2.230981
2.052108
-1.308423
1.924931
0.164932
-0.097747
0.775810
0.887494
1.323613
-1.802475
-0.466787
0.702192
-0.497922
0.360406
0.219953
0.002377
-1.138841
-2.348295
-1.746785
-1.172078
0.241659
0.182051
-0.758495
-1.405051
-3.786470
0.808471
-0.495838
-1.759425
-0.389377
-2.793349
-0.149163
2.210704
0.164267
-1.602154
0.722661
0.439559
0.193960
-1.307530
-0.160808
-1.315560
0.033279
-1.355240
-1.634047
0.494780
0.616821
-0.721337
-0.253563
-0.720265
1.395343
2.411360
-0.370393
-2.154398
-0.693378
-0.375459
-0.467570
-0.493230
-1.100032
-1.004488
0.130478
0.419636
-1.298826
0.057663
-0.176070
0.730996
1.037459
0.195565
-0.500064
-0.355495
-2.127288
-1.832225
-0.381041
0.665150
0.846843
1.882013
0.143737
1.867050
-0.561699
0.750179
0.824405
-1.541944
-1.591670
1.110217
-3.702588
-1.249608
0.304078
-0.669611
0.888119
-0.629147
0.094797
-0.618614
-1.130828
-0.933187
-1.338562
1.125197
-0.780841
-0.657047
0.511956
0.020309
0.119728
0.621775
1.292398
-1.771547
-1.679707
-0.479132
-1.677837
-0.255840
0.010669
-0.596515
-0.675092
-1.591751
1.028576
0.858052
-1.028585
-1.334790
0.225394
-1.354493
-0.466512
0.002634
-0.315824
-0.099705
-0.990754
1.670709
-0.211982
-0.048776
-0.602925
0.623958
-2.740532
0.326189
1.532530
-1.516374
1.577070
1.544195
1.007070
-0.931237
1.179627
1.835709
2.219092
2.778914
1.013576
-0.704628
-0.778369
0.764827
0.419418
-3.878555
0.574384
-0.215052
-2.791342
0.123052
1.170165
-0.308835
-1.447310
0.829604
-1.316138
0.242225
-0.949031
-0.424159
-0.577319
-0.179604
-1.309592
0.218021
0.350680
1.023631
0.263634
0.694750
1.481145
-0.521334
1.015847
-0.263011
-1.477022
1.326398
1.172796
0.800414
2.003760
-0.307411
-0.451942
-0.428822
0.939707
-1.085188
0.589870
-1.043307
0.419718
-0.067543
-1.543012
1.061387
-1.878689
0.209697
-0.666811
1.106472
-0.477004
0.092817
-0.839066
-3.178561
-1.596790
0.525990
-0.577887
-0.886974
-0.142729
0.706618
2.135064
-0.120900
-1.879555
-0.850596
-0.666690
0.473078
0.529454
-1.398439
0.152434
-0.384510
-0.333432
-0.615133
-0.112679
1.693539
0.147211
1.289969
0.839643
2.324141
0.455601
-0.468366
0.009098
1.175970
-1.651971
-0.388829
1.451465
-1.004463
-0.256808
1.646559
-1.760242
0.814260
-0.035655
0.321384
0.211923
1.641929
0.175846
0.803347
-0.715741
0.509112
0.651513
1.992680
0.754442
-0.567007
-0.142410
1.147933
0.160255
-1.524117
-0.236160
-0.920193
0.480178
-0.091468
-0.090256
1.425092
-0.761350
-0.456268
1.779842
-1.427573
0.952086
2.085317
1.388664
1.522587
0.926380
1.798064
1.378005
0.599867
-2.061805
0.467455
-1.114440
1.235300
1.477511
-0.880142
-0.349991
0.296323
-1.616343
2.017477
-0.785800
-0.586346
-0.222880
-1.371687
-0.439516
-2.211924
-2.314608
-0.811225
-3.690773
0.355060
-1.138657
1.423538
0.533330
-0.149146
-1.161056
0.738978
1.143891
0.911310
-1.463825
-1.044365
1.012857
0.999655
0.982098
0.766045
-3.468956
-0.778880
1.309620
-0.094480
-0.609887
-2.671540
0.081791
1.980169
0.548126
1.611798
-0.641624
-0.106382
1.621000
0.176613
0.788714
-0.273787
-0.188781
1.215137
-0.367858
-1.741387
0.883943
0.112606
-1.129916
-0.479362
0.897275
-1.040722
-0.814305
-2.265748
0.374059
0.174933
-0.943277
-2.217309
0.062498
-0.955094
-1.823209
-0.724341
-0.596991
-0.325785
-2.496667
-0.729567
0.000667
-0.712554
1.039501
-1.611251
-1.062015
-1.017543
-0.750286
-0.091375
1.265116
0.288110
0.640796
1.025041
-0.632384
-0.507699
0.624662
0.962451
1.655348
0.067407
0.105679
-2.085609
1.640629
1.754972
-1.658922
-0.144627
0.502807
-1.422805
0.273949
-0.338887
-1.050419
-1.781824
-0.507295
0.176675
-0.274703
0.010021
0.691643
-0.488872
1.259014
0.841445
-0.060019
0.051465
-0.226937
-0.095373
-0.703816
-0.271449
1.255071
1.959086
-2.448802
1.010119
0.544753
-0.705562
1.550936
0.970487
-1.872171
0.208936
3.556443
-0.223318
0.141350
-2.686119
-0.583153
0.818097
0.011004
-0.982974
-1.712561
1.825438
-1.312189
1.590449
1.312320
-2.849249
-0.145411
-0.772033
-0.506507
-1.217294
-0.965254
0.970136
0.992717
-2.635048
0.135128
1.073418
-0.192551
-0.106831
-0.341539
0.643750
1.107174
0.077290
0.647572
0.375199
1.289811
-0.537625
-1.605260
-1.020569
-0.811283
-0.901991
-0.209518
1.533928
0.598973
-3.041105
0.524424
-0.758957
2.238673
0.209061
0.789438
1.440476
-0.248714
-0.056034
0.921613
0.400764
-1.286601
-0.800746
0.140889
0.118441
0.662287
-0.895604
0.447722
-1.859149
1.206075
1.336371
1.977382
0.843798
-2.031824
-0.736978
-1.051119
0.979143
-0.220010
0.458773
-0.355363
-0.537246
0.679229
-1.044769
-0.795495
-1.663091
-0.940825
-0.732939
0.741825
-0.811445
0.344652
2.214948
0.209385
2.879779
1.326706
-0.283546
-0.751874
0.666157
-2.393859
-1.288036
0.337644
0.699128
0.036385
-0.488488
-0.972104
-1.378043
-3.081076
-0.099764
0.046655
0.984131
0.874658
0.142401
1.321195
0.457364
2.085200
-0.225284
0.083597
0.755883
-0.357401
0.742893
1.466587
1.624362
1.299554
-0.971619
-0.973185
0.610006
-0.910505
-0.174092
0.182282
-0.935724
-0.368015
-0.219613
-0.501079
0.465948
1.392215
1.935278
1.810479
-0.172755
0.118164
-1.714478
0.780739
-2.521135
-0.781600
0.508989
1.302435
-0.608823
0.778752
0.813404
-0.971935
0.087484
0.158789
1.468093
0.678179
1.308154
0.259696
-1.205505
0.049189
0.107752
-0.334355
-2.172725
-1.153612
0.519319
-2.599872
-1.478989
-1.129231
2.034196
-1.295728
0.333015
0.399720
0.660167
0.638244
-1.452081
2.370332
-0.318286
1.281533
-1.205886
0.930661
-1.891213
-0.098071
0.610934
0.633891
0.190622
0.856015
-0.939437
0.375669
0.728805
1.174052
-0.907950
0.703615
1.441570
-0.687803
-0.948165
-0.023807
-1.337165
-1.322174
-2.071480
-0.748268
1.237811
0.702350
0.629636
-0.119473
0.584777
1.955391
-0.631436
-1.091405
0.196581
-0.143948
0.243597
0.791165
0.351498
0.202471
0.892583
2.263001
-0.155769
0.057157
0.422820
0.241008
0.063451
-0.511185
0.728414
-0.629278
1.728247
-0.592188
-2.595360
2.316540
-0.214949
-1.718798
-1.293873
-0.258097
1.688435
-1.609569
-1.238086
-1.040037
-0.513704
-1.165484
-1.670504
1.197056
-4.033453
-0.891181
-0.123530
-0.061539
0.404151
0.916240
1.445323
0.223318
0.358983
1.210850
0.767564
-2.024017
-0.388533
-0.820212
-0.427370
-0.591546
0.365384
-0.108644
-1.027308
-1.215148
-0.306971
-1.374036
1.238226
0.471755
-1.560470
0.885488
0.508572
-1.663893
0.904608
-1.841082
-2.630622
-0.277184
-0.676393
0.248028
0.613149
0.858793
-0.438616
0.103008
0.800801
-2.351794
-0.173552
1.980814
0.264976
-0.068485
-3.168384
1.409048
-0.015437
0.374197
-1.530152
-0.617914
0.364503
-0.211617
1.053300
0.766970
-0.421122
1.379873
0.930772
-2.414002
0.261827
0.445801
2.077080
0.936623
-0.973313
-0.147911
0.666898
1.009417
0.382145
2.361265
0.338426
1.114788
0.034036
3.373701
1.104129
0.541814
-1.363087
1.348795
-0.834338
-1.959952
-0.159936
-0.000627
-1.900106
-0.633464
0.813127
-2.018815
-2.800052
1.645219
-0.913316
-1.185566
-1.032878
1.402358
-1.704979
-0.593543
0.206505
0.188661
0.478786
-1.754547
0.746364
1.513377
1.334841
1.776998
-2.117121
1.207346
-1.066570
-2.210452
0.383778
0.208191
-0.899792
0.931361
0.648749
0.346025
1.884744
-0.203752
0.091750
1.504682
0.532295
0.208361
-1.253770
0.269564
-1.089270
-2.380978
-1.095209
-0.900714
-1.316479
-1.420396
-0.963499
-1.894341
-0.392710
-1.973258
-0.499957
0.521249
-1.053965
0.704939
1.431231
-0.409009
0.052721
0.626390
0.811659
1.298018
0.641666
1.464343
0.083556
0.421145
-0.540797
-1.739200
0.006382
-0.649306
0.598538
0.183416
0.746038
1.706311
2.021673
-0.983924
-0.190643
1.559461
-0.330425
1.100115
-1.945543
0.093084
-3.563317
-1.293250
-0.561375
-0.910686
-0.118209
1.421741
-0.633824
2.551435
-0.331503
1.383726
1.230948
-0.789398
-1.833298
0.857341
1.185252
0.840539
2.133751
0.605921
1.770920
0.947282
-1.739705
-0.363546
-0.773983
0.296479
0.332827
-0.493561
-0.926588
-0.056425
-2.117354
0.574128
-1.294710
-0.671060
0.177517
1.759088
-0.601369
-1.788519
-0.559457
-0.843253
0.622191
-1.149981
-0.934971
1.313218
-1.824708
-2.135689
-0.366237
-0.197095
0.673580
1.438127
-0.679151
2.646532
0.762434
-0.768840
-0.240482
-0.954435
0.272124
-0.649615
-0.364991
-0.370854
1.233158
-0.541168
0.005280
-1.734095
-0.083853
-1.439750
-0.556386
0.272396
-0.216119
2.200406
1.572640
-0.825572
-1.428135
-2.733847
-0.561865
-1.042047
-0.941868
-0.262860
-0.920967
-1.075791
-2.237109
1.083888
-0.409499
-1.958247
-0.909713
1.204004
0.009149
-0.574069
3.048987
-1.140795
-1.657408
-0.136327
-1.843094
1.043159
-0.141580
-0.513137
-0.703119
1.429364
-0.437798
-0.288001
-0.605021
0.274505
0.182680
-0.688133
-0.188470
-0.146677
1.508730
0.568683
-0.921447
0.612271
0.867843
-0.488132
1.089678
-1.373069
0.490820
2.260619
0.598635
1.266469
-0.869632
1.448440
-1.947199
-0.048927
0.054749
3.200668
-1.950239
-2.585865
-0.120097
-1.109253
0.680433
-0.676139
1.388164
0.134852
0.689396
0.558601
0.551393
1.169390
-0.392206
0.339242
1.116820
-0.759559
-1.737226
-1.934525
-0.513984
-1.570455
-0.398183
0.216977
-0.656056
-2.154028
-2.923807
-1.748661
0.131182
-1.592464
2.386379
-0.234309
-1.774748
-1.155441
-0.454233
-1.910099
-0.977279
-0.031862
-0.132662
-0.633528
-0.261659
-1.186023
-0.610448
-0.817436
-0.605634
0.545415
-1.447413
-0.009203
-0.775088
0.019524
1.086352
1.132626
0.981854
-0.249474
0.691248
1.221449
0.006459
0.108749
-0.072262
-0.187599
-0.718812
-1.943765
0.822867
0.867659
0.916540
2.566229
0.851334
0.292026
0.521108
-0.824939
0.488471
0.339408
1.214852
1.752263
-1.011204
-0.067610
1.941332
-1.188288
0.292985
1.061907
0.105882
0.747692
-1.099822
-0.281541
0.082952
-0.785743
-0.128908
1.084757
-0.548980
-0.197240
-0.598300
-0.217443
0.542857
-1.112951
1.450571
2.051756
0.551234
0.192163
1.590881
1.528119
-1.773607
-2.197746
0.065699
-2.442982
0.856308
-2.198954
-0.796580
-1.552736
1.867920
0.966285
0.009422
-0.307390
0.090334
-2.372941
-1.864466
1.735307
2.570793
0.575329
1.116686
0.846800
-0.052537
-0.749019
0.958528
-1.585391
-0.195088
1.246023
-1.430139
1.003229
-2.863282
0.714218
1.393908
0.731923
-0.061728
1.703778
-0.064844
-1.664945
-0.992740
-0.268674
0.100607
-0.684222
-0.577147
-0.642655
-1.933077
2.148116
0.890847
0.403882
-1.879883
-1.220250
-1.052301
-1.596691
1.185499
0.586512
0.274153
1.161393
-1.286911
0.314475
2.951657
0.174469
-1.388196
0.181494
-1.434512
0.736162
1.934034
0.465438
1.807718
0.564313
0.221722
-0.817310
0.796036
-2.002846
-1.745175
-0.131941
0.929966
-0.185660
-0.611913
0.412620
-0.006563
-1.187181
-1.591198
-0.438942
0.258645
0.951633
-0.761402
-0.776560
0.684023
-2.136734
-0.051904
0.509984
-0.557481
-0.752170
2.150343
-0.934121
-0.132392
0.441168
-2.042015
-0.003754
-1.081426
-0.865811
-0.450596
1.192842
-0.846514
1.633979
-3.072081
-1.690364
-0.694669
-2.129062
-0.482196
-0.896391
0.762347
2.084662
-0.813520
0.881433
-1.037889
1.106203
0.860363
-0.443244
1.182432
-0.015822
-0.310977
1.482764
-0.831000
0.519602
-0.525182
0.183629
-1.290864
-1.963014
0.120053
-3.059752
0.833499
-0.355573
0.122785
-1.721148
-0.987129
0.526560
1.081138
0.158008
-1.577780
0.713959
-1.882426
-0.861008
-2.671941
-2.057617
0.006048
-1.255628
-2.733227
0.559861
-0.031603
-0.300989
0.849599
1.198172
1.969827
1.066356
-0.051911
-1.627269
-1.207477
-0.819401
-0.741471
-0.583871
-0.201551
0.810616
-2.416180
0.674846
-1.538037
-1.279922
-1.502908
0.577073
2.233501
0.456940
-1.120307
-1.364552
0.301683
1.718403
-2.069268
-1.441468
0.232479
-0.547691
-0.409145
0.778718
1.946779
0.914171
0.927696
-0.272134
2.533281
1.222194
-0.625298
-0.033835
1.597295
1.780372
-0.594478
0.225985
0.657223
1.807985
2.199166
0.564228
0.463705
-0.382505
0.845911
-2.128416
-0.423576
1.402871
1.507684
-1.541555
-2.102040
0.605112
-0.609879
-0.850987
0.094410
-1.262492
0.434977
-2.157172
0.634430
-1.406913
-0.082268
-0.298140
-1.803434
0.286312
0.864752
-0.345358
-2.796472
-1.023875
1.389888
0.174197
-1.401494
-1.001100
-1.567894
0.448044
-0.800292
0.560950
-0.202151
0.361793
0.407536
1.830186
-0.301347
-1.404571
0.110032
-0.689011
0.325036
0.247114
-0.879013
-1.606245
0.759221
1.306463
2.290701
0.876037
-1.211123
-0.657015
-1.206347
0.514522
-1.385295
1.360732
1.020653
-0.208934
-1.340826
-1.760695
0.925974
0.362445
-2.514184
-1.322580
0.437822
-2.281445
-0.129565
-1.596055
-1.124436
-0.110824
0.598283
1.382119
0.183891
-2.173150
-0.897489
1.417321
0.815496
0.763417
-0.374867
0.326507
2.985351
-0.903299
-2.164824
-0.537598
-0.432704
-2.096643
-0.529966
-1.061630
-0.190129
-0.055887
-0.014696
-1.786315
-1.265804
-1.174732
0.775528
-0.639071
-1.818276
-0.104387
-0.327554
0.824946
-0.847475
-0.442154
0.908908
0.635747
0.058045
0.615516
0.963178
-0.381730
3.942493
0.840001
-0.402104
0.299182
-0.925693
-0.764799
-1.658233
-0.405733
0.487069
-1.237211
-0.985640
-1.052327
0.098981
0.695373
-0.211720
-0.401132
-0.887272
-0.897548
-1.276632
-0.676710
1.589381
-0.407605
-0.219894
1.108282
-1.037232
1.150397
0.061257
-0.045299
1.009064
2.045561
0.356177
2.360410
-0.106730
-1.067437
-0.601920
-0.556991
-0.841843
0.753801
0.500265
-0.627189
0.678490
1.527400
-0.804277
1.514579
0.557462
0.605904
1.163648
0.775117
0.650000
0.349076
-0.824423
0.862014
1.479873
-1.610856
-0.044144
-0.875245
0.198746
-0.161921
-1.585192
-0.795919
0.338380
-0.494714
-1.166749
-0.459945
0.386173
0.840211
1.426555
-1.347642
0.373846
1.630793
-0.415747
-0.060814
0.037269
1.208006
-0.065344
-0.364045
-0.309848
-0.289697
0.670839
0.827037
-1.143502
-0.206319
-0.275585
0.183215
1.309544
0.207745
-0.793535
0.822896
-0.403335
-0.781907
0.793817
-0.215479
1.348405
2.910838
-1.268222
-1.159921
0.259672
-2.324581
-0.810600
-0.785225
-0.128879
-0.797546
0.008202
-0.382616
0.220846
0.541157
-0.182523
-1.525703
0.315075
-1.102390
-1.570941
-0.255644
0.160749
-1.592294
0.093828
0.653177
-0.454568
0.002191
-0.664637
-0.306980
0.151238
0.912864
1.227956
0.772180
-0.304799
2.187463
3.309589
2.070956
-0.993310
1.125217
0.162258
-1.812151
0.519377
-0.878205
0.081786
0.108842
1.482340
1.179126
-1.342459
-0.827021
0.865566
-0.416051
1.760172
2.304797
0.435023
1.503784
-0.926048
1.301386
0.795438
1.876960
-0.348910
-0.945522
0.869874
0.088147
-1.129293
0.076898
-0.228502
-0.791620
-1.066007
-1.418921
-0.072825
0.331086
-0.231099
-0.045777
-0.390724
-1.444694
-1.107685
0.216575
-0.314262
-1.405949
-1.071264
-0.615564
0.873857
1.231303
-0.767369
0.621856
0.888454
-0.366808
-0.394121
-0.792310
-1.724473
0.175141
-0.379417
1.260760
-1.832265
0.175314
-2.282615
-0.847349
0.281194
-1.961600
-2.469401
1.418142
-1.185165
2.183793
1.977214
0.294175
-0.241139
0.023070
-1.799858
-0.450433
-1.464328
0.851107
-0.354041
-1.218255
-0.017318
1.357187
-0.433183
1.846944
0.093869
0.625700
1.636539
-1.386843
-1.337324
2.219744
-0.486370
0.594667
0.607059
1.742250
0.214787
-1.390349
-1.016224
0.939037
1.021829
0.756065
2.023863
1.344703
0.439630
0.556428
-1.847971
0.792373
-1.756462
-0.852574
0.322746
1.413398
-0.500063
0.154159
-1.293171
-1.640344
0.932642
-0.733767
-1.439606
0.251461
-0.712546
-2.111134
-1.146330
-1.094191
0.891938
1.256159
1.246089
-0.657980
0.461935
0.902078
-0.706426
-0.261984
0.577833
-0.133873
-0.335161
-0.506482
-3.177142
-1.322491
-0.207399
-1.366423
-2.283786
-0.982095
2.968740
0.836361
1.966564
0.786826
-0.767491
-0.095734
0.921300
-1.452743
-0.302518
0.720270
-0.058072
-0.760439
1.134274
-2.194531
-2.659591
-1.307579
-0.257621
-0.098265
0.344254
-0.242663
-1.102616
-0.622563
0.110558
-1.897609
-0.301770
-3.185974
0.268761
-1.923352
-0.089165
-0.464368
-1.168153
-0.451950
-2.331693
-1.931605
-0.226796
0.848095
-0.530700
0.431975
-1.075223
0.898015
2.103816
2.193256
0.443864
-0.818939
-1.143982
0.408955
-0.283516
-0.398459
-3.544783
1.670664
0.195240
0.733088
2.402160
0.949907
0.978662
1.699193
0.124548
1.236008
0.580092
-0.761073
0.909787
0.595138
-1.185216
-2.567478
-0.827757
-1.931837
-1.197676
0.042207
0.205182
0.534475
-0.325088
1.732254
1.163153
-0.993495
0.757671
1.140539
-0.080160
0.432156
0.240682
0.230278
-0.790856
-0.412422
0.366961
0.424099
-2.091336
-0.363232
1.519596
-1.612151
-0.202085
0.745523
-0.770311
-0.455991
0.788255
-1.993724
-0.689895
0.098781
-1.290879
0.880589
-1.232637
-0.972763
-0.448893
0.515118
0.468578
1.035842
0.454537
-1.081337
-1.013402
-0.371923
1.782638
-0.152859
0.359714
-0.382950
1.442289
-0.992363
-0.138185
0.028917
-0.239771
-1.263749
-1.801902
0.146165
-0.578092
0.396783
0.814878
0.541464
-0.863936
-0.186922
0.318203
1.423740
-1.839087
-0.996734
2.154072
0.624738
0.135426
0.819620
0.589141
-1.429127
-0.546061
1.014950
-0.781462
-1.067169
-0.087233
-1.035403
-1.146626
-0.428521
0.428718
1.679707
-0.280672
1.948776
0.080394
-0.995731
1.769254
1.562714
-1.017792
2.057686
-0.486772
1.179640
-0.621460
-0.759838
-0.424540
0.636308
0.092472
0.157110
-0.855524
1.054177
1.208899
2.059094
1.317172
0.543797
0.485936
0.364891
1.645922
-0.676030
0.984725
-0.243408
-0.817965
0.284287
-0.031503
0.433476
-0.604410
-0.831770
0.120348
2.831040
-0.571083
2.394605
-0.441459
-0.940332
1.517773
-1.974084
-1.371527
1.117383
-1.228529
0.036691
-1.855227
0.000896
1.708326
-0.628670
0.068717
0.162623
0.221402
0.005112
-2.146373
-0.195527
-0.042241
-0.362382
-0.118768
-1.432409
-2.691462
-1.752336
-2.081926
-1.047150
0.219194
0.673903
1.451467
1.412979
1.807751
1.617028
0.934834
-1.684572
0.873984
-0.099358
-0.019808
-0.758792
1.153822
1.298679
0.543141
-1.807345
1.147019
0.398948
0.243802
-1.248734
0.295356
0.623723
-2.246801
1.422810
-0.092131
0.433532
-0.245929
-0.235174
-1.530195
-1.620309
0.191254
-0.537869
-0.583280
-0.208642
1.290842
-0.273858
-0.720371
0.045867
0.803786
0.461952
-0.860993
0.764895
1.147019
-0.806323
1.043711
-1.648237
0.726955
-1.338577
-0.746405
2.090516
2.906361
0.324104
2.780176
-1.436888
0.209166
-0.384177
2.015796
-0.841877
-0.060375
1.868609
-1.173838
0.503571
-1.549861
-0.421697
1.389327
0.468784
0.043445
0.236451
-0.145142
-0.058750
0.758363
-1.797302
-2.067129
-0.549146
1.444184
0.465011
0.528009
-0.045862
0.007080
-0.888920
0.848079
-0.788574
-2.012891
-1.167364
-1.459810
0.147662
0.503128
0.182075
-0.079365
-1.804887
0.006452
-2.016880
-1.234972
-2.263601
-1.128586
1.820064
-1.839306
0.432054
-0.264759
-2.580454
0.095728
1.391140
-1.321845
1.079699
1.251697
-0.416588
0.308114
-0.927540
-0.045898
0.068328
-1.510798
-1.204251
-1.308516
-1.188259
-0.234164
-1.930543
-1.044309
-0.383897
-0.115162
-0.005164
1.393974
-0.025839
0.467113
-0.976365
-1.800952
0.022693
-1.678323
-1.421204
-0.248317
1.154914
0.256174
-2.896690
0.241927
-0.918041
-0.322179
0.601383
-0.919370
-3.470593
-1.297313
0.981147
1.061234
1.716333
0.563778
0.420410
0.406379
-0.671493
-1.698462
0.782682
1.419441
2.161293
-0.443554
-0.309643
1.473964
1.142992
-0.851741
-0.254700
1.791693
-1.304415
-0.188959
-1.565388
1.009660
-1.066310
-0.670694
-0.988746
0.546930
0.458835
-1.537897
-0.151336
0.053484
-0.777496
1.048258
-0.793617
0.337473
-0.910247
0.703208
-0.549547
0.732147
-0.869699
0.194426
0.710160
-1.072591
-0.291456
-0.436853
-1.016491
0.565018
-0.888319
-0.685520
-0.910582
2.195169
-1.749437
0.675847
1.875246
0.245668
-0.355853
1.087310
-0.385419
-2.109336
1.243123
0.342717
1.070433
-0.084270
0.450504
-0.741875
2.297607
-0.466519
-1.470428
1.078787
1.449453
0.125330
0.210481
1.652580
-0.529545
-0.549468
0.141194
-0.816570
-0.697014
-1.343888
0.971808
-0.910900
-1.103026
-2.161568
0.432963
-1.139307
-0.766765
0.226194
0.969500
1.368849
-0.482275
3.424129
-1.199653
-0.902648
-0.158577
-1.315375
1.228636
2.007597
-0.615261
-1.305618
0.026977
-0.772610
-1.449118
-1.671875
-0.158502
-0.210844
-2.774560
1.553603
-0.014871
-0.618351
0.173810
1.973502
-0.558934
1.147043
-1.356411
0.513523
1.855171
-0.104450
1.495899
-1.062885
-0.315585
0.841906
1.254773
-0.363088
0.172471
-0.961366
0.428476
-1.064961
0.198418
2.101633
0.177411
0.202025
-1.932735
1.516220
0.367273
-1.534297
1.984447
1.431668
1.888540
0.193851
0.114972
0.160747
1.384565
-0.945595
-0.539959
0.091281
-2.024785
0.091328
-1.935737
1.450707
2.202767
-0.612090
-2.309226
-2.294876
-0.619455
-0.752933
-0.534981
-0.805390
-1.084151
-1.500226
-2.098172
-0.990228
-0.972128
2.457916
0.003007
-1.536138
1.167859
-1.358528
-0.693133
-1.994337
0.389009
1.266343
-1.986877
-0.267889
1.558947
-0.697673
0.318769
-0.051377
-0.425641
-0.475931
-0.072072
1.190144
-1.000835
-0.157536
0.951163
-0.731671
-2.332917
0.759511
1.313470
-1.076483
1.543743
0.198250
0.864399
1.199509
-0.180640
-0.473229
-0.685121
-1.653787
-1.371620
-0.579797
1.621988
-1.332362
0.125007
0.307138
-0.749740
0.640286
-0.181537
-0.743415
-1.411129
0.328253
2.245622
0.456931
0.765904
1.152127
0.339717
-0.578382
0.305998
-0.219990
0.009127
-0.281592
-0.108615
0.439371
-0.342740
1.144596
0.933053
1.788549
-1.513485
-0.980189
2.062646
0.301489
2.534059
1.234008
-0.920137
-0.823972
-0.144352
-0.011242
-0.576693
-2.065511
1.549198
-0.302423
0.044540
-0.665363
0.553994
0.846481
-0.669413
1.451350
0.684835
0.482567
0.090793
1.261849
2.317903
-0.959541
0.543923
2.308327
0.138223
0.658399
-0.596094
0.128890
1.613495
0.514367
-1.185054
0.911316
0.604948
2.816802
0.094972
-2.026947
0.401061
-0.522363
0.871514
-0.280543
0.071248
0.750933
1.902816
-1.871951
-0.303838
-1.449550
0.804865
-0.494832
2.187309
1.653613
-0.395075
0.343046
1.086146
0.979569
0.856546
-0.487143
0.856886
2.213041
0.016506
-0.892518
-0.392483
0.416670
1.975539
0.272242
-0.197732
0.315255
-1.921199
-2.645746
0.770583
0.067275
-0.906044
-0.609882
0.915242
3.442961
0.738577
0.802578
-0.716833
-0.327572
-0.668155
3.001158
-0.846927
-1.782341
-0.841326
1.144953
0.896858
0.906543
0.177477
-1.298920
-0.452772
-1.985395
-0.637707
-0.723658
-2.012648
0.029488
-0.375347
-0.030232
-2.698579
0.978974
-0.259900
-0.561553
-1.300469
-0.394590
0.612205
-0.066391
1.353876
1.324248
-0.269445
0.194688
-1.232831
1.209278
1.036675
1.087578
0.105952
0.119727
-0.554749
-0.874060
-2.224539
0.895011
0.460141
-0.827879
0.231703
-2.648096
-0.637057
-0.107989
1.005955
0.061703
-0.614697
-0.408863
-0.920695
-0.371710
-0.970590
-1.917161
-0.551503
1.081900
-0.472058
-0.962982
0.111003
0.670192
0.899813
-0.314102
2.336356
0.531933
-0.605953
1.370801
0.116588
0.807423
-0.188732
-1.915781
-1.738180
-1.033305
2.270203
-1.055411
-0.684237
-1.942758
-0.314295
-0.479320
-0.814790
-2.274349
-3.068467
-2.096675
1.300778
0.156181
0.571338
0.476940
0.502664
0.049170
-0.413461
0.021464
-1.538740
-2.121739
1.789164
-1.252572
-0.299382
1.122755
1.514872
0.151218
0.387034
0.831300
-0.833823
1.914513
-0.511583
1.491666
-1.863796
1.011096
1.025104
-1.209229
-0.097453
-0.568183
-0.302051
-0.456503
-1.290568
-0.656413
-0.029203
-0.308676
-1.194080
-0.146437
-1.201425
0.965048
0.366686
-1.581583
1.251639
-0.917672
-1.777226
1.545279
0.211740
-0.817706
1.267190
1.328540
1.349887
-0.320680
0.300468
1.530007
-0.223255
2.077221
1.942644
0.534190
0.747573
-0.855571
2.785981
0.011390
1.182470
-0.835723
0.777728
1.025305
0.181745
0.457809
-0.005434
0.598132
-0.053959
1.327306
-1.728583
-1.950925
-1.753323
-2.470847
0.168523
0.753167
-0.965247
-2.798487
0.304447
-1.031927
0.865522
-2.084544
-0.354122
-0.566303
0.311557
-2.042049
1.593803
0.837807
-1.280086
-1.318889
-2.317192
1.476295
-0.567274
-0.798318
0.540608
0.445381
-0.483956
-3.286116
-0.119614
-1.068900
-1.518741
-0.213647
0.038274
1.673181
1.004086
0.758468
1.149863
1.268983
-1.623668
-0.194413
-1.169949
-2.116319
-2.146910
-0.178492
-2.803046
-0.565057
0.345118
0.672905
-1.634119
-0.298083
0.940720
-0.079086
-3.321695
-1.056360
-0.220219
1.164657
0.535151
2.514141
1.672633
-0.167725
1.138762
2.970779
-0.662122
-1.012285
-1.518008
-0.125353
-0.765444
0.431734
-0.052642
-0.076717
-1.965851
0.960456
0.755241
-0.498706
-0.005981
0.716637
-0.200536
-1.773753
2.556252
2.011208
-2.432424
-0.637020
0.345405
-0.064351
-1.512829
1.597884
-0.158179
1.508014
-0.481337
-1.062262
0.105010
1.203882
0.466547
-1.682646
0.901318
0.964764
0.924960
-2.261849
1.473906
0.133193
0.155160
0.570636
-0.699047
-0.528876
-0.203771
0.025504
-0.019389
1.459203
-1.006776
-0.906009
1.396118
-0.725783
-1.679197
-0.375065
-0.904264
-1.158383
1.394751
0.349474
-1.556444
0.764398
-0.661277
0.293126
0.131260
1.382970
-3.300903
-1.069340
-1.275910
-0.562447
-1.632495
-1.886308
1.976605
1.151355
1.983046
1.299442
1.537354
0.426440
-0.851671
-1.215219
1.413830
0.288831
-1.368297
-1.824703
-0.528580
0.482014
0.281348
-0.558234
-1.077921
-1.154818
-1.391114
-2.211173
-0.839825
0.131345
0.991972
-0.442865
0.399460
1.163399
1.031287
-0.163064
0.069788
2.227605
0.198426
-0.396081
0.104802
0.030799
-1.480804
-1.767080
-2.832462
-1.776766
-0.992295
-0.124491
0.388677
-1.618119
-1.495333
-1.632136
0.758251
1.809946
0.431234
0.272563
-1.550741
1.180056
0.431788
-1.553612
0.474994
-1.632908
-1.493966
0.947681
1.705519
0.349119
-1.458880
0.437227
1.071858
-0.639595
-0.166657
-1.709763
2.562167
1.988726
2.978425
-0.606251
-1.743917
-0.355956
-0.210545
-0.690072
-0.492895
-0.085163
-1.297424
-0.246229
-0.417051
-2.448545
-2.891917
-1.045986
0.931880
0.227197
-2.447496
-0.513095
-1.365428
-0.449626
0.029451
-1.052921
1.118609
1.598186
-0.283101
-1.007594
-0.136556
-0.372676
-2.643627
1.735917
-1.308904
-1.455031
0.688960
-0.607307
0.542626
-1.196418
1.067246
0.896105
1.008701
0.648011
-0.167479
-0.510640
1.267669
-1.154099
-0.694519
-1.121220
-1.039899
0.797723
2.191213
0.586611
-0.467566
-1.083372
-0.008496
0.046467
-1.404358
-2.001480
-1.048928
0.483547
-0.918676
0.865100
-0.153726
-0.759566
-0.292721
-0.058755
1.284294
-0.392898
-1.216480
0.373160
0.747858
2.466761
0.342447
-0.376426
0.616659
-0.895879
0.758871
-0.915607
0.413525
-0.880964
-0.721910
0.339013
-0.434722
-0.986706
-1.005642
-0.777853
-0.081806
-0.387144
0.964865
0.154160
-0.973318
-1.694962
-0.726052
-1.200095
1.300695
1.195565
0.994368
-2.450945
1.874346
-0.175071
-1.017277
1.317253
-0.169831
0.190145
1.043488
-0.993020
2.096343
-0.928572
-0.446992
-1.124648
-1.659569
-0.530678
0.153862
0.384816
1.848446
0.906580
0.176505
-0.452600
1.450135
1.488096
0.639154
0.312228
0.734801
0.655625
0.202954
-0.872316
-1.543842
1.094070
-0.630940
-0.930694
0.063246
-2.183475
-0.345513
0.432800
1.216566
-0.142126
-1.780118
-0.270798
-0.692633
-0.092515
-0.207499
-0.340154
1.926528
1.960937
-0.016291
0.243428
-0.496232
0.257343
1.958932
-1.752241
0.607858
-1.282260
-1.777419
1.572025
0.210584
-1.051814
-1.063327
1.143348
1.697854
-2.789094
1.117435
3.055312
-0.924288
0.987388
0.886463
0.068297
1.873855
-3.390286
-0.310748
0.709865
2.140996
0.441361
-1.514836
-0.559926
-0.153803
-0.353608
-0.193850
-0.479145
-2.090414
1.663444
-0.259979
0.684369
-0.694949
-2.571183
-0.018297
0.674470
-0.974455
0.506646
2.452192
0.651289
-1.907611
0.566925
-0.598669
-0.652227
-2.617387
-0.273048
-1.812295
-1.746604
0.217571
-0.928593
-0.782811
-0.031934
1.524226
0.007789
1.147149
-0.337847
0.415398
1.766885
-0.425343
-1.985971
0.986721
2.142993
-1.300562
-2.279082
-0.425949
-0.260875
-0.510796
-1.385048
1.418224
2.300552
-1.755528
-0.805260
0.021678
0.285719
-0.626559
1.738283
-0.375084
-1.227382
-1.012711
-1.812153
2.085989
-0.391145
0.802936
-2.616515
-0.666197
0.204983
0.348691
1.000964
1.277329
0.705624
0.009226
2.221665
-0.431615
0.553924
-2.321681
-0.975491
-0.475467
2.151708
-3.055271
0.527506
0.988556
0.809049
1.012413
-1.525595
-1.561771
1.960958
-1.226834
1.925438
0.879318
2.362525
1.769038
0.353475
0.419810
-0.977513
0.255778
-1.838133
0.073258
-1.006059
0.546366
0.525470
1.460680
-0.861543
-0.016566
0.390065
1.546653
-0.644762
-2.931370
-1.456370
1.285859
-2.773840
1.089430
-1.267442
-0.103527
-0.190322
-1.106305
-0.863656
-2.005837
-2.322548
0.491943
0.652596
0.388647
-1.145839
1.588534
3.043664
2.044104
1.424597
-0.009405
-0.632369
-0.120472
1.099934
-1.034113
1.250962
0.649875
-0.107137
-0.373818
0.745723
-1.536156
0.585362
-0.255033
1.863753
1.556478
0.317706
3.222796
1.259616
-0.731825
-0.414016
-0.035798
1.459751
-0.181913
1.193284
1.448032
-0.731400
0.641528
-1.236108
-0.286115
0.691118
2.062878
-0.407855
-1.389072
-1.008131
1.626277
0.244677
-1.418902
-0.004857
0.815463
-1.516281
0.159571
-0.710096
-0.624125
0.064983
-0.227318
0.035756
-0.131366
0.135623
0.339355
-0.182891
-0.427226
0.593141
-0.128221
-0.349577
-0.428368
0.224535
2.508796
-0.270178
0.182614
-0.253950
1.267656
2.052200
0.856919
1.115583
2.275779
-2.083742
0.096472
0.759247
-0.016232
0.627554
1.113600
0.438723
2.252751
0.103034
-2.035430
-1.571564
0.367137
-0.845566
1.170095
0.663443
-0.769546
-0.400356
0.291105
-0.141739
0.259110
-0.753274
-0.159931
0.047421
-1.493596
-2.100900
-0.197051
0.029490
-1.635325
0.069301
1.052132
-0.362865
0.336547
-1.070882
1.126395
0.271143
-0.266774
-0.211053
-0.333078
-0.596748
0.132933
0.316332
-0.083576
-0.189985
1.135081
1.593267
-0.663320
-1.192969
0.563477
-0.844465
0.689974
1.550085
1.638123
2.150964
1.114845
-0.430411
0.330765
0.185967
-0.050910
-2.471722
-0.779058
-0.412204
-0.985216
-1.072375
2.189009
-0.693096
-2.765483
0.900243
-0.105910
-2.051442
-0.330085
0.039450
-2.316376
-0.236982
0.597791
0.407526
-0.992100
1.735981
1.744794
-0.351593
0.171662
-1.455922
-0.584339
0.022366
-0.084250
-0.912261
-1.062675
-0.056496
-0.348595
0.236471
0.493482
1.074220
0.321680
-3.106681
1.808408
0.218631
-0.582601
0.065682
0.405768
0.837284
1.181646
-0.331112
-2.881178
-0.742894
-2.158891
0.222344
2.380568
0.364578
0.774011
0.624709
-1.486114
1.416880
1.888746
-1.897314
-1.061297
-0.342497
-0.015680
-1.020762
-1.291098
1.307169
0.805213
0.036251
-0.027996
1.651007
-1.007667
-0.606725
-0.298589
-0.797170
0.740115
1.330943
-0.339123
1.298173
0.063735
2.087818
1.342275
-0.642919
0.919196
-2.112800
0.692015
-1.915016
0.011369
0.098450
0.878921
-0.628862
0.044189
0.052626
0.045048
-0.080559
0.740927
0.475996
-0.094478
0.078361
-0.615872
-1.089809
0.109172
1.056020
-0.356483
-0.090368
-0.015510
-1.596767
1.572045
0.571452
-0.452336
0.040165
-0.686336
-1.180940
-0.588890
-1.793278
1.058507
-2.987834
1.846847
2.289891
-1.399540
1.848230
0.374265
-1.286655
-2.634566
-2.338626
0.154303
-1.524573
0.015789
1.545808
-0.651219
-1.184339
2.760425
1.342126
-0.548433
-0.950033
1.248326
0.709364
0.184600
0.724354
0.004134
-0.574951
-0.575838
-0.949420
-0.170516
-1.706723
-1.585984
-1.883835
-0.462049
0.195647
1.400156
0.815545
-0.978669
0.513141
-0.384642
0.288984
-2.866719
0.900375
1.569084
-1.267813
1.274255
0.398057
0.187174
-0.130567
-0.316440
-0.242501
-0.684392
-0.420144
-1.079081
-1.843185
-1.523747
2.585477
1.031951
2.273932
0.334174
1.347512
0.547506
0.749906
1.035525
-0.996242
1.137007
-0.388655
-1.378201
-2.348738
-0.184032
-1.492945
-0.479334
-1.088538
-0.583156
2.085893
0.237383
0.497211
-0.880372
-1.226194
-0.173524
-0.527277
-1.029807
0.738612
-0.529100
-0.526242
2.905494
-1.103651
0.995348
-0.934173
1.580447
2.519651
1.721607
0.755618
1.288835
-2.513330
1.146376
-1.280106
-1.458431
0.831559
0.768031
-2.007260
1.231048
-1.159087
0.176980
0.126663
-0.684867
-0.552717
0.454542
-0.105062
0.059979
0.892386
0.678244
-0.523978
1.716580
2.116259
0.977908
0.289769
-0.107514
-0.384145
-0.793424
-0.986985
0.317837
0.491919
1.626234
1.457374
0.703769
0.702449
-0.650897
-1.907244
-0.165051
-0.808111
-0.098706
-0.274943
1.865076
-0.838510
0.218550
0.069303
-0.237670
-2.179600
-1.494975
0.628187
1.176553
0.007382
-0.934598
0.942242
0.900820
0.922662
-0.241441
-3.469454
0.284685
0.676178
-1.374812
-0.007222
-1.118346
0.521042
1.385691
-0.913490
0.348701
0.523017
1.629574
0.894609
-1.288346
1.520018
1.957788
-0.275541
-1.078922
1.339116
0.493003
-0.941604
-1.207275
-0.633214
-3.045639
-1.430572
0.756060
0.947953
-0.994558
-1.452827
1.896101
1.288338
-0.640125
-3.079026
0.000894
0.195946
1.700134
0.247471
-0.336678
0.689537
0.824143
0.948486
-1.157298
-0.348960
-0.806722
-1.314017
0.809992
0.267822
0.669159
0.426520
0.635915
0.370136
-0.844812
-1.886592
0.785702
0.255438
-2.037877
0.616441
0.938756
0.384154
0.790026
-0.293899
-0.072178
-0.270490
1.423295
-0.259041
-1.174602
1.463167
-0.394325
1.545040
-0.102414
-0.091310
-0.129384
-1.396957
0.118860
0.369235
-0.560674
0.223875
1.776905
0.782092
0.191697
0.472981
-1.110846
-2.409856
-2.150130
2.434377
-0.068421
-1.235079
-3.629034
0.662813
1.914333
1.309697
-0.384890
-0.484867
-2.105619
1.024954
0.160935
0.279399
-2.237370
0.568406
-1.319742
-0.099974
-0.593289
-1.596032
0.759740
-0.470267
-1.105898
-0.938691
0.920298
0.478702
-1.042612
-0.845527
1.762931
-0.559206
-1.205745
-0.082904
-0.186113
0.102075
-0.898891
-0.437998
1.062517
-2.239632
-0.965415
1.374798
-1.090743
-1.434889
-0.297508
-0.513827
-2.319644
-0.112756
-0.795423
0.011819
1.021184
-0.752100
-0.530214
-0.706414
1.107204
-0.228024
-1.870837
0.072713
0.303268
0.444362
-0.446331
1.020714
-0.268716
-2.640850
0.743067
0.924861
0.314475
2.440223
-1.072310
-0.648063
0.290438
1.631228
0.040865
-0.959901
0.687813
0.505317
0.816992
1.940879
1.726220
0.217976
0.393484
-1.482781
-2.300807
-0.175428
0.099814
2.456177
-0.852547
-0.961242
3.142399
0.254814
-1.722139
2.180124
1.166248
-0.042150
1.015291
0.099938
0.804395
0.594688
0.201924
-1.855832
-1.576370
-0.223003
-1.770376
-0.934224
-0.797834
-1.160373
-0.339021
-0.714280
3.402067
-0.949391
0.700311
-0.058066
-0.728604
-0.777489
0.133065
-0.959880
0.420695
-1.484578
0.891983
-1.298711
-0.521955
1.770684
1.478698
1.125430
0.649193
3.753596
0.625570
1.097606
0.632974
-0.963491
-0.554790
-2.553060
-0.364766
1.065296
-1.120797
-0.546478
0.170755
0.608106
-2.005861
1.101940
0.456693
-0.303249
0.267647
-1.211833
1.438774
-0.169416
-0.899262
-0.902539
-0.604141
-1.922465
1.816513
-0.786729
1.003954
-0.013341
-0.197553
0.007554
1.739956
-0.833384
-0.674727
-0.666035
-0.370735
1.062790
0.566448
-0.849596
-0.116426
-0.511935
-0.084973
-1.024759
-0.954151
-0.518493
-0.004576
-1.030943
1.689464
-0.071328
-1.634241
-1.261287
0.961868
-1.762280
-1.142631
0.589611
0.354030
-0.761697
1.967518
2.265704
-0.275457
2.295108
0.092950
0.552696
0.787471
-0.084065
1.024448
1.060416
-2.228468
-0.926441
1.040143
-0.039372
1.316435
2.917643
1.137981
0.843139
0.055238
-0.643566
-0.736309
-0.746107
0.646597
0.025566
-0.632837
0.576924
-0.585845
1.299759
0.259176
-1.197752
-1.173540
0.732406
2.416523
-0.134020
-0.894571
-1.233286
-0.750139
1.004980
-3.252426
-0.768617
1.142762
3.019263
-0.500168
-1.529347
-0.003735
-1.720159
0.343701
1.989380
-0.243294
-0.031044
1.918314
-0.712375
-0.080449
-0.027150
1.446809
0.400214
-0.064172
1.349944
0.875073
0.169851
1.935788
-1.728778
0.038436
-0.582170
1.055599
-0.610220
0.578646
-1.904092
0.827192
-2.068601
-1.160172
2.208528
0.352604
-0.036622
-1.860760
1.670007
0.308738
-1.196649
0.343808
1.286093
0.229770
1.410891
0.792730
1.398101
1.641200
-0.072209
2.209710
-1.360761
-1.034155
-1.923867
-1.527672
0.551443
0.557912
0.329889
0.813378
1.521247
0.080856
-1.147007
0.367224
-1.275433
-0.534618
-1.184492
-1.090053
0.312780
1.696393
3.058460
0.428434
-0.218262
0.478237
0.194200
-2.358943
1.486873
-0.658998
-0.654739
1.948175
1.562213
-0.107977
0.588326
0.497741
2.815493
-0.390905
0.648965
-0.081881
-0.252168
0.067384
-0.010759
-1.205018
-0.072528
-3.613636
1.100450
-0.406169
1.117411
0.495764
-1.718178
-0.754107
0.463959
0.973505
-1.190810
-0.021843
-1.115997
-0.741519
-1.504135
-0.687225
0.684202
-1.862348
-0.173430
2.295740
1.173525
-0.564562
0.483197
-1.075736
-1.511435
-1.632236
-0.905180
-1.039169
-1.115283
-0.448589
-1.499860
1.750352
-0.552133
1.915947
0.580863
0.875559
2.708044
0.185781
-0.614817
-0.477886
0.674221
1.162860
0.358894
-1.767528
-1.482900
0.074018
-1.902367
0.375163
0.745053
-1.545558
0.311265
-0.327126
0.676073
-0.495471
-0.412519
-0.083274
0.389622
0.651865
0.737749
1.220874
-0.899712
-1.527871
0.143651
-0.117072
-0.704802
-0.771290
0.191763
0.248230
-1.859921
-0.824745
-1.988190
-0.188619
-0.228647
-0.037871
0.365409
0.465385
-0.015955
-1.359278
1.762011
1.338706
2.464788
1.621051
-0.897730
-0.211237
-0.087714
1.328913
-2.267624
1.151052
-1.433766
1.268164
-1.036783
0.183432
0.507290
0.677453
-0.252776
0.108551
-0.460003
-1.669115
-1.494712
-0.776189
1.158774
1.965504
0.491700
-0.491997
1.062639
-1.949306
-1.882042
-1.038522
0.310385
-0.575849
-0.485765
-0.372032
-1.567922
-0.434831
-0.056336
-1.635693
-1.649742
-1.460586
-1.234596
-1.523790
-0.970934
1.206271
0.420327
-0.207755
-2.298402
-1.686944
-0.818843
-0.213006
1.975892
-0.954582
1.741964
1.155692
1.904139
2.687952
1.393932
0.180017
-1.421559
0.898796
-0.893496
-0.532656
0.051323
-0.452344
0.231924
-1.520429
-2.362118
1.342821
-1.002753
-1.096777
0.810397
-1.342063
1.843120
-0.386184
-0.239064
1.021292
0.886496
1.054473
-2.266719
0.334777
-0.246149
-0.012493
-0.313611
-0.454755
0.128112
-0.760822
-0.160778
1.842003
-1.042007
1.587479
0.386721
0.594463
0.452636
1.542251
1.277864
-0.590612
2.346423
-0.034649
-0.532482
0.475648
0.191315
-1.904674
-0.239972
-0.602742
-1.882213
-0.858318
1.415736
-1.092690
-0.883208
-0.430256
-1.790441
0.190044
0.375498
-0.869467
-0.459009
0.617542
-0.247310
-0.353721
-0.061239
0.856355
-0.381171
0.722486
-1.908070
-0.378533
-0.871325
-1.405910
-0.922927
-1.212306
0.287182
-0.060850
-0.176526
-1.301295
0.120148
-0.522729
-0.460198
-0.313482
0.104696
0.545841
2.568574
-0.781901
0.526562
0.732258
-1.078384
-0.995482
0.520249
0.916394
-2.045541
-0.017933
1.125974
-0.873110
1.270499
-0.608121
0.408603
1.634033
1.082116
0.340116
-0.142309
-0.023558
-1.406882
1.200373
0.685959
-2.047245
-1.352920
-0.776711
0.188408
-1.632655
0.423455
-2.139084
-0.341778
-1.188361
-1.579632
-1.024065
0.596617
-1.472635
-1.275325
0.478499
-3.021225
-1.090736
-0.950078
-1.263978
1.720659
-2.223774
-0.422924
0.050437
-0.263526
-0.104031
-0.326853
-1.007434
-1.519979
-0.944753
0.025251
-2.924652
-0.322673
-1.021285
0.740414
-0.504685
-0.507421
2.193953
-1.019886
0.059969
-1.470211
0.583819
1.082187
-0.503058
-1.637609
-0.641858
-1.707413
-0.956489
-1.030205
-0.855649
-0.263095
0.759821
-0.729754
0.349121
-0.352044
-0.937234
-0.799562
0.471991
-2.733233
-1.228280
1.284225
-0.274360
-2.048593
-1.205936
0.130095
-2.759368
1.821810
0.084560
0.191395
0.444221
-1.460381
0.832283
0.753388
-3.206033
-0.186770
0.667502
-0.641938
0.825899
-0.012184
-0.312567
1.219672
-1.821671
0.181815
-1.839766
-0.957003
1.808092
0.102582
-1.086445
-2.104179
-0.312284
-2.280064
0.490560
2.553352
0.419554
0.034002
0.690939
0.237983
-0.785781
2.972822
0.821694
-0.193314
-0.495297
0.670205
-1.888820
-0.549761
-0.665338
-2.996983
0.915057
-0.247506
-0.328798
1.230973
-0.500810
0.922039
-0.512104
-1.174461
0.648089
0.802777
-1.284991
-0.665580
2.493064
-0.507518
0.177371
0.919280
-1.624613
0.288322
0.567702
-0.326118
-1.167790
-0.029381
-0.518408
0.880509
-0.078729
0.138965
-0.378793
0.576147
1.406172
0.437335
-0.975307
-1.425904
0.946791
-0.118438
0.184548
-1.008434
1.993040
0.047640
0.459277
2.793960
-0.475726
-1.642575
-0.583401
0.036280
-0.768610
0.266681
-0.632727
0.822892
0.555848
-0.090144
1.415445
1.937526
1.456929
-0.657932
0.983193
-1.018266
-1.294038
2.020712
-1.229102
0.362677
1.200066
-0.782291
0.089600
1.153086
0.846181
-0.125369
1.444957
-0.163256
0.261287
-1.276293
-0.454270
-1.058076
0.840050
-1.528739
0.126449
-0.610694
1.606769
0.487089
-0.544876
-0.257196
0.404497
0.967736
-0.537075
1.344892
-1.614790
-1.363601
1.002697
1.762186
-0.476099
-0.921429
-0.137759
0.588854
-0.389711
-0.290810
-0.905250
0.201860
-0.055031
-0.257914
-0.080655
-0.513719
0.609255
-0.759710
0.067401
0.470452
-0.238436
-0.617738
-0.904548
-2.396202
1.905317
0.502080
-0.158543
-0.610713
0.229251
0.626342
1.271792
1.673770
0.618396
0.069571
0.511904
0.744270
0.125903
0.927836
-1.434339
-0.603507
0.611887
-1.616189
2.055530
-0.836845
0.135861
0.431025
-2.583165
-0.582031
1.998703
-2.445062
0.250932
-1.008032
-0.112040
0.879273
-2.077549
2.295547
0.625139
-1.089441
0.452980
0.572195
-0.412613
0.545255
-0.159732
1.325952
1.277613
-0.447117
0.146256
0.971545
-0.803420
1.048254
-0.765390
2.076159
0.312159
-1.778835
1.486881
0.282872
-0.532823
-0.009885
-0.333272
-0.811154
1.732337
0.786022
-1.601738
1.103126
0.388355
-0.398684
-1.053489
1.472166
0.510176
2.581559
-1.665909
-0.092383
-0.224891
-0.545828
-0.040452
-0.182750
-1.151911
0.928784
-1.945174
0.488422
-1.509026
0.343555
0.795666
-0.539789
0.818155
-1.683516
-0.539962
-1.512197
1.301142
-0.050955
0.994879
-2.123313
1.141453
1.181388
-2.345595
0.539768
0.123996
0.380980
-0.961851
-1.758325
0.124245
-0.343488
0.463094
-2.591188
1.055350
-0.460710
-2.434051
0.613479
1.226275
-0.877201
1.005691
1.032408
-1.487302
-0.860843
-0.475045
-0.783674
-0.751453
-0.102004
0.148435
1.004117
-0.952270
0.413395
-1.039883
-1.820259
-1.889931
-1.724248
1.738888
-0.082507
0.748578
0.266993
-0.326619
0.374947
0.150683
1.277815
0.233315
0.859142
-1.110870
0.254375
-0.819812
-1.297328
-1.081117
-0.779293
0.231846
-0.958562
-2.466418
-0.823518
0.296376
-1.145281
-0.125978
-0.499751
1.153233
0.188044
-0.753935
1.409824
-0.355243
-0.072235
0.092827
1.540019
-1.054654
-0.709863
-2.677576
-0.070072
0.026679
0.713210
2.525899
0.371362
0.069542
0.597161
0.701186
-0.311348
-0.996149
1.741338
-0.412662
-0.158288
-0.688745
1.765445
2.581285
2.567579
2.206607
1.199417
-0.243725
-0.574576
-0.442142
0.304200
0.277686
-0.376824
0.555133
-2.639760
0.878652
0.255431
-0.446402
-1.562528
-1.407621
-0.187399
1.255305
-0.764951
-0.277611
-1.153508
-0.385637
-1.699490
1.236832
0.767657
-1.995023
0.142951
0.963126
-0.812327
-0.471923
-0.846776
1.590233
0.122002
-1.737706
2.003828
0.333660
-0.457599
-0.703311
-0.352073
2.016153
-0.157839
-1.396367
0.420793
0.330343
0.003704
0.407874
0.140708
0.997950
0.263348
1.463379
0.937616
0.278972
1.562372
-0.397557
-0.837306
1.114666
-1.847531
0.289667
1.058960
-1.626839
-0.446120
0.735592
3.079023
0.082101
0.274669
1.852459
-3.362497
-1.204173
1.242328
-0.250909
0.313018
0.735317
0.323052
-0.635058
0.682329
0.951698
-0.088150
0.758609
1.067319
-0.107996
-0.624028
-0.442579
0.742724
-0.308353
-0.340413
0.412240
0.074740
0.546857
2.366890
1.312868
1.535059
-2.857589
1.360117
-1.765609
-1.433197
0.145383
-0.552972
-1.585685
0.678559
-0.738862
0.370008
-0.952948
4.200975
-0.291898
-1.045613
-0.673906
1.218928
-0.519300
0.540074
-0.118561
-0.021913
0.218845
0.214058
0.092678
-1.372194
-0.077907
-1.406063
-1.116890
-0.547941
-0.618770
-1.553835
-0.699868
1.009840
-1.018638
-0.241611
1.177784
-0.749287
-1.370402
-1.013139
0.105587
-0.195898
-0.903853
2.064592
1.109384
-0.548505
-2.860664
1.060290
-0.512655
-1.179166
-0.525813
-0.734875
0.685440
0.049519
-1.247279
-0.412082
0.679812
-0.774892
-0.611630
0.668375
-0.380921
-1.955867
1.004075
1.157638
1.481237
-0.620818
-0.228958
2.888943
0.372488
0.166316
-0.681548
-0.534400
1.568553
-1.261742
-1.281241
2.888752
-1.766814
-1.945429
-0.213017
-0.636689
-1.454898
-0.359323
-0.737001
-0.419729
-2.054878
0.795349
0.132529
-1.024025
-2.943915
0.332468
-1.362714
1.416739
0.115019
-1.150620
0.277014
-0.789661
-1.052367
-0.097635
0.037955
0.964130
1.210530
-0.763552
2.152752
-0.632370
0.738814
1.402198
-0.955635
-1.159055
1.059064
0.713464
1.183963
1.626628
1.605658
0.641584
0.492796
0.699473
-0.674860
0.088777
-2.001001
-1.041869
0.370906
0.045771
2.418748
0.341990
0.423907
1.256611
2.016162
-0.170987
-0.265779
-1.079167
0.652717
0.663438
-1.134346
0.276453
-1.118201
0.521625
1.722835
1.306410
0.763560
-1.260439
-1.538071
-0.781963
-0.148639
-1.283180
1.199342
-1.099899
0.423279
0.654422
0.072173
1.162244
-1.246546
-0.464962
2.147668
0.879864
-1.351293
0.466180
-2.898708
2.261445
-0.337202
-1.006892
1.241447
0.443383
2.518905
-0.054691
-1.150103
1.874130
-1.976311
-0.541909
0.290185
0.650695
-0.269630
-0.319034
0.714597
1.911290
-0.789371
-0.023831
-0.527762
-1.181703
-0.884030
0.384297
-0.378893
1.724608
0.769388
-0.957671
2.344473
-0.018789
2.123987
1.898463
0.383254
-0.905171
-0.593840
0.339691
0.448714
-0.155035
-0.399767
1.294873
-0.103508
-0.092510
-0.202003
1.374453
-0.037642
-0.306962
-0.185048
-0.842909
-0.370756
1.573757
0.367853
-1.102779
0.109186
0.456886
-0.377094
-0.462185
0.517438
2.003238
-0.037138
-0.578079
-0.737059
-1.185320
-0.586591
-0.151281
-1.027864
-1.165179
-0.063853
-0.645518
0.100728
0.171929
-0.386098
0.664892
-1.014319
2.039310
-0.278012
-0.875590
-1.478785
0.056247
-1.418155
0.858369
0.220532
-0.981917
0.500367
1.260522
-0.867826
2.752357
0.032604
-0.880129
-1.118069
-0.900600
0.543154
-0.899037
2.325669
-0.030823
-1.116860
2.899192
-0.009105
-0.552391
-0.687454
-0.192829
0.324234
-2.138681
0.324458
0.435235
0.458673
-1.081515
-0.422998
-1.596172
-0.377813
2.005484
-0.315077
-0.532218
-0.912706
-1.645920
-0.137311
0.032309
2.943299
-1.256676
0.449756
2.268443
-1.266096
0.846326
-1.760945
0.471525
-0.262287
1.335266
0.529881
1.478778
1.800467
-0.322901
0.339377
-0.289544
-1.828972
-1.164362
0.034866
-1.145184
-1.655976
2.009527
0.779354
-0.924828
-0.265100
-1.630875
0.395237
1.382843
-1.153980
-0.437334
-0.431646
-0.131766
0.940341
-0.601070
2.313613
-0.426701
-1.561079
-0.636574
-2.885298
0.147220
-0.436948
-2.235660
-0.106124
-1.903216
0.215269
1.105499
0.748573
0.603589
0.395370
-0.938923
1.069624
-1.828016
-1.277700
-1.081194
-0.341016
1.393382
-0.354329
-2.045023
2.319295
1.368314
-0.359680
-5.784273
-0.769656
-1.174592
0.500625
-0.241188
0.224502
1.473879
1.936785
-0.684196
-0.884124
-0.342015
-1.134596
1.188252
0.891846
-0.834646
2.531750
-0.823746
-1.561619
0.705897
1.059099
1.132912
0.497100
-1.749266
2.605197
0.868232
0.439172
-0.047141
0.876962
1.606746
-0.159043
1.693239
-0.045532
0.957090
0.669581
-0.488084
-0.589545
0.026997
0.756822
2.288529
-0.874867
1.643304
-0.824228
0.696105
-1.310457
-0.515970
0.607737
0.943683
-0.202134
-0.202614
-0.821673
-4.755402
0.587486
-0.758300
-0.802899
-0.017755
-1.414460
0.940092
-2.389482
-0.415469
-0.071598
-0.657933
-0.692223
-1.140417
-0.754494
1.489514
-0.579274
1.030738
1.436032
0.195785
0.491334
-2.098339
0.410220
1.534642
0.321203
-2.829588
1.309108
-2.151957
1.855735
-0.127225
0.329117
-0.086201
0.669746
0.440318
0.922245
-0.032085
-0.113731
-1.102193
1.021371
0.209072
0.422125
0.403483
0.040420
1.215485
-1.935104
2.389829
-0.196350
0.092260
-2.138125
0.296606
-1.406700
0.432906
0.171896
0.073170
0.563525
0.707427
-0.403366
0.321543
-0.959220
0.829115
-0.439422
-0.017930
0.714838
-2.759676
-1.303031
1.380976
-0.395157
0.072392
0.344047
-0.300855
0.254921
0.698266
-1.452305
-1.256646
-0.338342
0.521833
1.477941
-1.067323
-0.418207
-0.018543
0.429235
-0.760454
0.477664
0.174477
0.602807
-0.381451
0.627028
0.027152
-1.418782
-0.555262
1.487685
1.184291
0.135858
0.810059
-0.299769
-0.399709
-1.147538
0.344455
-1.060860
-1.147324
-0.624369
0.440047
-1.035710
-0.836047
-0.101052
0.278715
-2.693913
0.145537
0.002930
-1.597249
-0.685863
-3.133124
-2.460478
-0.525966
-0.050001
1.031412
1.839090
-0.579110
-1.904964
0.284845
0.649094
-0.606218
0.378848
1.920044
1.002263
-0.004778
-0.258197
-0.979603
0.397033
-2.759760
1.223384
-1.185715
-1.684955
-0.149743
-0.461134
0.321873
2.155070
-0.389546
-1.392539
-0.846276
-1.488677
0.059351
-1.361408
-0.698862
-0.497004
1.714100
0.224114
-1.228480
-0.163489
0.736844
1.126579
0.183648
-0.873711
1.274026
-0.116721
0.144003
-0.364235
-0.878394
-0.325825
-0.470784
-0.522816
0.016799
-2.271148
-0.296304
0.116050
1.874979
-0.141835
1.317068
-0.922869
-0.848787
0.269280
-0.755376
-0.611062
-1.910402
-0.667527
-1.410997
-0.560287
-0.662516
0.730088
0.825383
-1.060807
-1.193845
-0.195221
-1.622657
0.907616
-0.202909
-0.253247
-0.827400
-0.160948
-1.334958
-0.140611
0.238849
1.361191
0.128516
-0.246892
0.329039
0.507841
1.010501
0.457045
0.185156
1.721865
0.733117
-1.005635
-1.542831
-0.886794
-0.423039
-0.495380
-0.347160
-1.336155
0.140977
-0.560162
0.037650
2.533313
0.728376
0.378049
-2.036036
0.153181
0.535703
-0.157886
1.745545
1.717514
-0.960962
0.012889
0.778086
-0.186105
1.484262
0.249535
-1.548856
-2.132030
-0.377629
-2.441044
0.917858
0.716103
-1.963597
-2.176728
-1.895609
-1.142392
-1.433691
0.106979
-1.881486
0.004763
-0.062238
0.920804
-0.082922
-0.197372
0.669211
1.342402
0.978334
-2.039728
-0.864121
1.533635
0.283069
0.620157
-0.260628
1.144987
1.932921
-0.593029
3.010870
2.020929
1.963661
1.592259
-0.140252
0.293940
-1.019040
-0.950288
-1.362322
0.673349
0.447456
-0.071377
0.353298
-0.320189
0.875333
-0.783701
0.305409
-1.843747
0.974458
-0.180853
0.540100
1.903291
-0.499827
-1.601628
-1.207239
-0.709062
-0.507313
-0.588354
-0.824811
2.048663
-0.623518
0.285325
-0.848543
-0.325994
2.114084
0.788527
0.811344
-0.486161
-0.935605
1.423562
0.525456
-2.170982
-0.815798
0.349783
1.352812
-0.119032
-0.057628
-2.055503
-0.811100
0.449214
0.106394
1.296947
-0.427197
0.010849
-0.661549
-1.593641
-1.328938
-1.105944
-0.321473
0.814115
1.730601
-0.592823
2.212275
2.555280
0.361723
-1.506032
2.313067
1.865090
0.511044
-1.012562
2.673020
-0.584607
-1.612139
-0.571600
-1.142260
-0.923555
0.303787
-1.147486
0.741642
-0.884074
-0.957056
-1.787572
1.978825
0.100161
-0.509099
0.963767
-0.366676
-2.040549
0.912503
1.358841
-0.009856
0.037811
-1.205999
0.449542
0.115049
-0.205046
0.880096
0.069882
-0.599459
-1.135683
0.183974
-0.527421
-1.601667
0.047930
0.009274
0.381226
0.250499
-1.209376
1.135744
-0.774835
-1.715793
0.376801
-1.300341
-0.948448
0.949384
-0.223009
-1.441016
-1.380782
-1.042654
-0.105411
0.137450
0.701097
2.128969
-0.024930
-1.162811
-0.462229
2.372769
-0.027869
-0.413884
-1.067892
0.683642
0.070458
0.688792
-0.692289
-0.217275
-0.659162
-0.809379
-2.073398
2.097870
-1.437805
-0.320853
2.332104
-1.042470
0.719847
1.071872
-1.334362
1.112184
-0.032856
-2.472402
-2.054734
2.172457
-0.838093
-0.255750
-0.266596
-1.476602
-0.034021
-0.621724
-1.496411
0.065919
0.497702
-1.095689
-0.343464
-0.274497
0.043330
0.052150
0.754759
1.071034
-0.412630
-1.065905
-2.638982
-0.225094
2.793915
2.202426
-0.796057
0.154511
1.285717
-2.283329
-0.618422
1.472661
-0.802458
0.705580
0.387957
-0.127006
0.832122
0.477290
-0.366295
1.847786
1.500158
-2.682322
-1.943063
0.401548
0.823259
0.507017
0.415651
1.542835
0.507778
-1.726000
1.442436
-1.454489
0.155456
-0.903186
-0.007246
-2.185392
1.033630
-0.851582
1.406357
-0.910463
-0.529898
-1.652975
-0.079354
-0.227605
0.819330
-0.468666
-2.098921
-0.938585
0.829355
-0.566165
-0.276838
1.164283
0.036207
3.351439
0.425642
-1.067010
0.545197
-0.127090
0.052889
1.055776
-1.822517
0.107886
-0.022435
1.087630
-1.230522
-0.825184
0.070690
-1.653152
0.143040
0.128605
-0.402886
-0.242238
-1.669071
0.843438
-1.209797
1.657995
0.730651
0.931781
-0.313597
0.182011
-1.180721
-0.099368
0.281690
-0.928741
-0.075030
-3.466007
1.910733
-0.166874
-0.548065
1.352647
-0.968083
-0.451435
1.568057
-0.070591
-1.287403
-2.355037
1.046669
-0.681940
-2.361852
-0.233528
-1.282998
-2.721718
-2.239216
-1.915533
-2.089651
0.327585
-0.839389
0.870527
-0.886429
-0.148567
-1.689261
-1.524866
-1.209690
1.764061
1.033292
1.908759
2.592047
0.914331
-1.348936
2.104784
-0.432063
-0.124983
-0.094037
0.828039
-0.467911
-0.124825
-1.262030
1.747613
-2.423680
1.180321
-1.337566
-1.278904
1.282622
0.409593
0.195682
0.843188
-0.142614
0.385935
0.334043
0.839456
1.948313
-0.661648
-0.765925
1.168288
0.466717
0.433667
-0.986138
2.037878
1.269920
0.895344
0.129059
0.662085
-0.675308
0.031952
-1.027968
-0.226788
0.027960
0.475325
-1.513086
1.075448
-0.016101
-0.813315
1.332541
1.079304
-1.819414
-0.022062
-2.002502
0.585643
-1.250690
0.166518
1.276288
2.203546
-0.362608
-0.858937
1.040659
-1.470298
0.996518
1.781884
0.045011
2.637430
-0.343941
0.583346
-0.058871
0.260794
1.636139
0.002184
0.444242
-0.744904
0.182505
2.239895
-1.790566
-0.465704
-1.497867
1.806814
2.073347
-0.017614
-1.474328
-1.172600
-1.636966
-2.995494
-0.715695
-0.728593
1.027032
-0.487542
-0.148609
0.849500
-0.841089
2.211973
1.241837
-1.372264
-2.235762
0.957004
-0.684352
-0.266132
-1.135411
-0.160323
1.535798
-0.914518
-0.522610
-0.952911
0.122548
0.367422
-2.263826
1.689253
0.135621
0.449156
1.063494
-3.345920
0.991802
0.183880
2.460631
-0.113459
-1.265730
0.599316
-0.298549
0.349804
-1.025773
1.969326
-0.642511
-1.216545
0.323103
-1.076761
-0.745960
0.662238
-0.163200
-2.598502
-2.304907
1.094571
0.065881
-1.330718
0.245009
-0.265018
-2.113539
-0.396339
-0.397946
-0.443171
-0.552405
2.512377
-0.016245
0.363941
-0.362000
1.344138
0.346255
-0.929187
1.130183
0.265604
0.534348
0.500005
-2.491136
-0.900665
1.175720
-1.698316
2.770164
1.026169
-0.732562
2.685418
-0.023631
0.492162
0.494182
1.187052
-1.398574
-0.042792
-1.684786
1.073551
-1.749759
-2.758947
0.432299
-0.894839
-0.787797
1.189543
1.577452
1.597676
0.914738
-1.017384
0.784931
-0.588738
-1.607115
-1.348041
-0.776453
-0.830894
0.294066
-0.141871
-0.361249
-1.272919
0.797250
1.340101
-1.439174
-0.937146
1.301537
1.211063
-0.635286
1.872886
-1.007074
-0.853529
-0.152738
-1.293204
-0.005491
1.201104
0.193082
-0.804089
-1.872020
0.678659
-0.797961
0.767630
-0.245087
1.208244
1.189224
-0.366942
0.634142
1.477679
-0.041639
-1.448878
-1.212343
0.639080
0.787243
1.257305
-0.118366
-0.170351
-2.299229
0.072965
-0.676810
-0.683754
-1.690102
1.037424
0.969672
0.991479
-0.985086
-3.719832
0.280869
0.235108
-2.319694
0.182970
-1.474179
-0.690951
-0.205061
0.796064
-0.455960
-0.298976
0.114871
-2.042267
-3.093387
0.876346
-0.453138
-0.499209
0.335704
0.619922
1.903647
-0.116127
0.469394
0.098228
1.518436
-0.994962
-0.784467
-1.657728
-0.224367
1.101198
-0.011879
1.730773
1.174977
0.239219
-0.315332
-0.301407
-0.414675
-0.747784
-0.162228
2.284672
0.139440
-0.396241
-0.642756
0.396007
0.099936
2.130593
-0.855785
1.258901
1.488388
0.984008
-2.072734
1.678823
0.207937
0.187956
0.813668
2.615337
2.841939
0.726325
-0.098348
-0.805024
0.346453
-1.200863
-0.567815
0.862106
1.172010
0.928110
1.063635
-0.486596
-1.713935
-0.139798
-1.381401
0.397921
0.548227
1.530208
-0.499492
1.106195
-1.190690
-0.913390
0.203444
1.680800
1.742028
0.049455
0.695485
-1.346665
-0.870569
0.212143
-1.299173
-0.750334
-0.021188
0.421250
-0.722725
0.133736
-1.319498
-2.013522
-0.738606
1.629017
-0.148083
0.725273
-0.316314
1.192309
0.410749
0.626319
0.148128
0.120544
-1.891710
0.642363
-0.308571
1.778030
-0.717967
1.719362
1.243465
-1.687979
-1.295202
-0.114085
-0.119719
0.243128
-0.613883
0.752532
-0.362072
0.737383
0.840017
-0.032518
1.186843
0.776045
-1.009335
0.835082
0.077338
-0.931290
0.207628
0.211467
-0.543625
-0.092055
-0.691823
-0.264755
-0.131827
0.103411
-0.187215
-1.098791
0.009862
-0.239102
-1.318722
-0.176303
-0.182046
0.804677
-1.411324
-1.544215
0.946943
1.210610
0.503486
-1.605408
-0.672412
0.457124
-0.416087
-0.046441
-1.388863
1.565259
0.260364
-0.657021
0.372230
0.684546
-0.388942
-0.057344
0.017093
-2.154018
-1.212296
-0.045611
0.250132
-0.592192
0.498667
0.360156
2.028312
0.183242
-0.113245
0.828232
-1.376512
0.367979
-1.729937
-0.238815
-2.333525
-3.013058
0.809406
0.457269
-0.298302
0.300940
0.970383
1.269534
-0.651017
1.439451
2.707944
-0.206109
-1.194956
0.276889
-1.622868
-2.241551
0.902191
-0.233648
-0.714480
1.306727
-0.149570
-0.130214
-0.570374
0.019569
-2.303464
0.014230
-0.384578
-1.536849
-2.487177
1.429213
2.548666
0.845877
-1.584403
-0.876367
3.532113
-1.184411
-0.699300
1.607618
0.122187
-2.351412
-0.564003
1.228801
0.315823
0.740308
2.231762
-0.553146
-0.195956
0.379834
-1.453376
0.454322
0.404848
-0.399671
1.269761
-0.388800
-1.536983
2.005485
-0.281659
-1.026971
-1.167119
0.048660
0.356192
-1.276281
-0.660595
0.090576
-1.219271
-2.247562
-0.613943
1.361015
1.529656
0.236784
1.081789
1.030016
0.826963
1.959343
-1.035370
0.518832
-0.173667
0.045878
1.109638
-1.625637
0.558707
-0.486079
-0.344046
-0.636604
0.235394
-1.225656
0.950378
-0.551052
-0.766254
3.218595
-1.208187
-1.050854
-1.707494
0.498671
-0.097535
1.283517
0.392554
0.951181
0.947419
0.384232
1.159159
-0.169827
-0.118248
0.972291
-1.323454
1.701412
2.146027
0.588193
-0.061724
-1.675559
0.187651
-0.196587
0.741415
-0.428737
-0.232175
1.269026
0.066486
-0.488511
-1.876636
0.164021
-0.369234
-1.006488
0.481020
-0.638094
-0.092981
1.291882
2.418033
0.899279
-0.603097
-2.032803
-0.772289
1.223240
-1.157546
-1.831140
-0.564525
0.780268
0.622252
-1.088014
-0.161167
-1.213284
-1.552688
-0.420443
0.124513
-0.249458
-2.079165
-0.159110
-0.800876
0.258893
1.068553
1.171294
-0.897783
-1.237430
0.472891
1.836469
0.167975
-1.647982
0.266335
2.153909
-0.263051
0.720769
0.417100
-0.415775
-0.399229
-1.075955
-1.146548
-0.531603
-1.530918
-0.172996
-0.829853
0.251301
0.021996
-0.273984
-1.912943
-1.269758
-0.215749
-0.082282
-2.577873
-0.662481
-0.534795
-2.247632
0.844064
-1.248713
-1.454089
0.636823
0.486950
2.048953
1.950226
0.094842
0.468735
0.942633
0.905934
0.771195
0.608859
0.610638
-1.722397
1.641472
1.467545
0.834684
2.817923
-0.350421
-0.461020
0.631843
0.555274
-1.821056
0.243295
0.647657
1.490808
2.046197
-0.275021
0.657928
-1.555143
2.473028
0.697497
-0.517089
1.684528
-0.183797
2.223443
1.527319
-0.192799
0.437633
0.721928
-1.220953
-0.445958
-0.859950
-1.278273
2.888153
0.897045
-1.675776
1.086183
1.666855
-2.419981
-0.951742
2.988118
0.968210
-0.334334
-0.815604
0.644039
-0.783979
-0.230948
-1.190639
0.679120
2.576914
-0.941759
-0.055796
-1.000121
0.002778
-0.604172
0.537249
-0.866518
-1.886946
-0.272148
0.614408
-1.690180
1.492312
-0.141933
-0.404479
1.506157
0.133658
-0.424878
-0.247241
-0.785362
1.697751
0.453321
-0.532826
-0.745986
1.291889
-0.330110
-0.345510
2.160534
-1.101303
-0.088787
1.133685
-0.503877
0.246181
1.666251
-0.514951
-1.664278
-0.984504
-0.909291
-0.643652
0.264851
1.651880
0.880539
-0.750919
0.396638
0.142639
1.257622
-1.191073
0.178501
-0.750379
-1.286516
-0.036287
0.221675
2.516679
2.484949
-0.466262
0.961174
1.621991
1.675024
-0.031313
0.626284
0.743410
-0.890467
2.133899
-0.251971
0.349278
1.076273
-0.576013
-0.868778
-1.781195
0.472393
0.202096
-0.046642
-0.675789
-0.247006
0.623000
-2.238986
-0.586227
0.232629
-0.786899
-1.059184
-2.865441
-1.608257
1.726106
1.538230
-0.385984
-0.416464
1.799424
-0.000795
2.062150
-1.093075
-1.722151
0.986732
0.635816
-1.168034
-0.734040
-0.378570
0.732377
-0.372978
-1.091994
-0.826858
-1.898136
-1.727389
-0.914436
0.578377
0.040602
0.561166
1.016564
-0.987398
0.926010
-3.613673
1.386479
-2.280374
-0.559633
-2.249103
-1.994701
0.327990
-0.789588
1.217845
-0.054948
0.120429
1.830193
-0.607968
0.413166
0.725483
2.043625
-1.480541
2.221897
0.052845
-0.752995
0.759662
-1.346503
-0.775978
1.416133
0.393840
1.104426
0.759890
1.865836
-0.973909
0.258647
-2.880742
-1.946216
-0.688639
-0.118350
0.683465
-1.733233
0.226523
-0.135966
0.369823
2.048276
-2.151199
-1.506365
-0.798549
0.497188
0.120859
-2.220646
-1.218399
0.381906
1.008772
-1.021297
0.594407
-1.722712
-1.198774
-1.302403
0.926498
-0.425329
0.215398
-2.497085
-1.328546
0.206172
-0.136562
0.878911
1.247358
0.901687
-1.984807
-1.440285
-1.669728
-2.616078
-0.458126
-0.316257
1.122805
-1.276855
1.220140
1.064279
-2.604202
0.774978
-0.601635
-1.717860
0.768795
0.562690
1.097240
1.338336
-0.320227
-1.301962
-0.530879
1.251684
-1.595405
1.852969
0.072414
-0.733019
0.340608
1.684014
-0.327587
0.822945
0.076771
1.105775
-0.534056
0.472962
-1.592924
0.758295
0.926505
-1.713008
1.441849
0.974566
-0.379311
0.603738
-0.505947
0.022811
0.689138
-1.660475
1.947904
-1.295061
-0.772389
1.884974
-1.112590
1.575529
-0.917390
-0.711073
0.905529
-0.193255
0.900638
-0.669479
1.121661
-2.418922
1.296624
-1.143554
0.186769
0.455982
-0.062547
-0.950447
0.926452
1.497380
-1.721721
0.098217
-1.029763
-1.344404
-0.859664
-0.290267
2.465611
0.136960
-0.752777
-3.029576
-0.264964
-0.591710
1.714298
-1.643638
-0.233708
-1.618028
-1.240239
2.040495
0.585149
-3.754975
1.096072
-0.403059
0.535346
1.800930
-2.651047
2.353098
-1.132902
-0.889421
-0.390263
-0.099682
1.368725
-0.781156
-0.652756
-0.906723
0.302683
-1.766755
0.597323
0.255310
-0.661593
-0.233133
-0.443198
0.514685
0.902691
0.224874
-1.703867
-1.123814
1.519546
2.216918
0.874566
0.485061
0.685026
0.686714
-1.617485
-0.016839
1.518174
-0.914732
0.363815
-1.060296
0.507049
-0.274634
-0.365825
-0.675716
0.060034
0.031792
1.710176
1.803656
0.983982
-0.080091
-0.800135
2.011395
-1.587290
0.277577
-0.470494
-0.935518
-1.051193
-1.204566
-0.933443
-0.696909
1.958727
1.108357
-1.259642
-1.187382
-1.122189
-0.672056
0.332766
-0.836742
1.595105
-0.386941
0.918830
0.086207
-1.306590
0.418714
-0.663460
0.336557
-1.250142
-2.137820
0.208364
-3.041120
-1.362649
0.239908
0.009745
-1.742048
1.028842
0.440503
-1.023464
0.098518
-0.911725
-0.309472
2.592346
0.762573
1.539313
0.436786
-0.179753
-0.420338
-1.209557
0.629788
0.002897
0.767761
-1.384263
-0.450179
-0.852261
-1.052914
-0.763611
0.442285
-1.536072
0.176184
-1.939292
-0.340294
-0.507690
-2.224326
-0.876062
-1.543937
0.368436
-0.686832
0.660248
-0.494352
0.376925
1.639027
-0.866908
-2.272651
0.150447
-1.123995
-2.153709
1.205198
1.406585
-0.249031
-1.218809
0.257441
1.273340
-0.878209
-0.858880
0.993806
0.668478
-0.022345
-0.012990
-1.609018
-0.739807
0.101067
-0.982095
0.496324
-0.468510
0.575411
1.185775
-0.360637
1.430568
-0.974384
-0.254364
-1.731058
0.420232
0.356729
-0.994744
-1.434681
-0.224976
-1.709841
-1.130933
1.584922
-2.553970
0.355320
0.606423
0.152613
-2.023045
-1.729896
-0.485803
-1.141011
-1.418538
-0.106822
0.121198
0.482093
2.989351
-1.031177
0.399632
-1.870871
1.107957
-0.824581
-1.145522
0.840598
-0.835778
-0.436744
0.580290
0.263622
-0.293701
-1.621205
0.837886
-3.017869
-0.490247
-3.070570
-0.761171
-0.102935
-2.076830
0.883538
-0.607634
-0.976030
-0.116470
0.369637
1.968017
1.654216
0.198312
-1.166608
0.519129
-1.406927
-1.519998
-0.028842
1.729962
-1.255487
0.168301
1.240476
2.707695
1.486712
-0.267589
-0.826891
-0.467256
0.117923
0.662498
-1.789325
0.062495
-1.339215
0.701197
2.134414
0.497363
1.501993
2.061736
0.655593
-0.096804
0.386137
0.640581
-0.408951
-0.568120
-1.198675
-2.110850
-0.883997
0.818408
-0.139899
0.551176
0.118905
-0.840074
-0.074989
-0.939680
0.477154
-0.502362
-0.917839
1.416622
1.955988
0.872406
-0.176733
1.495015
-0.506613
1.199690
1.048289
-0.381395
-0.480317
1.260803
-0.011340
2.667445
0.277465
-0.561803
0.949022
-0.005969
-1.540993
-1.691516
-1.057598
-0.169789
1.550366
-0.441832
-0.926339
0.732698
-0.531068
-1.155926
0.698314
0.249727
-1.186687
1.020485
-0.514376
-0.709814
0.504497
1.209627
-2.616577
-2.511605
-1.020165
1.182660
-3.126258
0.763531
1.344746
0.994437
0.399922
-2.174626
0.597738
-0.354073
1.126002
0.748848
0.200603
-0.835965
-0.532760
-0.117847
1.114783
1.396868
-0.652906
0.125228
-0.237733
0.466722
-2.012664
1.723780
0.005914
-0.000404
0.000003
0.000103
-0.000258
0.000217
0.000501
0.000060
0.000183
0.000050
0.000181
-0.000303
-0.000408
0.000230
-0.000061
0.000058
-0.000012
0.000142
0.000005
0.000422
-0.000051
0.000016
-0.000683
-0.000263
