-1.312660
-0.003947
0.488573
-4.656167
0.225026
-0.027660
-0.688993
-0.915665
0.506978
-5.744425
0.248608
-0.580144
-0.419597
0.239588
0.042928
-0.284065
0.416651
-0.104979
-0.101836
1.425597
-0.555663
-0.559613
-0.514641
-0.302165
-0.975772
2.508396
-0.814211
1.030707
-0.148869
-0.460029
1.436132
-1.705695
1.643070
-0.691671
-1.027520
0.069058
-1.107292
0.919589
2.405182
-1.650880
-0.538364
-1.037362
-0.261330
-0.552373
-1.591232
0.123627
0.899910
-0.457749
-0.257303
-1.040782
1.103183
-0.561878
-3.267008
0.065713
-0.964577
-1.118360
-0.724586
-1.416117
-1.063868
0.136678
0.447055
-1.649523
0.873562
1.454125
0.922823
-0.641626
0.905224
0.798880
-2.598115
-1.926360
1.014526
0.016216
-0.258702
0.049838
2.258707
0.394408
-1.376156
0.204214
0.102545
-0.037949
-1.429056
0.950070
1.054029
2.635753
-1.238628
-0.084290
0.903964
0.362658
0.951191
-0.795260
-1.081821
-2.762540
1.325324
0.807597
-1.139874
1.508034
0.434806
-0.593923
1.680368
-1.003587
1.005943
0.266787
1.107072
-0.634496
0.362092
1.346937
-1.042611
-0.838145
-0.071287
-3.093017
-0.507970
-0.705996
0.103895
0.517344
0.043527
1.387065
0.244260
-1.829803
0.807505
0.888969
0.780366
0.058168
0.623787
-2.034358
0.662741
-0.087493
0.806030
-0.659224
-1.556551
0.279423
1.814816
-1.218077
-0.402584
0.437332
0.719735
-2.214835
-1.791855
0.901904
-0.873136
0.202797
0.437720
0.431175
1.183231
-1.265791
0.004781
-0.016431
0.027942
0.034168
0.053085
0.045609
-0.049890
0.033178
0.022298
0.045470
-0.000523
-0.046443
-0.055601
0.025553
-0.051616
-0.052556
