0.439015
0.716157
0.054198
-0.022732
0.310588
-0.653127
-0.661153
-0.956277
-0.685011
0.899484
-0.102764
-0.773913
1.730277
0.270243
0.114747
-0.498252
-0.947302
-2.541800
-0.737088
-0.296689
0.691119
1.617104
-1.049821
-0.661868
1.729422
1.215917
0.250755
0.057807
2.056027
-0.930536
-2.910808
0.593074
-0.671545
-0.790326
-0.681581
-1.325195
-0.667418
0.299408
-1.892095
-0.993598
2.228702
-1.448744
-0.440779
1.350631
-1.376884
0.324126
-0.298941
-0.672360
1.230198
0.735482
-2.073317
0.387801
1.027584
-0.044938
-1.416770
-2.863700
-2.049104
1.604879
-0.186979
0.460342
-1.330937
0.819711
-0.937445
-0.142858
-1.387803
-0.826979
0.433947
0.432788
-1.490702
0.870557
-1.310746
-0.785935
1.093875
-1.396468
1.030246
-0.889748
-0.178017
0.308734
0.494961
1.419853
1.661266
-0.724524
-1.552981
-0.041616
-1.797268
-0.946495
-0.359463
-1.172765
0.133362
-0.493081
-1.608866
0.555621
0.474325
-2.397588
-0.175061
1.741025
0.422469
2.145590
0.772817
-0.649971
1.240121
1.459422
-0.386377
0.589392
1.601451
1.421225
1.982729
-0.986078
-3.595544
0.898843
0.078407
-1.294338
1.312811
-0.356604
-0.694560
-0.946313
-2.238406
-1.551510
0.724268
-2.144696
-0.934862
-0.111312
-0.780213
2.085273
0.305292
-1.919690
0.212689
-0.454911
-1.558021
0.625043
-0.500976
0.416251
-2.824272
0.296620
-0.117356
-1.475469
1.998287
0.304081
-2.902521
-3.092119
0.045397
-1.303728
-2.032222
-0.414750
-0.446962
-0.149525
2.132375
-1.039301
0.166588
-0.636106
0.540450
0.879753
-0.993188
2.010005
-0.339165
0.309549
-0.863921
-0.923383
0.536711
-0.314053
-0.881178
-0.661626
-0.026031
0.231055
-1.002827
-0.492549
-1.265987
-1.066583
1.848813
-0.615579
1.381199
0.709261
-0.261936
-1.033065
-0.002124
-1.144144
0.391124
0.039140
0.754861
2.452289
0.150419
-0.141346
0.416808
-0.432843
-1.506622
-0.094870
-1.362492
1.095051
1.577568
0.317900
-0.403599
-1.626456
-1.476886
-0.499922
-1.497389
-1.157805
1.446465
-0.233193
-1.288862
-1.261393
0.738910
0.362968
-0.445793
0.919327
-1.264371
2.026858
0.296046
2.216185
0.458667
-1.055025
-0.869455
-0.263103
-1.337265
-0.625695
-0.095358
-1.275111
-0.378399
-0.495877
1.041397
0.599178
-0.572608
0.859558
-1.090605
-1.095461
0.813349
-1.571262
-1.562325
-0.873355
-1.867030
-1.439953
0.764250
1.235828
-1.029455
-1.441053
-2.467629
-2.087583
-1.356940
1.388370
-1.286517
-0.077818
0.818848
-0.231760
-0.812715
0.547893
-1.044618
0.872033
0.864628
0.606214
0.495910
-0.502238
1.735473
-0.054859
-1.081094
-0.889152
-0.793432
0.273247
0.587555
1.003346
0.230193
1.327032
0.781215
0.097076
-0.890615
0.071111
-0.927762
-1.153096
-0.368854
3.777546
-1.135803
-0.294256
1.691216
2.175417
1.529822
0.281798
1.086405
-0.512191
-1.242605
0.595250
0.073993
-1.021802
-0.124493
-0.952824
-2.283622
0.789878
-0.205025
0.456878
-1.788795
-1.721908
0.860501
0.473988
-0.553830
-0.211625
0.403086
2.574269
0.526112
1.372345
0.626344
-0.284070
-0.554058
-0.259513
-0.844321
-0.126220
-1.344196
-0.297496
0.533348
0.127366
-0.998701
1.214520
0.638851
0.043991
0.580308
-0.204083
-1.981312
-1.670359
1.723375
0.041278
1.160857
0.849104
-0.279964
-0.843286
1.288430
-0.618730
-2.446121
-1.954671
0.152721
1.112277
0.935478
0.893684
0.247256
0.462637
-4.022829
-0.573909
0.614352
-1.142731
-2.142660
0.506657
-1.120513
-0.049497
0.001573
-0.539940
-0.481559
0.080144
0.135930
0.221730
0.144289
-1.172532
-1.855886
1.003762
-1.178158
0.913621
-1.218729
-0.475358
0.761953
-0.453693
0.060834
0.061791
-0.555133
-1.098540
-1.947357
0.198189
1.608734
-1.339194
-2.749909
1.707284
0.105207
-2.234046
0.355514
-0.439505
1.527989
-2.115825
0.647659
0.918765
-0.243619
-0.146650
-0.370498
-0.368226
0.018372
1.895809
-0.324954
0.564631
-1.160205
-1.542420
-0.318423
0.924072
0.895522
-1.253654
-1.690279
1.131050
1.184549
-0.651957
-2.848594
-1.177489
0.826608
-0.626867
0.583352
-0.294723
-0.885833
-1.763517
0.181286
1.248757
0.465058
-1.708560
-0.313398
1.367947
0.211892
0.864812
-0.944811
1.434224
0.692311
-0.160481
-0.587787
1.017345
-3.021591
-2.458611
-0.529644
-1.807798
1.292783
0.722453
-0.018832
-0.219984
-0.256456
-0.229875
0.178813
1.432533
-0.450272
0.856170
-0.289565
0.699398
-0.373026
-1.128718
-0.716657
2.830324
-0.932304
-0.510849
0.279311
-0.889189
1.091366
1.823423
0.304532
0.378322
-2.631919
1.899582
0.055418
0.496098
-1.438561
-0.911775
1.350658
-1.617069
-0.915579
0.920477
-0.679539
-0.141025
-0.946386
0.688107
-2.860808
-0.041864
-0.524402
-1.362107
-0.845260
0.106799
-0.226521
-1.070705
-0.205017
-0.622572
-0.934904
-0.479555
-0.566956
-1.706141
1.872134
-0.307549
-0.424163
-0.101764
1.796982
-0.272425
0.879615
1.232348
0.048638
-1.036038
-0.467453
0.027475
-1.787219
-0.960522
-0.564231
-0.201347
-0.132215
0.196097
-1.173157
0.387378
-1.461439
-0.870645
1.190953
2.214779
-0.233707
0.382418
-1.093482
0.138256
0.976467
-0.595697
0.655624
2.167439
0.203345
1.146538
-0.140716
-1.249501
0.010098
-1.443419
0.117973
0.736380
1.219764
-1.514012
1.201934
1.331952
1.016919
0.139384
1.470465
-0.646341
-1.571781
1.564904
0.090449
-0.697736
0.455530
0.554163
0.000844
-1.917068
0.732280
0.004257
0.974751
-1.409731
0.729823
0.036435
-0.660480
-0.489119
-0.663356
0.393677
1.145410
-1.181761
-0.120026
0.531499
2.478196
-0.123143
-1.039257
0.911530
-0.595047
0.787758
0.413547
-0.512607
1.792714
-0.538503
-1.641345
1.441745
-0.085778
0.056066
-0.980324
0.539083
1.282986
-0.141536
0.557327
2.094881
1.116948
0.614960
-1.724216
3.328422
1.117774
1.454048
-0.314894
-0.225682
0.063879
3.352031
-0.383334
-1.070123
0.499881
1.417352
-0.692414
-2.009072
1.262149
1.597696
0.266172
0.816562
-1.582015
2.305603
0.132320
-0.697156
0.461059
1.323248
-1.229676
1.636566
0.216144
-1.856945
-1.254007
1.788678
-0.475182
-2.536405
-0.692215
1.468482
-0.080292
0.341839
1.621642
-0.352411
0.678735
-1.013626
-1.682903
-1.283651
-1.463148
-1.496540
-1.428674
-1.683400
-0.111510
-1.388685
0.508980
0.173576
0.539910
2.847454
-0.094196
-1.653282
-1.590777
0.305929
-0.007457
2.058787
-0.436383
-0.106816
-1.177390
-1.029081
0.114290
0.770906
1.950018
-0.248489
-0.674964
0.407864
0.801051
2.044543
0.308741
-0.434105
-0.658678
0.012637
-3.700900
0.261043
0.159795
-0.315733
1.245755
-0.492203
1.085917
-0.237638
-2.705567
-0.792724
-0.870077
0.826854
1.549286
-1.533809
1.442612
-1.263357
-2.112831
0.824997
-0.608820
2.691866
1.897049
0.628479
0.618158
0.562360
-0.690638
0.292376
-0.996433
-1.358288
1.053607
-0.453566
-1.179696
0.162140
-1.034342
-1.292247
-1.456209
-1.733674
-0.418723
2.387590
-4.275870
-0.826372
-0.394308
-1.028512
-0.442341
-0.559252
-0.432279
-1.346685
0.046823
-0.916169
1.472872
1.581597
0.835095
-0.359062
1.672510
1.250330
-1.157391
1.363713
1.217345
-0.417681
0.963380
0.506569
-0.731131
-0.949744
0.487166
0.618037
-0.363457
1.524676
0.600517
0.580230
-0.582385
-1.081107
-1.340370
0.748872
-0.869360
-2.132270
-1.956201
-0.696140
0.370311
-1.574655
-1.344260
-0.788541
-0.002910
-0.216964
-0.220721
0.869818
0.384224
-0.961600
0.892933
0.181669
-1.183221
1.160773
-1.563055
-0.551504
2.091085
-0.593472
-1.807055
0.466231
-0.220341
-2.109799
-0.540776
2.546308
-2.974175
0.306225
0.777560
-0.977908
2.030771
-0.670723
-0.307057
1.368147
0.682018
0.846402
-1.027817
-0.974913
0.149099
-0.079284
1.174372
-0.787883
1.567071
1.117795
1.423311
0.588306
0.131976
1.530707
0.896957
-0.010691
-0.304073
-0.059459
0.952944
0.865406
0.386407
1.327345
1.997734
0.534827
1.290696
1.965928
0.676834
-1.870953
1.858904
1.121248
0.543040
0.557142
-0.381156
-1.204175
-0.213224
0.507786
-0.249410
0.774658
2.295623
-2.696783
0.867806
1.671177
-0.685061
0.095966
0.153875
1.000324
1.296194
0.228658
0.211365
0.074191
-2.026626
0.158549
0.672969
0.125104
-0.653910
-0.519617
2.635440
1.942394
-0.134747
0.387429
0.687941
2.256589
2.406435
-2.155876
0.191687
-1.924404
0.418783
-0.698914
0.547897
-2.488699
-0.279297
-1.379575
0.332390
-1.350096
-1.038966
-0.284209
-1.021077
0.468679
-1.908779
-0.729628
0.423904
-0.061021
-0.811623
-1.385868
-0.561028
-0.570068
1.588344
1.611373
0.099121
-0.314281
0.653887
0.019286
0.036258
-0.828874
-1.002144
1.243066
1.218144
2.067028
-1.357022
-0.361070
0.120814
2.787003
0.993435
-0.659832
-0.636951
-0.287944
-0.221231
-1.036921
-0.513875
0.649306
-1.071056
0.344857
-2.720115
1.360913
-1.463066
1.446278
0.084097
0.846409
0.263281
-1.188806
-0.882828
0.670217
0.728362
-0.423858
-1.951391
0.665369
0.962867
0.113871
-0.832106
-1.347449
1.201920
0.452563
-0.630060
-0.700263
-0.162382
-0.670915
1.714991
-1.638051
-0.423015
1.841873
0.380388
1.457886
0.487533
0.676637
0.100702
-0.087497
1.179449
0.205120
1.452715
-0.108858
-0.628124
-1.183725
-0.585663
0.079419
2.267295
1.578854
-1.586333
-1.771085
-1.291936
-2.151125
0.377361
0.821351
-0.870781
1.162652
0.904361
0.618359
1.119500
1.038205
0.136018
-1.154403
2.674988
1.999052
0.839136
0.616292
-1.279885
-1.820719
-1.224918
0.376454
0.352647
-0.280860
0.898252
1.148818
-0.523877
1.952963
2.079437
0.505997
1.449878
0.076756
1.259555
0.589523
0.524147
-0.759531
0.407809
0.436958
1.759056
-1.312189
-0.645767
-0.002108
0.454604
-0.228481
1.220921
1.583749
1.272659
-0.259386
2.262437
1.557621
0.103598
-1.774829
2.321515
1.572078
0.661596
1.231523
0.224486
1.364906
0.843676
-2.968874
2.241177
-0.973535
-1.444718
-1.203345
0.201919
-0.841149
0.675759
-0.088234
-0.222081
0.063278
-0.290904
0.966575
-1.166179
0.341509
1.553057
-2.105778
-0.190214
0.960650
0.326666
-1.719329
-1.919465
-0.364036
1.038381
-0.691842
-0.462124
-1.083769
-1.143774
-1.165624
1.401124
-2.950363
-0.299397
-0.812234
-0.458813
0.078148
0.815311
-1.036066
-0.910224
-1.077238
0.760131
0.803533
0.348209
-0.411802
0.767167
-0.709555
-1.873297
0.891182
-1.741909
-1.039793
-0.376387
0.606912
1.915421
0.787752
0.074625
-0.211807
-1.223695
1.161124
0.020315
-0.528486
0.237286
-0.296744
-0.924389
-0.883737
0.012333
-0.903412
0.311275
0.859898
-0.222918
-0.512641
-0.286763
-0.226440
-1.104863
-1.563956
-0.576923
-2.332071
1.329288
-0.395360
-1.007138
-3.906700
-0.142691
0.554081
-1.000117
2.305467
2.012592
1.298705
-1.400396
-0.202369
1.438853
1.269082
-0.160271
2.497136
0.771775
1.712860
0.716742
0.293826
1.582728
-1.476228
1.623923
-0.373471
0.274537
0.175528
0.593595
0.577725
1.951128
-0.532331
1.124368
0.793232
-0.175910
0.015195
-0.211471
0.192341
0.396256
-0.081737
0.018965
0.253186
-0.512169
0.278718
-0.884169
-2.322626
0.124915
0.423104
-0.897239
0.773489
-2.095038
0.399765
-0.490061
1.338755
0.957363
1.025647
1.068068
-0.070837
1.177009
0.725470
-0.258814
-0.242811
-0.056999
0.167867
0.813646
-1.186818
-1.785652
1.030975
0.952964
-0.933061
1.792329
0.126896
-2.433416
1.806090
0.479324
-0.806632
3.139632
-1.246310
-0.786362
-1.409686
0.043830
-1.629365
-1.772153
1.713261
1.803649
0.001412
0.472546
-0.410954
-0.176627
0.658112
0.123683
-0.449000
0.218409
-0.368182
0.596111
0.424700
1.331080
-1.042048
2.177859
2.297533
1.471406
0.666079
0.105008
1.679093
-0.067823
-2.966442
-0.358122
1.172290
0.683518
-2.000546
-1.368871
-0.020225
1.538165
-0.063104
0.376978
-2.262206
-1.115100
-1.755105
-0.621934
-1.969495
-0.376574
-1.425431
-0.690346
-1.943253
-0.053129
-0.112508
0.048931
-0.411462
-1.442699
1.665523
0.878739
-0.794331
-1.762006
0.937480
0.900666
1.125909
0.554159
2.055534
-0.817250
-1.058708
0.089771
1.104351
0.706296
-1.190700
-0.868311
0.953058
1.130118
-2.899171
0.337027
-1.427942
-0.669162
-1.945877
1.781592
1.461372
-2.165907
-0.036640
-0.078958
-0.058951
-0.125927
-1.264905
-1.021281
-1.267479
2.143229
-0.129697
-1.787227
-0.557930
-1.100859
-1.225278
0.104275
0.028198
-1.452592
-1.115291
-0.107263
-0.196001
1.089678
0.620081
0.765556
0.400495
0.419788
1.066671
0.710361
1.925176
-1.714517
-1.618633
1.906059
-0.381155
-0.888909
0.195445
2.003494
0.017926
-0.076245
-0.229478
-0.501731
0.078298
1.750820
1.546152
-0.739017
0.855375
0.540311
-2.189478
-0.138751
1.342292
-0.495403
-1.701434
1.349148
-1.348867
-1.581287
0.169409
1.393003
0.878845
-0.380531
-0.031066
-1.381338
-0.327042
-0.334944
-0.800835
1.651504
0.545051
0.341256
0.916588
-0.833508
-1.158204
0.573994
2.080680
0.251719
-1.701724
2.914026
2.664120
-0.925225
-0.287069
0.014144
4.005571
-0.023827
1.185445
-0.119200
1.281890
-1.307415
-0.785802
-0.299671
-0.341384
0.599132
-0.487093
-0.313193
-1.628803
-2.101674
-1.069025
-0.625280
-1.042745
-1.301354
-1.055810
0.480268
1.779237
-0.427781
1.203130
-0.310761
-2.238574
-0.009632
1.290850
0.020075
0.866678
-0.547134
-1.153376
0.339752
0.581873
-1.306957
1.401835
1.110016
0.372297
-1.672729
0.064951
-0.993251
-1.067599
0.751116
-0.980731
-1.738881
0.229142
-0.800129
-0.262093
1.130815
0.207283
0.405329
-1.978028
-0.594832
0.357824
-0.657919
-2.258995
2.355303
3.130930
0.548877
-0.232246
0.589588
1.008411
-1.142072
1.034945
-0.685537
0.237757
0.781519
-0.413576
0.697310
2.000206
-1.788889
2.197673
-1.805890
1.494102
-0.300293
0.212080
1.483234
-0.369189
-0.263969
-0.291527
-1.309339
0.909894
-0.399230
-1.629469
-0.113336
0.088609
-0.988810
-0.137915
1.328726
-0.310475
0.014554
-1.540542
0.478130
0.651305
0.993879
0.755297
-0.786116
-0.249087
0.621688
-0.666774
0.751184
0.838152
-1.753567
0.639408
2.419465
0.139251
-0.151049
-0.587893
-0.824851
1.607998
-0.668643
-0.464268
0.628276
1.263329
-1.842443
1.113077
-0.791719
-0.687546
-0.519839
-1.027020
0.468786
-1.204220
-0.539286
-0.018889
-1.772140
-0.561939
0.043682
-0.876747
-4.547280
0.898702
-0.242617
-2.427582
0.741452
0.736810
-0.139792
-1.397137
0.253960
-0.788441
-1.426678
0.791354
-0.214317
-0.609277
2.905628
1.303462
0.827390
-0.296923
0.406728
0.108120
-0.011178
0.526484
-1.759230
0.985963
-0.788745
0.741111
0.863337
1.666938
-0.727952
-0.717434
0.980568
-0.030348
-2.011194
0.579573
0.992208
2.121917
-1.897820
2.069363
1.122011
-1.449097
-0.636303
0.809868
0.212096
-1.637786
-0.376729
1.225111
-1.427058
-0.564520
0.103731
0.791480
-1.236405
-0.094393
-1.365655
-1.144235
1.963584
0.443204
-0.923181
-0.107162
1.034720
-1.005398
-1.969327
-1.329694
-0.537307
1.100561
-0.045331
1.115126
-0.796181
-0.950134
-0.270806
0.728442
-0.652102
-2.307734
0.033970
0.916042
0.101883
0.054566
-0.984990
0.123770
-0.561023
0.599645
-0.876056
0.803049
0.893920
0.456567
0.797216
-1.656480
-1.340197
0.285702
-1.208379
0.571238
-0.328196
-1.928215
-0.809389
0.616451
0.549598
1.305292
-0.127489
-1.414384
-1.154290
-0.022777
0.496705
-0.662879
-0.341282
2.416478
2.818902
-0.019851
-2.520080
-0.193294
0.100018
1.244311
0.243045
0.528569
0.714571
-0.664112
0.597830
-2.056316
-1.685777
-1.921298
-1.580128
0.224323
-0.452408
0.689768
-1.459962
0.693600
3.069262
-0.313220
0.965115
1.232292
0.309673
-0.585111
-2.437548
1.191500
0.099650
-0.270651
0.427626
-0.616133
-1.468333
-0.839874
-0.026725
-1.146859
-0.068798
1.340070
-1.638198
-0.843764
-0.555296
1.296955
0.092450
-0.869544
-1.144148
-1.811052
0.391866
0.070068
0.631699
0.174240
0.165000
0.495783
1.048741
0.115634
0.855334
0.774017
2.472940
0.440777
1.055290
0.260899
-1.220937
-0.002159
0.518367
-0.320556
-0.097506
1.488309
1.583383
1.652346
0.053984
0.894880
-2.770600
-1.140118
0.178348
0.312001
0.616285
0.286054
0.125046
-0.730581
-1.155436
-1.009321
-3.508639
-0.991768
-0.902338
0.773531
0.960518
1.166462
-1.150965
0.378104
-0.882288
-2.514039
-1.627510
-1.013801
0.825023
0.972187
2.351925
-0.238280
-0.741345
-1.685390
-1.381245
-1.431618
0.874492
-0.449992
-0.306253
0.552160
2.562469
0.342678
0.382286
-0.024743
1.968070
0.962234
0.956337
-0.031203
1.473617
-0.451756
-0.477269
0.532766
0.025954
1.380495
-1.628359
-1.045284
1.510041
0.824918
1.496149
-1.057213
-1.801224
0.140997
1.177152
-0.964722
-1.079069
1.229855
-0.105011
-1.989621
-0.785318
-0.070347
-0.716285
-0.681832
-1.105356
1.499680
-0.597577
-1.224214
0.298401
-0.816518
-0.170615
1.709814
0.788776
0.271905
-1.137453
0.333051
0.012971
-0.144792
-1.271910
-1.301443
2.193597
0.085562
-0.705767
-0.326816
-0.767784
-1.267426
0.083084
1.382259
1.861423
-0.779418
0.303035
-1.088498
-1.394692
1.854211
0.897336
-0.603490
0.723298
-0.017011
-0.190194
-0.712211
-0.710562
-0.017643
-0.274022
1.063690
0.979200
0.732119
1.590029
-1.076497
0.869264
1.514024
-0.007574
-1.069836
0.451483
0.793582
-2.285216
-0.191346
0.024569
-0.369882
0.856486
-1.997785
0.467993
0.534167
-0.118841
1.137127
1.891768
-0.623371
-0.552630
0.109532
0.299537
0.927844
-0.394637
-0.785172
1.089021
-0.566729
0.393768
-2.963696
-1.310580
-1.596362
-1.338681
0.505527
1.723979
1.492936
-1.610833
0.896349
0.397168
-0.495090
0.554307
0.240135
2.137946
1.564127
0.207606
-2.348512
-0.445658
-1.733767
-0.516543
-0.964888
1.657233
-0.277148
0.224307
0.019344
0.180052
0.092527
0.822598
2.513352
0.746597
0.606456
-2.535593
3.055460
-0.128440
-0.145237
1.483839
-1.278452
-0.074956
0.550742
2.509445
1.040985
1.869903
0.277796
-0.390197
-0.745555
-0.517062
1.212688
1.097428
-0.162748
0.005863
0.497858
-0.698905
-0.141659
-0.229227
0.749681
0.338120
1.174408
1.064871
0.584108
0.439775
1.784491
-1.435704
-0.666075
-0.987152
1.313774
0.743772
-0.971778
-0.916144
1.643188
1.150785
0.839164
0.234735
0.518684
-2.028718
1.976417
1.763985
0.266390
-0.331714
-1.732558
-2.366319
1.646697
-0.555109
0.252962
0.593934
-0.573969
0.180874
-0.285432
0.722744
1.880024
1.268228
0.691637
2.072829
-0.418603
-1.586564
1.240620
0.689765
0.513279
0.102053
-0.939544
-1.343679
0.402529
-0.193221
0.119966
-0.751809
2.311363
0.672489
0.385081
-0.948300
1.062938
-0.143493
1.857021
0.378810
0.356535
-0.132256
1.240555
-1.040991
1.827472
-1.225296
0.185325
1.183703
1.105791
-0.777801
0.827083
1.139591
1.265717
0.999691
-2.292310
0.002702
1.225532
1.451337
-0.124251
0.601188
1.564622
-1.222522
-1.159079
-1.381417
0.100816
1.671730
0.631313
-1.389643
0.716003
0.591841
-1.076094
-0.717434
-0.065937
-0.879461
0.148563
-0.160498
-2.091260
0.134413
-0.822677
-0.233821
-0.056520
0.474980
-0.019207
1.100645
1.334557
0.535127
0.323869
1.112392
1.605091
-1.192067
1.065014
-0.160325
0.987471
3.000643
0.852281
1.340760
1.890766
-0.126085
-0.512061
1.110894
0.010508
-1.182686
-0.251177
-0.450448
0.540706
-0.484555
1.197184
0.124747
0.051556
0.515506
-0.585187
-1.080155
1.917517
-1.047415
-0.748776
2.309403
-0.479193
-0.384412
0.152470
0.240530
1.082254
-0.257774
0.750543
0.366167
0.216119
2.174615
1.256927
0.880490
0.107667
-1.995558
-0.086270
0.651429
1.405844
-0.247015
0.612465
-0.013989
-0.356276
0.238155
0.585122
0.413179
-0.870321
-0.610552
0.440329
1.881902
0.934400
-0.878882
-2.074941
1.861851
0.938159
-1.523615
1.941158
1.234094
-0.851207
0.120514
0.858475
1.580365
1.315485
-0.506002
2.732679
1.115643
0.234703
0.027790
-0.987427
2.328022
-1.582927
-1.096499
-0.302608
-0.497030
1.979311
1.493917
1.635027
-0.290073
-1.115981
0.351135
-1.512338
0.091392
0.407734
1.217022
-0.035175
0.452053
1.492871
-1.038451
0.978479
-1.125485
1.801304
-0.354795
0.448172
0.431999
-0.804408
0.554184
0.818630
-1.016524
2.770654
-0.341794
-0.052375
-0.663786
-0.545410
-0.946099
0.362890
0.371832
3.485520
1.921081
2.167417
2.288183
0.807885
-2.062789
-0.289770
0.100576
-1.586987
-2.050968
-1.734551
-0.896596
-0.587822
-1.663841
-1.120620
1.357359
1.345752
0.239132
-1.287353
0.732973
-1.472028
0.800697
-0.004628
0.080625
0.039483
0.539403
2.057445
-2.973131
-0.806330
-1.243874
0.295630
1.867208
-2.107521
2.522009
1.818183
0.408892
-2.558146
-1.301206
0.464373
-0.679622
1.632267
0.151836
0.795628
0.023755
-0.492269
-1.916123
0.681655
0.227609
2.181390
1.249520
-1.206265
-0.153521
2.446680
-1.848350
-0.366571
1.058365
1.566243
0.749186
1.291349
0.976062
-0.096268
1.036621
-1.716863
2.394311
0.223351
-0.893635
2.057712
0.962206
1.531521
-0.452966
0.324287
-0.629006
-0.696618
-0.065459
-0.879694
-2.073026
0.360429
-0.785409
0.628326
-0.490396
0.548945
-1.350359
0.877934
3.634786
0.373481
-0.545656
-0.694375
1.766063
0.237059
-0.882002
-2.061853
-1.222571
-0.108186
0.632856
1.023513
0.201926
-0.925688
2.085066
0.085507
0.986734
-0.840378
-1.301619
-0.385388
1.357490
-0.449703
-0.620206
0.031025
2.554132
-0.166817
0.749061
0.868845
-1.309166
-0.101368
-0.126017
-1.359556
-0.187652
-0.791731
0.608327
0.162546
-0.184871
-1.305719
-1.064749
0.307512
-0.421843
-0.891587
-1.786397
1.336808
-0.087970
-2.169980
0.535560
-1.371041
-0.886982
-0.047453
-0.890939
-0.830802
0.324272
0.967975
-0.197131
-0.495091
-0.134165
0.788959
0.332231
-0.960896
0.436128
0.248638
1.241316
-0.248478
-0.359387
0.505080
1.393760
3.787219
0.937151
-0.156029
-0.173373
0.157422
-0.125920
-1.389763
-1.798154
0.916548
-1.628119
-0.141465
1.120305
0.645787
-0.202928
0.072290
1.330622
-1.518806
-1.087754
-0.063582
-1.540143
0.187062
0.543159
1.371864
-0.380325
1.081550
0.422530
-2.076785
0.111106
1.561767
-0.514471
-1.928808
0.320216
-1.106693
-0.954005
-1.220625
-0.191932
-1.134504
1.552192
-0.659871
-1.178848
0.579926
1.327952
0.160248
-0.977499
-0.796733
-1.403592
-0.473904
-0.249554
-1.257678
-1.830922
0.292272
-1.409018
1.436996
-0.442168
-1.931726
-1.544559
-2.412478
-1.844381
-0.524171
-1.383075
0.275498
1.970178
-0.924459
-0.585303
0.671377
-2.906451
0.152799
-0.289505
0.228810
1.512639
0.614980
-0.657943
-0.122877
-2.228186
-2.796115
-0.181374
0.631016
1.010479
0.258038
-0.029307
-0.798612
0.538236
-0.195018
-0.635270
-0.187820
-1.527131
-1.315428
0.800700
-1.857623
-1.904677
-1.380944
-1.044451
1.455872
-1.496636
-2.079573
0.904928
-0.578233
0.482178
0.350682
-0.127634
-0.356014
0.121201
-0.776572
-0.449928
-0.838779
-0.400815
0.727858
1.416513
-1.390745
-0.189841
-1.675915
2.113495
1.099648
-1.121289
0.661855
-1.371133
0.179442
1.552260
1.053785
-0.475723
-0.874407
0.253081
0.103744
0.623773
-1.923112
-0.793686
-0.129832
0.932697
0.529580
-2.834543
-1.493615
-0.441678
0.541572
-0.759814
1.591448
-1.446617
-1.718894
-0.250000
0.571638
-1.719865
0.784037
-0.351179
-1.249196
0.154452
0.990263
-1.866571
-0.406643
-0.061818
2.565349
0.323022
0.644187
0.409825
-0.766165
2.417640
-1.566543
0.276555
-2.203557
-0.214433
-0.465505
-0.103098
-0.862588
-1.164215
0.306225
1.052080
1.150368
1.304228
1.590852
0.773202
1.307410
-0.989334
1.153387
-1.188515
0.147819
1.024832
-0.469359
-1.143863
-0.000783
-2.048882
-0.774145
-1.068844
-1.042127
0.487933
1.769625
-0.762221
-0.397327
0.704778
0.593703
0.746024
0.803597
-0.637792
0.967359
1.446482
-1.477477
-1.620121
-2.563898
-1.835140
-1.828250
-2.183172
1.143294
1.424151
2.855695
1.358422
-1.105077
0.523241
1.277134
-2.717167
-0.925375
0.324574
-1.439707
-0.442455
1.393623
-0.364583
1.554220
-0.852539
0.742205
-0.990776
-0.935688
0.286181
-1.953115
0.807505
2.156278
-0.508988
-2.091713
0.686784
2.506477
-1.109526
0.298831
-0.272492
0.177931
-0.250606
-0.018248
0.032947
0.252382
1.290726
0.221570
-0.457702
0.611855
-1.968600
-0.470881
1.161396
-0.884619
-0.677569
-0.269646
-1.565038
0.867079
-0.491552
1.676398
0.534340
1.523914
-0.448701
1.423862
0.806889
2.031083
-0.502599
0.624218
-0.368778
-0.327567
-0.070104
-2.525537
-1.125128
0.418517
1.093494
-1.281834
0.446090
1.630153
1.910827
-0.862225
1.176721
-0.314754
-1.775278
2.276183
-0.932598
0.415438
0.899788
-1.058173
1.864959
0.957378
-1.530596
0.891771
-0.559850
-1.178482
-0.795392
-2.165863
-0.436871
-0.670465
-0.547231
-2.477496
0.317975
2.276542
-0.217775
0.660856
-1.246140
-2.563814
0.363030
-0.564147
0.129193
0.498180
2.194560
-1.692320
-0.084182
-2.398794
-0.296028
-0.088068
-1.781067
1.145450
0.523503
0.490889
0.165376
-0.385807
0.200383
-0.238827
0.494890
2.016311
-1.292138
-0.454242
-0.662123
0.672113
0.123469
0.523064
-0.205885
-1.992231
2.229743
-1.983125
-0.272424
1.115696
-2.295055
2.381730
0.128940
0.279151
-0.708557
0.212243
-0.630484
-0.791477
1.132276
-1.622349
-0.524625
0.367183
1.280211
1.136378
-0.622153
-0.982579
0.696109
0.418074
0.501515
0.175272
-3.633161
-1.058426
0.091771
-1.117732
0.202028
-1.737714
-0.489980
-0.498115
0.498654
0.437513
-0.169740
-1.000096
-1.226217
-2.049781
-0.879596
0.782290
-0.466676
-0.375757
-0.858826
-1.473675
-0.062227
0.997068
-0.875819
-0.749505
0.958681
0.593492
-2.004974
0.331393
1.738859
0.302060
0.011296
-0.935230
-0.144939
-2.100134
-0.178963
-0.659683
0.303785
0.599240
-0.413853
-0.941954
0.880825
-0.374049
-0.175160
-0.632074
1.320190
0.448901
-1.867615
0.241712
0.546995
-2.479059
-1.590264
0.399720
1.805284
-0.963891
-0.952584
-2.485951
1.772573
-0.586603
-0.070354
-0.896741
0.186827
0.897499
-0.900238
-0.696900
-0.240688
-0.233171
-0.300885
1.193714
0.192071
-0.405855
0.429759
-0.062362
-1.225004
0.284652
1.027880
-1.070740
-1.027770
-1.294928
0.386302
-0.507859
1.591011
-0.546821
0.051841
-0.851256
-0.186358
1.033678
-0.569962
-0.035743
1.006130
1.481635
-1.748273
2.354931
1.414711
0.542221
0.465594
2.104028
-0.254496
-1.027829
-0.795957
1.776228
1.410494
-0.959651
-1.718218
1.247672
2.962811
0.309875
-0.967867
1.672515
-0.892235
-0.257911
-1.477579
1.508398
0.510738
-0.000333
-0.137104
0.493147
-0.204717
-2.038623
-0.745322
0.199035
0.834097
-0.044410
-0.030752
-0.335937
-0.256050
-0.037667
0.521477
-1.256884
-0.764700
-0.274404
0.452391
-0.438599
1.769217
0.479562
-1.656707
-0.357638
0.901151
1.101399
0.045623
-0.702931
-0.165680
1.520954
0.358166
-0.090812
-0.964545
-1.973186
-0.118010
0.927821
-1.014494
-0.227351
0.240502
-0.518363
-0.695626
0.304895
0.510442
-0.156000
0.357732
0.387772
0.763338
-1.450952
2.603389
0.770527
0.154751
0.578482
-0.294867
1.628629
1.358367
1.298629
1.511575
2.273376
-0.571969
1.811061
2.137156
1.953231
1.419394
1.727854
-0.083175
-0.249072
-0.484090
0.261922
0.658171
-0.201672
1.134480
1.587127
0.071517
-0.559006
0.024106
0.288418
2.392852
-0.554452
-1.645289
0.929676
1.205126
-0.108937
0.252273
2.720187
-1.501459
-0.041691
0.265360
-0.254425
3.620769
-0.262586
0.314333
-0.564084
-0.300995
2.854280
-0.738970
-1.847170
0.422374
-0.160070
-1.077315
-0.721082
-3.443535
-0.241368
1.418767
2.615552
-0.634810
-0.171921
-0.291092
0.910973
-0.966760
3.450763
0.466221
0.999164
2.493597
-0.612133
2.517813
1.146683
0.025953
-0.041029
-0.924836
-1.072387
0.904966
-0.546435
-1.187825
-0.154096
0.265365
0.212125
0.617497
0.539835
1.570780
0.965276
1.548418
1.126649
0.427467
-0.328451
0.583184
0.671051
-1.298120
0.314822
2.080704
0.280382
-1.493998
-2.267961
-1.601913
1.008100
-0.451814
-1.310391
-1.922675
-2.037254
1.236019
0.211898
0.088443
-0.103909
-0.424311
-0.762289
0.103920
0.543210
-1.054541
0.415168
0.349792
-1.584472
0.022510
-0.977374
0.836221
-0.668737
-1.519567
-2.144556
0.314326
-1.160446
-1.757760
-0.256344
-1.620538
0.263233
-2.331482
0.730112
-0.110945
0.458534
-0.563654
-0.133588
0.254367
-1.215776
-1.005211
0.523877
-0.925894
-1.214359
-0.617748
0.428630
-0.814338
0.440982
-1.991874
0.702147
0.848902
-0.525804
2.316576
0.614379
-0.654354
1.289793
1.092416
-0.259690
-0.357775
-0.562803
1.260764
0.574771
-0.666356
-1.866570
0.113545
-1.554981
0.106985
1.759868
0.133651
0.218581
-0.283553
1.046597
-0.229641
-1.928869
-0.380471
3.399249
-2.705448
0.744751
-0.232716
1.241618
0.482046
1.035285
-0.288034
-1.542268
-0.343190
0.371433
1.794950
1.942313
0.927859
-1.892956
-0.908720
-0.079389
0.105791
0.395929
-0.683516
2.669029
0.875907
-0.725473
-0.042073
0.102867
-0.959778
-0.321075
0.243989
0.524418
-0.962373
0.207986
0.064161
-0.824742
0.229346
-1.614629
0.702353
0.504530
0.317089
0.420054
0.305790
2.349728
1.483758
-0.491201
0.516059
0.304779
1.367729
0.297120
2.069220
0.242129
1.176682
1.332672
1.135225
0.392934
-2.388771
-0.753396
-1.428860
0.931348
-0.945343
0.946861
-0.175563
0.792927
-0.358676
0.921786
-0.571278
0.190677
-2.113419
-0.192350
1.489211
0.314806
-0.090013
-0.020504
0.224462
0.349380
0.554995
-0.676277
0.009121
-1.277041
-0.467538
1.307053
-0.909017
-0.962735
2.977472
1.726839
-0.165371
2.238753
1.384107
-0.256294
2.280154
0.601690
-1.597343
-1.058400
-2.339747
0.397751
-0.754620
-0.440970
-0.803671
0.352069
1.184627
-0.215420
1.160446
1.779230
-0.580753
0.139789
0.507236
-0.572828
-1.462738
0.679214
1.668538
0.631361
0.091947
0.001613
-0.860652
0.536219
-0.040443
0.724419
0.393194
-0.687399
0.052265
-0.031427
-1.034808
-0.523122
0.099853
2.129292
0.279409
-0.565575
-1.163463
-1.903422
-0.434486
-0.088376
0.388573
1.108685
2.150592
-1.385234
0.045903
-1.815791
-3.213222
-0.888204
-1.728451
1.623940
1.950572
-0.113714
0.981884
-2.421931
-1.657652
0.051178
1.647683
0.278994
0.657700
-0.675584
0.969451
1.303542
-0.313831
-0.598530
0.303624
1.913019
0.719058
-2.435835
0.921644
-0.873035
0.464226
-0.634662
-0.946668
-1.887345
-1.231932
1.667891
1.372108
-0.698475
-2.387954
1.620901
-2.184954
-1.274192
-0.382435
0.975974
-1.011324
-0.217660
-1.128473
1.952622
0.558081
0.248786
1.777073
-1.348272
-0.002809
-0.229022
-1.627199
-0.888780
0.130133
-1.651742
-0.569672
0.051199
2.014249
0.439717
-1.318640
-0.560495
-1.840622
-1.941235
0.123418
-1.736772
1.913298
-0.729644
-0.435537
2.304670
-0.922041
1.072595
-1.548038
0.189985
-2.095413
-1.038135
0.088823
0.223435
0.889678
-0.332335
-0.139170
-1.279471
-2.095985
0.416234
1.204694
-0.811967
-2.293357
-0.679745
-0.094560
1.209568
0.283848
-0.737003
-0.508353
-2.291133
-0.553464
-1.963473
-1.245209
-0.212264
-0.495782
-0.660738
-1.169760
-3.835298
0.200405
-1.034279
-0.955896
-0.234610
-1.068672
0.284296
-0.427813
-0.557638
0.302796
-0.273366
-1.478199
-1.274772
-0.487616
-0.447968
-1.987815
0.356950
-0.410804
-1.566173
-1.895735
0.934047
-0.442997
0.162738
0.018484
1.056078
-1.870332
0.915065
-0.399533
-0.469828
0.577477
-1.551149
0.956312
1.003829
0.926497
-0.328315
-1.200483
-1.654743
-0.813544
-1.515307
0.550773
0.339734
-0.798176
1.170276
0.745517
-2.757131
-0.189342
-1.383569
0.176871
-1.051061
-0.255301
0.259952
-0.817220
0.107330
-1.300278
1.240436
-0.710104
0.337186
-0.141832
-0.196517
-1.043625
0.437932
0.291846
1.510593
0.219599
-0.730188
0.272848
-0.400896
-0.676278
0.127698
1.196034
-1.867895
1.476593
-3.488694
-0.526680
-1.027616
-2.084037
0.396233
0.554009
1.938889
1.330390
-0.743554
0.241011
-0.074155
0.897065
-0.415166
-0.213753
-0.219683
-0.493913
-1.077002
-1.185320
0.115984
1.309099
-1.024341
0.527569
0.134617
-1.126020
-0.664456
0.814673
-1.329444
0.523244
0.587437
-2.453577
-1.586433
0.300315
-1.194006
-1.754265
1.477068
0.601571
-0.263348
0.949901
1.333328
1.060176
1.550208
0.231199
-0.900359
0.082274
-0.546046
-1.326685
-0.982420
0.133344
-0.857386
-2.142211
-1.895565
-0.068050
0.776861
-0.661779
-0.708778
2.907155
-1.242785
-0.531798
2.796335
-1.243532
0.173484
0.036837
1.091151
-0.116420
1.315893
-1.337898
-1.685253
-0.668816
0.489311
-0.897664
-1.368869
-1.819971
-0.385157
0.720493
0.265363
-0.292503
-1.412864
0.977001
-0.037715
-0.017101
1.780190
0.179604
-0.273239
-1.409731
-0.435310
0.952257
0.033222
-1.881139
1.805287
-1.478581
0.855148
2.252546
0.312738
0.000494
-0.748382
0.559664
1.916469
0.831200
-0.010424
-1.081557
-1.759119
-0.157056
1.228660
-3.465456
0.330542
1.637750
-0.658909
-0.751163
0.931829
-1.649215
1.065910
1.023725
-0.067944
0.746882
1.126258
-0.014719
0.924103
0.294872
0.811703
-0.230468
2.781289
-0.569814
0.788879
1.198550
-0.205499
-0.322797
1.211341
0.527172
-1.038989
0.228522
0.228949
0.081403
-0.406064
-0.818750
1.374785
-1.468055
1.064972
-1.934005
0.828265
0.989399
-0.581870
1.802499
1.144565
0.713272
0.591868
-2.640814
0.548923
0.509793
-0.341703
0.704815
-0.296008
1.290117
-0.408989
1.516480
-0.650876
-0.983948
-0.840144
0.277435
-0.331397
-1.416578
-2.731006
-3.164713
-0.153500
-1.194803
0.823763
2.462303
0.738195
-1.971940
1.395815
0.906861
-2.348534
-0.336518
-0.263576
0.087460
-0.238387
-0.414243
-1.386041
1.343334
2.110783
-2.092016
0.077054
-0.672352
-2.456948
0.311225
0.371019
-1.627713
-1.940859
-1.177213
-0.099547
-0.984795
-1.852426
0.382370
-0.319889
0.793123
0.261829
-0.279205
2.402587
0.501002
0.199476
-0.088499
0.746411
-1.096622
0.794665
0.233034
1.444296
-0.964724
-2.314637
2.027723
1.493869
-0.829976
0.104190
-2.001613
1.059933
0.578488
-0.583568
0.986876
0.361981
-0.664079
-1.714540
-0.331253
-0.284119
-1.666655
-0.197999
0.721763
-1.647680
1.017401
0.334653
-2.103146
-1.295442
0.849590
-0.291144
0.257302
-0.376564
0.235807
1.787456
0.462268
-0.090244
0.034897
-1.102040
0.217291
-0.818661
0.169162
-0.677153
-1.334648
1.179770
2.978492
-2.170895
2.057990
-0.367632
0.480005
0.693132
-1.920619
-0.081789
0.188197
-0.757040
0.654217
-0.944024
1.358976
0.694473
0.874702
-0.177331
-0.582922
0.307922
2.195339
-0.907438
0.866449
0.081588
0.333563
-0.013848
-0.910420
0.423336
1.108705
0.098271
-2.483628
0.037413
-1.797912
-0.582003
1.340610
0.208824
-0.515428
-1.013297
0.657912
-0.941925
-1.677433
0.710789
-1.309491
-1.301626
1.703222
-1.066417
0.104061
-1.150436
-1.365817
0.416505
0.117767
-2.443928
-0.195266
-3.293998
2.476884
-0.408690
-0.634141
-1.976588
1.185298
0.521849
-0.099643
-1.740489
-0.058359
0.685506
-1.478248
-2.079744
-0.415204
1.186374
-1.958285
3.059434
-2.031201
1.316751
-0.156345
-0.214739
0.576197
-0.191992
0.170199
-0.905745
1.736848
1.881596
-1.414384
0.659252
-0.809355
0.799154
0.647471
1.765179
0.222153
-0.532299
1.995639
0.263042
1.339291
0.321437
-0.756474
-0.593387
-1.060728
-0.085450
0.603367
-1.107760
-1.203651
-2.067354
-0.283180
-1.103970
-1.031147
1.102214
0.431690
-0.074735
-1.127427
-1.243228
-1.533419
-1.426717
-0.604782
-0.872662
0.382220
0.958045
-0.292990
0.511685
0.420455
-0.123483
-1.421726
-0.060936
-0.704354
-2.563080
-1.889642
0.682836
-0.493906
-0.502829
-1.419056
-1.766498
-2.620777
1.716743
0.503520
0.360967
1.126816
0.997735
2.857842
-0.066889
-1.191908
2.035975
0.332228
-0.835220
1.524636
1.301499
-0.312539
0.266478
1.849977
1.557088
-1.356787
-0.852668
-1.096720
-0.132492
0.142286
-1.319508
0.236714
0.146341
-0.372022
-0.378918
0.750528
0.426960
-1.151280
0.002265
-0.083769
-0.451442
-2.782293
0.311823
-0.450367
-1.578276
2.102037
0.678239
1.755464
-1.428732
1.315323
-0.129916
1.349770
1.093779
0.130509
-0.506335
2.119668
-1.414410
-0.729656
0.350175
-0.362191
-0.467923
0.377300
0.156753
-0.045443
-0.748274
-0.982264
2.377463
-4.270476
-0.893693
-0.576368
-0.557707
-1.455338
0.790672
0.273526
0.650457
0.377615
-0.501972
1.087857
0.402693
-0.712865
0.011327
-0.720643
-0.382352
0.723073
0.024533
1.388478
0.402156
1.464788
1.006007
-0.851672
-0.810246
-0.049574
-1.717464
-0.151659
0.088427
-1.337125
-1.949581
0.902373
-2.469165
-0.022511
0.224883
-2.489411
-0.659805
-2.788803
-0.545539
0.405750
0.362257
-0.812727
0.255671
0.507001
0.449221
1.390162
-0.897528
0.391696
-1.419012
0.033541
-0.700109
-1.810061
-0.842684
1.560367
2.534520
0.183878
-0.584656
-2.093720
0.873921
-2.671172
-0.471714
-0.614502
-0.770508
0.010296
-0.302679
-0.269683
0.228922
1.179427
0.265271
-0.768408
2.549541
-1.278226
-0.148614
-0.340218
1.679357
-0.533650
0.259441
-1.486168
0.480753
1.734654
-1.429360
1.886559
0.547186
0.702081
-0.759734
-1.401420
-0.951011
2.306329
-1.347161
-2.980246
-1.347340
-0.989349
0.098646
-0.302927
0.586788
0.850577
1.655323
0.414259
0.087629
0.770935
1.447690
1.710547
-0.236260
2.410427
-0.646104
1.007457
-0.138923
-0.002590
-0.078682
0.555782
-0.943832
2.334797
1.514102
-1.279325
-0.325294
1.457709
-3.151754
-1.328026
-1.776880
-1.079189
-0.446067
-1.937014
-2.781319
0.287894
-0.960950
-0.784544
-1.351986
1.301794
0.434173
0.147586
0.435693
-1.556249
0.058384
0.573053
-0.273850
0.660790
1.505362
1.233323
-0.707177
-1.264984
1.401749
0.016815
-0.518861
-0.968584
1.523130
1.383223
2.030875
0.285271
1.271544
1.182147
-1.398260
-0.248109
-1.084099
0.773382
0.850373
0.183409
-1.005202
-0.324487
-0.684852
0.323563
0.188098
-0.168920
-0.289039
0.140318
-2.118421
1.222440
0.313701
-1.267970
0.313363
0.198919
-1.614291
-1.076416
0.493634
0.224330
-1.899739
0.778269
0.047949
-1.150516
-1.097792
2.200943
0.264099
1.308917
0.722283
-0.953281
0.100048
-1.402119
-1.253793
-0.292470
-1.967735
-0.041391
-0.249245
-0.253432
0.025809
1.593704
-1.504332
0.320607
-1.288496
-2.004512
0.719000
0.281594
-1.663806
-0.338093
0.085775
0.255589
0.487735
0.010681
2.632862
-0.472159
-0.206087
0.148141
1.303454
-2.679685
1.237432
-2.728278
-0.238463
1.685541
0.669355
-0.891838
-0.834575
-2.450815
-0.484851
0.770680
-0.195431
1.285937
-1.040879
-0.023526
0.237969
-1.311305
-0.078344
1.538236
0.939325
0.330144
1.048361
-1.354864
0.378367
0.495619
1.166746
0.135352
-1.087452
2.318430
0.578484
0.370612
-0.635372
0.091081
-0.159001
0.695152
-2.083856
0.653343
-1.091359
0.306067
0.542656
0.527344
-1.978784
1.258510
1.078666
0.559792
-0.730222
-1.265519
1.183406
0.965632
0.930125
0.320224
-1.153358
-0.520248
0.067031
-0.522041
0.401383
0.979914
-0.645849
-1.095545
0.729435
0.965394
-0.031168
0.468616
0.524944
1.330161
1.355992
-0.299197
-0.228016
0.441327
0.273222
-1.334923
-0.928096
-1.087538
2.578795
-0.624173
0.307298
0.147819
1.090936
-1.973313
-1.930902
0.982576
-0.509687
-0.914911
0.534699
0.081458
0.647517
0.714693
2.223349
-2.028665
1.313137
-2.042950
0.724751
-0.393683
-0.330386
1.299314
0.766413
-0.383176
-1.965722
-0.257850
-0.751400
-1.444248
-1.359931
-0.638459
1.707224
0.313884
-0.645883
1.618467
1.600917
-1.696403
0.786575
-0.391291
0.978165
-2.727680
1.851180
-2.550875
-2.049713
-1.095547
-0.411918
0.597149
1.545697
2.695413
0.936210
-0.563700
-0.480423
-1.965749
-2.151760
-0.420544
0.053867
-3.893888
-0.352768
-0.254863
-0.024461
0.407814
1.038556
0.084487
-1.364135
-1.115359
1.143324
-1.805166
-1.772230
-0.651130
0.355482
2.040215
1.095062
-1.377065
-1.098232
0.437102
0.455961
-0.811381
-1.162870
1.735184
-1.397712
-0.691218
2.536404
-0.256643
1.491266
0.071724
0.859488
-0.952486
-0.692248
-1.777116
0.789599
0.248044
-0.285428
0.297175
-1.210558
-0.092673
-0.413914
0.620470
0.963055
1.047090
-1.751825
0.142129
1.042240
1.001515
-1.599010
0.454806
-0.539720
-2.716726
-0.434208
1.074624
-1.304170
-3.055419
-0.008900
2.815486
-0.417276
0.945728
1.011877
-1.345841
1.233307
0.172064
-1.275342
0.073624
0.243988
1.362563
-0.372044
-0.734524
1.949150
1.114124
0.228511
0.558878
-0.282470
0.375638
0.612314
0.577542
-1.181776
-1.053083
1.807046
2.187030
1.931203
-0.392556
-1.425327
-0.767964
0.633746
0.072485
-0.216648
-0.479672
-0.482524
0.396593
1.081047
1.314874
-0.050298
0.150876
0.145748
-2.066882
0.154790
-1.382571
0.825843
-1.120566
1.182329
0.333738
1.022644
1.454088
-1.289179
-2.089365
-0.475371
0.246818
0.645907
-0.931005
0.863766
0.033311
-1.480882
-0.267201
2.203995
-1.401574
-0.710579
2.008005
-0.703383
2.961673
0.679777
-1.721010
-0.471772
0.997660
0.799807
0.542692
-0.700913
-0.481032
1.243921
1.482094
-2.158015
0.453882
-0.461488
1.227918
-0.485613
1.870563
0.477843
-0.275426
2.334270
1.368139
-2.693050
1.118282
0.031778
1.649557
0.530345
-1.619234
2.190120
-0.695704
-0.164739
-0.540648
1.232820
0.585386
0.992062
0.656607
2.185831
-0.982976
-0.758578
0.713196
-0.176568
0.227842
0.980194
-0.747688
0.317602
1.025209
-1.272693
1.635020
-2.219847
-0.250187
0.903461
-1.030934
-0.794422
-2.268462
1.184047
-0.120635
-0.389241
-0.679612
-0.794826
2.053613
-0.800275
-0.805251
0.346610
0.031791
-0.302917
0.116145
-1.244851
0.101233
1.790176
-0.522965
-0.595963
1.911874
-0.155855
1.183083
1.084082
-0.082292
0.947630
-2.493790
-0.962688
2.344197
1.486387
-1.025024
-2.404229
-0.319301
0.383093
-1.389255
-1.155841
0.812446
0.420824
-1.196432
0.543993
1.291584
-1.539768
-1.786296
0.757332
-1.361226
0.069610
0.863173
-1.966065
0.676461
1.083728
-0.630025
0.722849
1.524876
1.219896
1.439346
-0.122598
1.592306
-0.460648
0.410985
-0.136954
1.948193
0.658224
-0.686863
0.458464
-0.146215
1.069160
0.026735
0.574393
0.028437
1.091225
0.352088
0.835212
0.537674
1.039795
-2.290550
0.539900
1.675164
1.964040
-0.718260
-0.557592
-0.139751
-2.058126
-1.111181
0.319295
-1.914586
-0.720367
-0.639774
1.450236
-0.012733
-0.733841
1.409328
0.697759
0.311231
1.685413
-3.565050
0.481723
-0.027553
-1.949566
-0.347780
-0.706831
-2.439526
0.128267
-0.923521
0.604819
-0.192463
0.319785
-0.342479
-1.175656
0.527039
-0.663342
0.436462
-1.652536
-1.795561
0.414265
0.218184
-1.385452
0.312149
-1.504055
1.096194
-0.705909
0.222265
0.687635
0.772177
-1.610189
-0.173934
-1.103790
0.305530
-1.976943
-1.314176
-0.836458
-1.328113
-0.257773
2.088424
-1.243102
1.107121
-2.474662
-1.369207
0.098909
-0.294563
-1.016570
0.861894
-1.171166
-1.578127
0.308725
-0.032819
-0.581981
-0.647791
0.599822
-0.352945
-0.704757
-1.183628
-0.108611
0.751543
-0.206252
-2.676912
0.170383
-1.386169
0.216746
0.398320
0.849065
0.552173
2.223438
-0.531876
-1.252706
-1.383579
-1.395046
-3.153331
-0.697993
2.015083
2.395070
1.312071
-1.206611
-0.227288
0.322315
-0.842368
-0.272502
-0.130179
-1.614298
-0.388864
-0.576674
0.618703
0.140013
-2.137553
0.133930
-0.696345
-0.815858
1.198834
-0.655838
-2.600783
0.153689
-1.573768
0.368235
0.067396
-2.205127
-1.051755
-0.463858
-0.147046
-0.423087
-0.075687
0.927779
0.241551
1.201328
0.790862
-1.101157
-1.598194
-0.071791
-1.952378
1.139389
0.199954
0.018241
1.272796
1.621927
0.548841
-0.825716
0.311024
-2.719823
-2.295568
-1.978117
0.690439
0.575905
0.552362
0.140655
0.490275
-2.522283
0.145206
-1.244605
-0.056815
-1.093922
0.075279
-0.762697
-0.790970
-1.229804
0.395395
-0.192930
-0.650541
-0.379837
-0.360457
0.626417
-0.291305
-0.233168
1.674503
-0.426172
-0.894636
-1.876344
-3.051431
-1.452539
-0.496060
0.868655
-1.436674
1.336714
-1.821641
-1.050119
1.284520
1.841727
-0.428180
0.220085
0.794890
-0.501772
-0.783289
0.411398
-0.330836
-1.221321
2.259759
-1.620657
0.276948
-0.465797
-0.862720
-0.000647
-0.693089
0.333099
1.016612
-0.365537
1.127745
0.905114
-1.179678
0.828721
-0.979597
-0.323884
0.792890
0.662371
-0.206023
1.018754
-0.839504
3.096981
0.303145
-1.084055
-0.754353
-0.614073
0.252152
-0.678960
-0.662679
-0.487616
-0.937685
-0.643202
0.632939
0.194239
1.030594
-0.741632
0.371872
0.894321
0.105460
-0.636907
-1.376668
-1.387214
0.743316
0.300736
-0.020782
-0.264762
0.767932
1.503747
-0.679835
0.073773
-0.163081
-1.389888
0.397918
-2.973054
0.163221
-0.655727
-1.863558
-0.366546
0.526022
-0.999366
-0.057396
0.623909
-1.304268
1.052242
1.459877
1.704177
1.268034
0.198498
0.024162
4.750802
1.201097
-0.760986
-1.564819
-0.874111
-2.282784
0.198990
0.152443
0.250981
1.691914
1.937640
0.784904
0.039404
1.754218
-1.811915
1.442814
-2.179926
-1.533670
-1.343037
-0.254016
-0.081575
1.738191
0.467844
3.067713
0.412775
-0.890514
0.915063
2.407031
0.465535
1.440608
2.472243
0.397879
-0.527830
1.677745
-0.251318
0.286549
0.270634
0.339679
-1.006469
-1.008516
0.540796
-1.430021
-0.567834
2.278366
-1.011601
-0.558716
1.248519
-1.913618
-1.644781
-0.419259
-0.605870
1.926501
-1.885123
-1.928718
0.192289
-0.726052
-1.872155
0.640658
0.508686
0.451786
0.347385
0.079760
-1.908591
-0.575316
-1.212723
-0.131180
-0.171495
0.069713
-1.115351
0.053901
-1.368929
-0.124899
-1.862211
-1.105764
0.405341
2.002095
-2.316526
0.824220
0.482904
0.238285
1.164434
1.581067
-0.086002
0.936451
0.170264
0.644042
-0.143836
-1.294819
-0.800822
0.193241
0.266687
0.309382
-0.256021
-0.730668
1.376928
1.170083
-0.741036
-1.498409
-0.198217
-1.289211
0.253531
-1.168179
0.378840
1.091575
-1.230431
-0.707734
0.130970
-0.218158
-1.941823
-0.471948
2.212512
2.122650
-1.119305
2.012978
2.138544
0.057463
1.053182
0.416255
0.322024
0.322810
-0.866342
-0.427694
1.555102
-1.321950
-1.046144
0.481824
-0.388628
-0.209967
0.168980
1.759478
0.560804
-1.914330
2.702956
0.915515
1.441244
-0.720065
1.334702
-1.198772
-2.749231
0.292159
-1.143484
-1.630377
1.310871
0.077169
-0.394476
0.937977
1.143601
1.615808
-0.658466
0.663811
-0.921516
0.282596
-1.216326
-3.195960
1.114866
-0.028518
0.464736
0.334513
-1.161667
-1.255635
-1.119346
-0.929883
-0.330054
0.364749
-1.174340
-0.560518
0.475445
0.880767
-0.100140
0.452543
0.757070
-0.338727
0.645900
0.795482
0.238693
-1.215277
-0.772316
-1.201726
0.113664
-1.060914
-0.719948
-0.438923
-0.152399
0.877313
-1.547937
-1.585869
2.318045
1.134147
0.540653
-0.126081
-0.975141
-1.644385
0.978471
-2.109340
1.738942
-0.529969
-0.814334
0.493280
0.903339
-2.546559
-0.142451
-0.947784
0.859261
-1.561428
-0.956698
0.944528
0.289941
-0.297937
-0.023796
-3.204679
1.518035
-0.370932
0.705868
-0.797306
-0.417340
-0.215330
0.620149
1.461721
0.889459
0.527441
1.472113
-0.326276
-1.045610
-1.197709
-2.025318
-0.014436
-1.089801
0.616547
-1.217539
-1.030775
0.119040
1.626648
-0.122327
-1.244005
-1.478177
-1.036013
-0.698296
0.899614
0.006047
-0.837203
0.839932
-1.049313
-0.219131
-0.986954
0.096957
-0.382744
0.580028
-0.208274
1.998637
-2.717258
-0.021746
0.683872
-0.902785
1.436082
1.944677
0.545640
0.104439
2.220556
0.192617
2.367016
0.739366
0.658766
-0.269589
-2.087735
0.488008
1.282885
0.147086
-0.153782
-1.686899
1.853525
-0.764831
-0.877606
0.288213
-1.075840
-0.435370
1.662590
0.863335
-0.348269
0.464554
1.374612
0.262227
1.275723
1.874811
0.082631
0.645275
1.260869
-1.041401
2.652633
1.403821
0.643815
2.465987
0.975793
-1.309091
0.756789
1.408305
1.071313
0.181508
-0.630644
0.177426
-0.837149
0.387645
0.493822
-0.298629
-0.700763
-0.270493
0.454633
1.042957
-0.112810
0.396362
-0.783223
1.800720
0.515397
0.759497
-0.662956
1.729955
0.882468
0.641761
-1.481413
-0.503792
0.727379
-0.375507
0.319178
-0.339976
-0.712235
-1.476224
-1.384076
-0.777445
0.333774
0.011165
-1.009992
-0.507430
-1.118850
-0.474391
3.303451
-2.318634
-0.035501
3.269639
-0.946593
-1.495488
1.541909
-0.812216
-1.243564
0.478647
1.391835
1.929195
-0.233803
0.962298
0.259478
-0.427600
-0.534224
-1.082888
-0.197313
-0.090170
0.426778
-0.611550
-1.674446
-2.980528
-1.641773
1.186845
-0.809199
-0.090841
0.514185
-0.331791
-0.470201
0.539965
-0.330482
-0.185959
-0.922516
0.373860
0.039762
0.959111
0.474534
0.297219
0.645930
1.669407
-0.498095
-0.630684
-1.142724
-1.526570
-0.975616
-0.930946
-0.540788
-1.365883
-0.017037
0.217819
-0.968676
-1.339108
-1.242322
-0.490256
-0.372516
-0.929585
-0.078123
-0.523727
0.028138
0.190320
-1.790900
-0.553217
1.064890
-0.276298
1.562880
-0.260337
1.576508
-0.363971
2.588972
-0.493583
1.427380
0.294963
-1.328805
1.252115
1.279416
-1.173635
-1.386018
1.452563
-0.121850
0.534085
1.806464
-2.474537
-0.225235
-0.732539
-0.137903
1.173405
-0.351580
-0.865419
0.476410
-0.491111
-0.555908
-1.050482
1.186486
-1.936915
1.566790
-0.274943
-0.623670
-1.082141
0.799111
0.461607
-1.102338
0.859913
-0.846691
0.936921
-1.718499
-0.877584
1.042230
-1.121202
-2.188832
-0.785873
-0.394945
-0.883609
-0.469394
0.916428
0.781852
-2.527555
0.325877
-0.013038
-0.047424
0.018522
1.177031
-0.886223
0.548442
-2.246017
0.619982
0.178986
-0.304547
1.237505
-3.091904
-1.959518
2.659069
1.321954
-1.704826
1.011670
-0.362897
-3.267217
1.827285
0.154078
-0.837322
-0.161910
-1.950607
0.580079
1.385728
1.847944
-0.331251
-0.339523
0.559007
1.264672
-1.014457
-1.051241
1.972001
0.126825
-0.599247
1.950023
1.028712
0.285623
0.150078
0.799973
-1.039322
0.445555
0.497777
-0.737160
-1.098356
0.676492
-1.245209
-0.702835
0.546684
0.106985
-1.521073
-1.289633
0.269316
-0.085961
-0.556419
-0.613187
0.348210
0.656740
-2.351753
0.673576
-1.583785
-0.452228
0.637751
2.085405
0.689577
-2.472475
0.089965
-0.308459
-0.660768
-0.616141
-0.874835
2.293498
-0.012573
-0.475476
-0.321760
0.514902
-0.437582
-1.053756
1.631251
0.048800
-0.951640
-1.419594
-1.380842
-2.349843
0.275590
0.263269
0.872169
-0.647150
-1.276017
-1.080129
-0.275876
-1.343336
0.884136
1.389755
0.911461
1.400426
-1.643016
-0.689289
0.525422
0.417380
-0.556227
0.188492
-0.645206
-1.017769
0.918495
-0.157681
0.187109
1.408995
-0.809770
0.890440
0.120637
0.714216
-0.890180
1.119818
0.053531
-0.694629
-0.026524
-1.574368
0.666074
-0.380005
-1.711711
-0.112910
-0.225897
0.077020
-0.427439
-0.440829
0.476624
-0.345859
-0.636190
0.477006
-1.292005
0.854954
-1.366313
0.642415
1.770833
0.852318
-0.887680
0.789477
0.006852
-0.725569
0.355471
1.554284
-2.407980
-1.051502
-0.221822
-0.351214
-1.076320
-2.334299
-1.203955
-1.102167
-1.044764
-0.908927
-0.726911
-0.048391
-0.864136
0.388376
-1.058768
0.299201
0.632600
-0.774978
1.077576
-1.516699
0.077074
1.309588
-1.729363
1.257525
0.398749
-1.466938
-0.352647
-2.646352
1.187011
1.105724
-0.496603
1.569737
0.434726
0.555830
-0.066357
1.297012
0.085090
2.402176
-1.920483
-0.692948
-1.168915
0.313869
2.138478
-0.917993
0.948645
0.272920
0.549517
0.110748
-0.065273
0.122740
0.992254
-0.839511
-0.522446
1.294386
-2.075792
-0.075664
-1.065611
-0.165622
-1.345908
-1.938819
-0.766182
-1.504375
-2.964791
2.268121
-0.729666
-1.400693
-0.986504
-0.737803
0.018284
0.589803
-1.124116
-1.350600
0.575665
2.116559
-1.453424
-0.322840
0.415569
-1.107304
-1.469278
2.287737
-3.098961
0.002287
-1.079806
-0.456850
1.248690
0.118892
0.709960
0.418460
0.549071
-0.251739
2.094318
-1.008279
1.476604
-0.572772
-2.540282
-0.175094
1.248736
0.744012
0.879107
-1.020081
1.244066
0.032789
0.868769
0.035824
1.339868
-0.715680
-1.518492
-0.540323
0.556935
-0.017046
-0.297850
-0.427520
-1.374043
-1.714843
-2.203933
1.353080
0.138782
0.572722
-1.377882
-0.232042
0.965191
0.057601
0.576017
0.080501
-0.072748
-2.425299
1.584996
-0.793563
-1.251900
-1.300217
-1.181658
0.071551
-1.689698
-2.091454
-0.373808
1.751866
-1.049358
1.729498
-1.090318
-0.154357
-2.718481
-0.039748
-1.919600
-0.968954
0.257035
0.468563
-0.587420
-0.154733
-0.931553
-0.435284
2.488506
0.035108
-2.784784
-0.953830
-1.028452
-0.095130
-0.511677
-0.963878
-0.800137
0.138446
-0.876116
0.354568
-1.007456
-1.047166
-0.510152
0.880483
0.172511
-1.084111
-0.588484
-1.057531
2.687728
-0.576300
-1.735645
-0.062802
-0.982023
-0.721232
-0.981024
2.012414
2.694344
0.068338
0.510453
-0.985091
0.365046
2.099973
1.216355
-1.395079
0.642438
0.214571
0.614141
-1.061223
0.681760
1.255394
-1.891956
0.115733
-0.180493
1.026119
-0.371172
-0.118685
-0.540706
-0.160037
0.137746
1.292423
0.241087
0.878056
-3.239853
0.168536
-0.329244
-0.390386
0.407650
-2.125447
-1.541516
-0.499829
-2.485704
0.258954
0.269257
0.274320
1.243010
1.188578
-1.254861
1.176918
2.327630
1.729716
0.075765
-0.760258
0.328405
0.802477
0.813226
-1.995057
0.453007
0.841077
-0.001926
1.296914
-0.511642
-0.949009
2.144237
0.782226
0.279449
1.014918
-1.012921
-0.815148
-0.252055
0.374198
1.471233
0.976092
0.649754
1.174556
-1.570161
-0.896151
0.434586
0.290059
-2.205514
1.207990
-1.009990
0.196968
0.146667
1.922919
-0.405297
0.312000
1.111849
-1.087517
1.010074
1.870141
0.255319
0.278267
-1.923234
-1.068407
-0.856249
-2.604320
0.230555
-1.022926
-2.653674
-1.762530
0.323221
1.458823
1.124073
1.577830
1.043990
2.221947
-0.939283
-0.688254
1.898054
-1.293346
2.438972
1.042354
-0.070897
-0.310928
-0.780023
1.749374
-0.332460
-1.681306
1.247887
-2.305443
-1.219612
1.380632
-0.595943
1.356620
2.524886
-0.569796
2.260786
-2.035524
0.526777
0.052045
0.162757
1.210217
-1.448130
1.006673
-1.282136
1.547155
1.638521
0.965309
0.783683
0.146346
-0.270586
-2.817323
0.796375
-0.826033
-0.371117
-0.294886
1.584747
1.570105
-0.994047
1.327329
-0.203486
-2.741103
-0.678370
0.688236
-0.308831
0.246180
-0.870754
-2.321808
0.274256
-0.228116
-0.054632
0.273516
-1.022923
-2.666846
-1.410248
-1.441816
-1.561662
0.020654
-1.452189
0.733016
-0.001658
0.440884
-0.203923
0.608843
-2.019939
0.537101
-3.276394
1.419237
0.638612
0.608646
-2.059167
-3.082481
-0.604609
1.641242
-0.882080
-3.227700
-0.694109
0.801707
-1.253111
1.940047
0.580323
-0.191274
-1.326868
1.041011
-1.096279
-1.084520
-0.479898
1.177163
-0.042553
-2.315026
0.810134
1.461195
0.815833
-0.116399
-0.555891
-1.883679
-0.461602
-0.043370
0.454853
0.427484
0.206239
-1.293672
-1.128869
0.713472
-0.746419
-0.370228
0.903745
0.352720
-1.150974
-0.200358
-0.136094
0.718672
2.014140
0.110851
-0.053397
-0.310600
-1.706513
1.241155
0.540123
-1.198219
-1.224028
1.024866
-0.065330
-1.949804
-1.933647
-0.652263
-0.902358
-1.269971
-1.615908
-1.613141
0.195941
-0.970061
-0.495655
-0.364447
-2.980892
-1.020179
-1.584439
-0.187980
0.566903
1.064445
0.179166
-4.012159
-0.023652
0.450021
-0.108975
-0.167087
-0.547457
0.183288
0.830336
-0.435845
0.569855
-0.216738
0.678256
-1.758518
3.686546
0.027646
-1.890717
0.577829
0.360721
-0.035799
1.308884
-0.765045
-0.455226
-0.189674
1.248275
0.102475
0.683125
0.923396
-0.374594
-0.466147
0.941824
-0.993079
0.779602
1.314122
0.965280
0.950804
-1.018619
-0.050829
-2.937318
0.337934
-0.448006
-3.081535
0.007865
1.273724
-1.340688
-1.496009
-1.603480
0.586741
-1.920635
-0.845690
0.693304
0.987359
1.820299
-0.424908
-0.641776
-0.833036
-0.229802
1.038625
-1.803092
1.051818
1.705238
-0.953957
-0.459277
-2.108363
-0.924450
-0.365794
0.551114
-1.366274
-0.760620
-1.236171
1.002726
2.192245
-1.904684
1.230248
1.943897
-0.176361
-0.224698
0.487373
0.369377
-1.511655
1.439155
0.520715
0.471451
-0.628241
0.609854
-0.153684
-1.736343
0.957712
0.741896
-1.008842
0.028684
-1.750082
-0.743267
0.342461
-1.208768
0.666849
-0.810011
0.739532
-1.043720
0.595515
-0.349833
3.601234
0.757234
-1.434779
3.123547
-0.371636
0.579049
-3.137827
-0.782975
-1.310634
-0.517844
0.306860
1.909644
-1.107298
-1.309253
0.434729
-0.038199
-0.896976
-0.374921
-2.050332
-2.090070
0.984121
-0.469358
-1.115145
1.159953
-0.705482
-0.203274
-1.197816
-0.344148
0.154692
0.302693
-0.016700
-1.406539
-1.813217
-0.431987
-0.140666
0.881699
-1.703581
-1.329327
0.574664
2.661533
1.201645
0.703909
0.810922
-0.198690
-1.273956
0.822024
-1.852672
-0.678808
2.493245
-1.062835
0.534393
-0.230584
1.958654
-0.903246
3.046396
-0.066194
-0.417408
0.992536
0.788174
1.684427
0.140940
-0.356998
0.278084
1.025104
-1.220255
0.024512
0.359970
-1.137150
1.329167
0.437024
-0.804545
2.097927
-0.841956
-1.293885
-0.506898
-0.194209
0.125961
-0.457083
-0.382386
-0.871274
0.305181
-0.979620
-0.306471
-1.704871
-2.612093
-1.122220
0.024588
0.347626
0.013417
0.178406
0.218553
-0.651227
-0.951068
-0.423224
-1.464170
-1.369925
-0.723096
-0.066258
0.637636
-0.392850
0.284235
-1.206873
-1.158272
0.272990
-1.231588
0.089532
0.023257
1.738759
1.287480
0.651868
3.688527
0.592967
0.323430
1.152997
1.332829
0.094631
1.248849
-0.381869
0.692993
-0.396446
1.491023
-1.235592
-0.331415
0.696070
-0.949141
-2.287358
-1.258441
-0.235314
1.170594
-1.827927
0.779035
-0.702111
1.320612
0.490423
0.726617
0.140504
0.470298
0.405113
1.894575
-1.097879
0.023344
0.954451
0.410883
0.095742
-0.561478
-0.570545
-1.398825
1.309409
0.100490
1.678775
1.207821
0.960471
-0.980397
-0.050184
0.908511
-1.490441
0.943033
0.294314
-0.441036
0.031572
0.549720
-0.901968
1.505602
2.994884
0.286119
-0.341640
-0.498364
1.903738
0.648075
-0.318156
2.442604
2.384405
-0.852503
1.247921
0.190927
2.202774
0.664129
0.565517
0.071917
-1.006493
0.691404
-0.555958
-0.175806
-1.112267
0.551187
-1.622046
-1.115030
0.159932
-0.017377
1.703537
-1.282277
0.957588
-0.484994
-0.754670
0.443940
0.657394
-1.193470
1.701889
1.058949
0.402140
1.438829
1.826257
0.395732
2.442101
-1.004248
0.282478
0.963827
-0.472521
1.076069
0.761493
2.125935
1.772560
0.273013
-0.919178
0.149204
-0.850082
-1.060907
1.470764
0.578749
-1.511650
-1.197054
-2.147483
0.632629
-0.795582
-0.904569
0.600370
-1.390358
-2.476503
-1.177668
-0.528222
1.037455
0.852144
0.247723
0.567878
-0.022801
0.029486
0.259128
1.838362
0.429634
1.582262
2.350439
-0.712301
-1.069483
-0.727420
0.678349
0.095683
0.575809
0.024497
0.176502
-1.424153
-1.595787
1.442199
-1.218105
0.485834
0.705544
-1.174307
2.240075
-1.060856
2.398922
1.347833
1.149280
0.407308
0.096376
-0.187255
-0.551900
-0.495670
-2.307108
-0.977004
-1.219610
0.089505
-0.103466
-1.686754
-2.069210
0.598700
-0.505830
-0.431159
1.815319
-0.833518
0.621670
0.769900
-1.226783
1.216141
-2.040063
-0.206169
0.519302
1.332537
0.415058
0.180599
0.538326
-1.174507
-1.339034
-0.665589
0.295441
2.210366
-0.853429
-0.514471
-0.126356
0.128585
0.160950
1.412351
0.556080
-1.234444
-0.311492
2.303120
-1.218611
-0.720477
-2.550334
-0.116430
0.284516
-0.873757
1.058924
-1.477372
0.595491
-0.869973
2.338417
-0.900590
-0.189471
-0.543379
-1.818252
-0.206817
0.113928
0.293910
-0.632084
-0.722746
-0.318666
0.395300
0.705042
0.963795
-1.992186
0.004563
2.155986
-0.949184
0.765593
0.812110
0.567928
1.061773
0.383769
0.596884
-2.233703
0.054275
-1.232218
0.606469
-0.647455
0.673545
-0.399889
-0.853549
-0.378320
-0.281419
0.497992
1.443251
1.317398
0.280179
-1.202209
0.597542
-0.026541
-1.991996
1.303667
1.542831
-2.603943
-0.001038
0.829545
-0.960951
1.329583
-0.565157
-0.903340
0.528986
-0.428749
-0.132690
0.154138
2.043631
2.354759
0.682851
-1.592183
0.241902
-0.031372
-1.142388
-0.745983
0.429124
-0.646054
-1.861026
-0.164810
0.180833
0.858052
-0.481640
-0.928035
0.031072
-2.506957
-1.928629
1.819471
0.521093
1.488352
1.425077
-0.606163
-0.812443
2.727735
-0.347227
1.221175
1.284687
-0.528156
0.409913
1.078652
1.187697
0.228433
-0.851445
1.109740
0.264955
-1.600786
1.146223
0.548034
-2.547616
-0.214007
1.443404
0.573046
-0.716067
-0.204185
-1.425060
2.582741
-0.196206
-0.481692
-0.180992
0.096118
-2.131123
1.601893
-0.014008
-1.931298
2.115799
-0.261571
-1.873304
-0.304348
-2.036033
-1.519447
0.227597
-0.010037
0.035735
1.036652
-0.698485
0.910743
-0.522151
-0.312463
0.394250
-1.638263
1.948617
1.066027
-1.582384
-0.863390
1.846518
0.096510
-0.817956
-0.040492
-0.971636
-0.378254
-1.034596
-1.299532
-1.736180
0.099217
-0.025702
-0.428737
0.521792
0.766466
-1.334851
2.436161
-0.858455
-1.216097
0.393820
-1.218855
-0.772350
-1.017254
0.474845
-1.758723
-0.277050
0.323421
-1.112049
-1.823541
-0.874770
0.165758
-0.338703
1.527153
-0.663835
0.922708
1.447846
-0.260135
-0.782964
1.633191
-0.418991
-2.352508
1.568297
1.065169
2.086633
-0.255678
0.003496
-0.426998
-0.066781
0.612018
-0.980918
-1.469019
-0.635513
0.965742
0.737999
-0.113445
-1.447337
-0.955772
-1.368366
-1.528435
0.273593
0.421496
-0.346526
-0.661085
0.238580
0.531164
-0.046886
-0.192090
-1.688720
-0.009243
-0.530027
-1.352021
0.036892
0.057470
0.530761
-1.079531
1.096789
0.234293
-3.389110
-1.392821
-1.132355
-0.359070
-0.717468
-1.168194
-0.295285
1.253497
0.558420
0.859949
0.813098
-1.409523
-0.719887
-0.578944
-0.356034
0.347941
-0.171799
-0.258878
1.865851
-0.568670
-2.332882
1.407519
-0.455694
0.055635
-0.244617
-0.159809
0.534437
2.902522
-0.740511
-0.387329
1.002286
0.732227
1.105182
-1.136997
-1.111315
-1.377940
0.365778
1.070598
-1.932269
0.863486
1.971443
1.153173
-0.734840
-0.327899
0.528642
-1.311797
0.911307
0.252184
-0.001057
0.761364
1.142240
-0.099336
-1.294369
-0.787117
-0.352838
-0.199904
0.142829
1.134956
1.160287
0.083930
0.921912
-1.012055
-1.238201
-0.276292
0.679849
-0.140571
-0.641241
1.149125
0.356365
-0.443090
-2.036149
-1.021900
-0.733750
0.420390
1.315366
-1.101665
0.187223
1.256591
-1.820220
-0.765891
-0.643141
-2.291203
0.050127
-0.173375
0.362310
-0.801897
-0.889880
1.510156
0.062993
-0.507443
1.473737
1.361955
-0.760830
0.294632
0.103995
-0.438705
-0.759045
-0.558512
2.861938
-0.549938
-1.982558
-0.181443
-0.839447
-1.893670
-2.255883
-1.171914
-1.016652
1.138884
0.639791
-0.605017
-0.575531
-0.993421
0.351546
-1.361105
-0.067365
-0.118074
-2.008712
0.074331
-0.708174
0.767445
-0.072189
0.025137
0.908196
-0.181836
1.422189
-1.355261
1.841592
0.319760
-2.897448
-0.152777
-1.502801
-2.119962
-0.741581
-2.475437
-0.794866
-1.092388
0.934068
1.543743
0.637589
1.514222
1.195811
-0.008687
0.199026
0.065247
1.631122
1.677893
0.234787
1.509634
0.616660
0.521318
-1.660174
0.482736
-2.261433
-0.685286
-0.292407
-0.000164
-1.269605
-0.863170
-0.997868
0.487027
1.185495
0.517034
-1.852552
-0.656902
-1.207099
-0.771115
0.786836
0.190469
-1.544915
-0.028781
-0.102888
-1.002408
0.040873
0.348457
-0.785669
-1.587087
0.648813
-1.375033
1.233517
-1.575185
0.620024
-0.196872
1.065844
1.308523
-2.028253
-0.992146
1.069105
-0.919080
1.180209
-2.261718
-0.149450
-0.651854
-1.175157
-1.732505
1.444211
-1.472643
-0.306575
0.151708
0.542857
-1.486279
-1.596539
0.120235
1.337283
1.631164
0.302702
0.321654
-0.255557
0.261936
-0.499755
-1.012625
-0.468254
-1.472842
-1.922113
-0.695304
-0.502908
-0.439038
-0.854283
0.571196
0.406999
0.073271
0.757321
1.165387
0.296043
0.748054
0.625583
-0.187747
0.059689
1.138009
0.470893
0.666579
-0.924666
-0.545197
1.008214
2.002054
-1.305402
1.078820
0.572008
-0.040859
-1.806755
-2.898052
-1.308605
-3.038715
-1.190012
1.099366
-2.542881
1.205224
2.136445
-0.043909
0.586911
0.072046
-0.302604
0.419313
-0.322291
-0.629520
0.970162
-0.807467
-0.171162
0.573213
0.267060
-3.106169
0.401171
-1.218402
0.988059
0.967810
2.066237
-0.240223
-0.747353
-0.582840
-0.304837
1.366376
-0.039150
-2.044857
-1.128821
-1.981555
-1.816903
-1.323336
1.096234
-1.194277
-0.678296
-2.146075
-2.050961
0.959368
-1.718152
1.513325
0.418723
-0.601705
-2.030413
-2.939305
1.832869
0.237072
1.784455
1.662822
1.420582
2.069662
0.601373
-0.425947
0.826594
1.735406
-0.024129
-0.061554
-0.851861
0.067381
0.559010
-0.656982
-0.316413
-1.487739
0.788228
-0.284242
-1.288142
0.929822
1.025139
-0.789897
0.141326
-1.080299
-0.242829
0.425418
-0.895756
0.121350
0.358429
0.678382
0.448236
-0.394582
-1.407196
-0.033633
0.917844
-1.213987
-0.600120
0.671228
-1.404667
-1.460917
-0.738186
0.859679
1.587072
1.680552
0.580443
2.031693
0.884586
2.184537
1.247705
1.475955
1.680029
-0.991727
0.378206
-0.088132
-0.241260
-1.133569
-0.672165
-0.757149
0.068941
1.226326
-0.323558
0.896533
-2.371317
0.456826
0.691986
1.525961
1.355348
-0.809692
0.311688
0.078333
-1.169870
-0.093659
1.226611
0.145534
-1.024600
0.067295
-0.245909
-1.455577
-0.215366
-0.635503
0.501508
-0.000363
-0.331995
-0.276547
0.230168
0.550616
1.099433
-1.610761
1.094630
0.551138
0.315488
-1.495671
0.291710
-0.105646
0.595975
1.243896
1.316943
-0.348297
-0.464813
-0.652758
-0.309372
0.376533
-1.378863
1.055234
-1.379907
0.583261
-0.788092
0.661353
-1.174012
0.290374
0.732537
-0.038986
0.889066
0.153129
0.306027
1.292161
-0.644235
0.595015
0.806186
2.046975
-0.058483
-1.146516
0.066585
-1.017000
0.378557
-1.930097
-0.527570
0.386861
0.303604
1.104247
-0.816333
-0.108626
0.847530
-0.913392
-2.301281
-0.770325
-0.609649
-0.276753
0.670965
0.254867
-0.395287
0.096148
0.335369
0.575829
0.228765
-1.209890
-0.218719
-0.666004
0.942074
-1.006844
-1.539136
1.392049
0.540364
-1.577890
-0.852500
-0.428960
0.946303
-0.023861
-1.212564
0.141930
-0.196377
-0.185560
-0.107253
-0.325757
-0.552797
0.852694
1.041037
-1.393906
-2.214106
-1.996805
0.760824
-1.009859
0.352345
0.216069
0.401593
-0.408658
-0.194356
-0.398045
-1.171060
-0.461527
-1.081335
1.625985
1.482310
0.559931
2.912332
-0.267965
-1.817467
1.715615
-0.827618
-1.752369
-1.943920
0.588464
0.998810
0.717469
0.925389
1.645430
0.999889
-0.126210
0.299662
-0.148005
1.180274
-0.500109
1.906610
1.393835
-2.477790
-1.019018
-0.145218
0.808822
0.675483
0.694600
1.002676
1.021787
1.021417
1.114001
-0.169298
-0.746954
-1.229558
-0.033756
-0.666144
-1.773889
2.314515
1.068759
-0.834003
-0.050696
0.375315
-2.379572
-0.053944
1.330049
0.466645
0.793963
0.563894
1.206410
-0.114687
1.898184
-0.619460
1.520423
0.527315
1.320416
-1.040672
0.318669
-1.330441
-1.464664
-2.931839
-1.970841
-0.332566
-0.621894
0.325756
0.189816
0.521500
0.797362
0.191073
-1.382442
2.113632
0.626303
1.428571
-2.808603
0.071747
-1.025936
-0.634504
0.753628
-1.904633
-2.033762
0.411595
-0.263917
-1.699436
0.901329
0.604451
1.654952
-0.063571
-1.837821
-1.622549
0.517761
1.086885
0.378749
-0.123411
-1.669952
-1.294409
-1.075878
-1.171077
1.040213
1.728977
-0.951939
1.023642
0.526173
-1.139939
-0.641301
-1.192075
0.298126
0.561281
-1.010370
-0.594732
-1.033456
1.034202
0.613050
-1.017168
3.121162
-0.204403
0.284595
0.429392
-1.171892
0.734324
2.212302
-0.599091
-1.320621
2.353254
-1.597598
-2.001415
1.278076
-0.195087
1.592396
-0.905780
0.147784
-0.191717
0.024720
1.543018
0.487644
-0.249825
2.798009
1.184564
0.140432
0.217573
-0.880121
0.391645
0.855348
-0.674501
1.588728
-0.354951
-1.685235
0.918227
0.179926
0.706037
0.542715
1.392827
-0.135015
2.013932
-1.019475
-0.630344
-0.682203
-0.608824
0.720634
-0.594833
-0.896135
0.878003
-1.526922
-0.984604
-0.511973
1.498679
2.136821
0.405866
-0.828645
1.412330
-0.662748
-0.442043
1.047618
-2.644020
-1.634401
-1.568160
-0.241619
0.224814
1.347793
0.590943
0.958848
-0.193152
1.376560
-0.629696
-0.756890
0.192417
0.196026
-1.179613
1.029917
-0.063039
-1.514986
1.792881
-0.687776
0.414051
-0.099384
0.621269
-0.405491
-0.869903
-1.094968
1.106844
0.538062
-0.102481
0.134099
1.317521
1.880129
2.073504
0.629090
-0.916326
-0.125553
2.188877
0.536927
-0.743514
0.182088
0.514162
-0.318669
-0.987975
-2.226602
1.198632
1.558354
0.949569
-0.779827
0.216257
-1.210088
0.740043
0.996652
-0.524738
-1.429236
-0.137289
0.034637
0.587632
1.404423
-0.216208
1.408832
0.431987
1.693965
0.991316
1.702203
0.769951
1.325130
-0.459475
0.586669
1.342601
0.913645
0.793079
2.692679
1.830785
1.895901
-2.353013
-0.848282
0.861775
0.924829
1.239154
-1.653752
0.864347
1.012837
1.415739
2.725931
0.268930
0.094865
1.445361
0.269583
-0.991056
0.168724
-1.273856
-0.661232
0.302670
-0.700431
0.060247
-0.340782
-1.405060
2.929528
1.135804
0.092100
-0.094879
0.227206
0.091152
-2.589626
1.478963
0.516630
0.802670
-0.656775
1.331777
-0.820120
-1.282402
-0.306158
1.373996
-1.188122
-0.539635
0.119895
-1.329032
0.197335
1.364374
2.020141
1.830116
-1.140382
2.033924
0.005269
-2.456730
-0.787475
2.710499
-1.453677
0.557995
-0.286975
-2.586572
0.813615
0.000192
0.003009
0.045975
-1.203494
1.041891
1.048783
-0.331192
0.791777
-0.081715
-0.496115
-0.661948
-0.276888
-2.327330
-0.472177
-1.160713
0.111665
0.480169
1.190359
-0.933122
1.755050
-1.207018
-0.026992
-0.241447
2.118917
-1.143695
0.260713
0.047383
0.665897
0.221605
-0.807502
-0.376678
0.226627
-0.855784
0.430566
0.572355
0.499439
-0.907034
-3.042781
-0.268029
-1.914308
0.710735
-0.449317
2.510077
-0.076651
-1.147432
-0.071558
-0.911397
0.249617
-0.385302
-0.514920
-2.015908
-1.782698
-1.104298
-1.842540
0.769082
-0.365817
-1.481244
0.869426
-1.728961
-1.087738
-0.389141
-0.340757
-0.523415
-2.380992
-0.099827
0.955785
-1.600148
-0.674524
-0.421647
1.346900
2.363990
-1.234134
-1.096654
0.466216
-0.269223
2.718914
-0.177112
-1.112628
-1.072603
0.330738
1.923724
1.688020
-1.336488
-0.468037
0.409258
-2.024820
-3.335627
-0.982240
0.232348
-0.134731
-0.451583
3.008755
1.210062
-0.693936
-1.107918
2.579136
-0.602261
0.544232
0.780394
2.122617
2.045900
0.366839
1.427714
1.021015
-0.034912
-0.670160
0.284116
0.950816
1.325595
-0.377641
-0.527229
1.802111
-0.442631
1.576470
-1.446118
-0.467659
-0.048845
2.955936
0.512699
-0.927463
0.401182
0.882702
0.122515
0.035121
-0.267425
-1.220871
-0.378562
-0.847935
-0.347970
-1.016374
-0.565187
2.790576
-1.374002
-0.889546
-0.541886
0.658537
-1.052335
-2.165235
0.574271
-1.658583
0.138737
0.156310
0.037571
2.301477
-0.480756
-1.340573
1.483875
2.849344
0.145328
-0.649570
-0.922240
1.945234
1.094674
-1.031008
0.667264
0.673023
-0.928097
1.212751
-2.930542
1.566406
1.467403
-0.082328
1.022539
1.377030
2.090095
0.716416
1.093963
0.813531
-2.461994
0.307119
1.747871
-1.173337
-0.522079
0.615702
0.968892
-0.499263
0.472088
1.061504
-0.904519
0.161032
1.103494
0.349599
-0.487514
2.240366
1.285389
-0.826493
-1.977873
1.820570
-0.281591
-0.256382
-0.733454
0.834573
1.197778
0.117685
0.126730
0.404867
-1.881099
0.084740
-1.898659
2.471565
-3.747687
1.017169
-1.041239
1.159840
-0.608908
-1.039601
0.704837
0.673455
0.551727
-2.597804
0.820799
-0.314185
0.046856
-1.977145
-2.670457
0.641246
-0.742896
-0.522812
1.244095
-0.060167
0.568091
-0.502210
-0.259824
-1.269657
-0.208311
0.507847
-0.944151
-1.031219
1.803608
0.072301
-0.994820
-0.220905
0.040680
1.719339
-0.079352
0.620177
0.326798
-0.360539
-0.501634
1.676243
1.559497
-0.355618
-1.620567
0.672053
-1.912059
-0.824400
-1.367199
0.308491
-0.943333
-0.541231
-1.268829
-0.997219
-1.018991
-2.850115
-3.061893
-0.337419
0.613427
-0.859978
-0.731102
0.150023
-0.800850
-2.338346
-0.225309
-0.142951
-1.291569
-0.271267
0.565481
0.986234
0.928249
-0.127651
0.600010
0.264873
-1.413125
-1.054219
0.604623
0.233065
-1.318574
0.812344
0.867622
-1.439329
0.035867
1.052447
-0.329448
0.696107
0.067557
-0.023519
-0.579748
-1.090185
0.443610
0.294168
-2.081644
2.419230
0.518634
0.849815
-0.850672
-0.111601
-0.251415
-1.104242
-1.038870
-1.589011
0.779799
0.175140
-1.095615
-0.139568
-0.421503
-0.807786
0.319797
-1.586605
-0.224672
-1.506293
-0.021853
-0.645779
0.667103
2.349538
-0.979985
2.060364
1.168940
1.026244
0.687520
-0.587258
-0.303496
0.902930
0.294752
-1.460220
2.109257
-0.112073
0.572693
-0.751798
-0.344063
-2.002267
1.555677
-1.462414
-0.518420
0.584458
-0.165848
0.924231
-1.189052
-0.518107
-0.241257
-1.416452
1.556437
-0.599043
-1.435873
1.286006
1.027046
-1.045442
0.191134
0.241433
0.578113
1.612782
0.253994
-0.458616
0.956962
0.308838
-0.029085
-2.322552
-0.748803
-0.462406
-2.313443
0.403108
-0.235526
0.432430
-1.153388
0.520490
-1.124316
2.546211
2.109610
1.605139
0.919360
0.914257
-1.107564
0.478321
0.471649
1.107109
-1.956763
-1.409060
1.149817
-0.753272
-1.137595
1.001821
-0.094546
0.468279
0.661112
-0.231809
0.561089
-3.332603
-0.280835
0.639265
0.615772
-1.152027
0.424759
0.014156
0.353794
-1.015766
0.299533
-0.562924
-0.172295
-0.679035
-1.969588
-0.587323
0.400674
2.128170
-0.125294
0.484016
0.032183
1.374590
-1.116770
0.543700
-0.983271
1.237139
-0.128674
2.179958
0.433327
-1.193017
0.602459
1.301786
-0.410460
-2.877340
-1.847016
-0.164214
1.017701
-0.442244
-1.201488
-1.308550
0.065840
-0.629562
-0.903529
1.229858
-1.021977
-0.341659
-1.380612
-0.750201
-0.872546
1.325852
0.259532
-1.833931
-0.395706
-0.095114
-0.066708
-0.709282
-0.514895
-0.128036
-0.467987
0.985329
-1.580394
-1.277607
-0.430947
0.096915
0.117456
-2.351222
-0.670441
-0.389328
0.063357
1.743923
2.125206
-0.118519
-1.382064
1.020460
-2.292170
0.552012
2.069929
-1.616020
1.216310
-0.379882
-0.653152
0.123424
-0.029424
-0.644510
1.722590
0.302947
1.133008
-0.710957
-0.073399
-1.009427
-0.835321
0.713573
2.091728
-1.892990
0.329500
2.769852
0.517649
1.021351
-0.517858
-0.104134
0.781463
-0.227011
0.175204
1.450729
0.569765
-2.382268
0.885093
0.145013
-0.907134
0.458799
0.885714
0.653467
-0.533966
-0.109263
-0.233660
1.051107
-1.408124
-0.038529
1.089150
-1.248397
-0.076970
1.159656
0.751013
-1.795753
-0.126450
-0.157366
-0.272243
0.332047
-1.386437
-0.536041
-0.811408
-0.212932
-0.592125
-0.198812
0.256994
-0.992241
0.120297
-0.918927
-0.334720
-1.659465
-0.186125
1.718350
0.500970
-3.186038
1.099154
-0.819938
-0.758325
0.902695
-0.417995
-0.383365
0.444267
-0.527061
-3.339985
0.172122
1.044079
-0.983610
1.886655
-0.343772
-1.913958
-0.942153
0.219824
-0.173578
0.514334
-2.072707
-1.115723
1.076132
0.651421
-0.124177
0.765881
1.044776
-2.055994
-0.658802
-0.800765
-1.866272
-1.562899
-0.064112
-1.033508
-0.633560
-0.449804
-0.786226
-0.767251
-0.938620
2.689661
0.844960
0.940351
0.274748
-1.082395
0.239123
1.039817
1.541090
-2.777689
-1.224286
-1.544809
-0.183916
-0.456769
1.920700
0.585063
1.270068
0.231468
-2.037282
-0.976439
0.860619
-0.183269
-1.390000
1.312697
1.757766
0.458000
0.229363
1.355539
1.917034
0.190208
0.046060
-0.050907
1.048185
1.889743
0.908944
-2.319534
-1.304129
1.057453
-1.544936
0.192730
1.294196
-0.017736
0.662729
0.701667
-1.108563
1.003572
-1.368399
0.337260
0.955288
-0.193790
-1.144858
0.289633
0.716382
0.746799
-0.547117
1.266084
-1.649151
-1.913164
-1.192560
0.174091
-1.618889
1.182385
-0.663266
1.187528
0.416126
0.297482
-0.268226
2.251027
2.354235
-0.083439
0.127692
-0.738825
0.243196
-0.468454
-0.139191
1.371885
-0.069663
-1.005734
-1.527753
1.237109
-0.175611
0.745680
-1.946539
0.801227
-3.078277
-1.091381
-0.431809
2.255382
-1.064528
-1.129134
0.176451
-1.313950
2.063757
-1.855902
1.408350
0.536577
0.384948
1.375980
-2.209404
1.038137
-0.836356
-0.187639
1.409454
1.710081
0.463372
-0.532531
1.352810
-0.431138
-2.062251
-0.652909
0.055589
-0.150155
0.482209
0.451240
0.658284
0.982261
0.896250
0.733507
-0.243558
-1.755127
-0.186837
1.748298
0.483333
2.033912
-0.256409
-2.037764
1.184636
-1.752138
-1.221221
-0.375137
-0.345351
-0.432014
0.912720
-0.195883
0.939161
-0.832444
-1.131561
-0.383827
-0.957716
-1.644502
0.445964
-2.286744
0.076232
-0.295975
-0.429163
1.169919
-0.194774
1.491187
1.610398
-1.752658
0.293647
0.347163
0.446043
-0.816304
2.009744
-0.105416
0.910119
2.654138
1.460021
-0.648707
0.281264
-0.829845
-1.049415
0.013245
-1.780657
-1.342553
-0.968908
1.352252
1.215166
0.877008
-2.100074
1.507460
1.249392
1.451572
1.844241
-0.821138
0.450170
-1.666615
-1.240644
-0.664217
0.176704
1.521762
-0.082578
0.143567
-1.207528
0.445631
0.394884
-0.836791
0.401164
-1.266567
-1.555362
-0.080065
1.645474
0.613595
-1.122564
-2.461219
-0.922842
1.915042
-1.032938
0.004159
0.710836
-0.804589
-2.508257
-0.881400
0.640125
-0.683999
-0.588747
-1.677612
1.693296
-0.881707
-2.117973
-2.595905
-0.644389
-0.560140
-1.063330
0.954677
1.785226
-1.494057
-2.370229
-0.359907
0.846131
-0.701394
-0.673305
1.317752
0.299887
0.106310
-0.167955
-0.201695
-1.548573
-0.818835
-1.075210
0.754939
0.426228
1.664528
0.958345
0.804008
0.429732
-0.805837
0.898568
0.916757
-1.147822
-0.208606
-0.741742
-0.772792
-0.819316
0.683972
-2.536662
-1.172037
-1.467417
0.706593
-0.274546
-1.224317
1.857373
-1.826581
0.246438
0.639602
-0.124884
-0.679599
-0.347515
0.450333
1.729225
-0.275388
-1.553180
-0.080647
0.194227
-0.298708
0.461634
1.897228
0.266607
-0.838222
-1.099772
-1.265210
0.703364
0.561811
2.099819
-0.648238
-0.820451
0.168959
0.827502
-0.780015
-0.900247
0.045001
-1.085130
-0.429088
-0.938230
1.907454
-1.308604
-1.656721
-0.178546
0.682160
-1.906813
0.250067
0.003034
2.323793
0.541016
0.769390
0.129933
-1.233620
0.735789
-1.508438
-1.686369
-0.477277
-0.856974
-0.402082
0.042616
0.458018
-1.299316
0.060452
-0.240892
-0.151547
0.090628
0.478240
0.253376
0.319463
1.934001
-0.044514
1.869021
-0.585261
0.333872
-1.217558
1.224628
-0.083477
-0.775788
0.757943
1.129707
0.917318
-0.209539
-1.140294
1.176849
0.642898
1.254073
-1.008771
0.091404
0.027401
-2.147495
-0.143977
2.088155
-1.164887
-1.907943
0.642611
0.145114
-1.267591
-1.028830
0.155402
-0.375829
1.196196
1.579237
0.655433
0.701923
2.866608
-0.085216
-0.030831
-0.471062
1.163790
2.145706
-1.726338
0.212070
-0.859209
1.341987
-0.317607
0.429767
-2.160347
-0.671762
0.532788
-0.880896
-0.675466
-0.719545
0.241219
-0.446818
-2.062555
-0.824558
1.008681
1.135274
-0.111391
0.200120
0.952000
-2.055004
-0.893979
-0.645443
0.218390
0.877233
-0.282880
-1.279477
-0.286549
-1.117027
1.020937
-0.863788
-1.031806
1.257760
2.052817
-0.448539
1.420268
-0.318733
-1.744307
-1.448468
-2.233710
0.130495
1.919466
0.913565
1.040131
0.800678
0.022723
-0.548780
-1.108381
-0.373321
0.903948
-1.793663
-2.201496
-2.112894
1.519772
-0.743482
-3.857756
-1.360415
-0.849920
-0.360685
-0.034089
0.286577
-0.097649
-1.273805
-2.060662
0.609273
-0.877727
-2.919143
1.497309
-0.442697
-0.566494
-0.784542
-1.512955
0.456194
-0.549195
0.946217
0.276724
-0.293028
0.397326
-0.133483
0.146806
2.198418
-0.177457
-1.396923
-1.323362
2.171755
0.126146
0.341189
0.402532
-0.275779
-2.769750
0.184967
-0.667006
-0.311904
0.738367
-0.671114
0.085195
-2.251084
-1.210305
1.848533
-0.686429
0.131525
1.670658
1.456601
-1.455962
3.368017
0.416792
0.109992
1.226909
-0.444974
-0.716599
1.241311
1.463269
0.788232
2.004835
2.317339
2.091185
0.619099
1.262182
1.320381
0.456660
1.145811
-0.707913
1.756708
-2.056336
-0.755286
0.280105
-0.498260
1.870007
0.472405
0.829382
1.286470
0.410353
-0.851890
-0.151022
-1.421066
-0.419608
0.438463
-0.357729
1.405566
0.512804
0.373937
-0.511669
0.227684
0.060141
0.599723
0.044940
-2.246649
1.603449
1.261218
-0.532297
0.688404
-2.684931
1.545883
-1.155405
0.318659
-2.705070
0.292859
-0.618103
-0.077425
0.301056
-0.188318
-0.151346
-1.071586
1.034672
-0.522450
2.185709
0.388080
-1.513946
1.838672
-0.735523
0.600521
1.304963
-2.006660
0.194796
0.458885
0.717900
-2.018760
1.303213
-0.027022
1.689708
0.269860
2.705239
0.753960
1.314561
-2.062136
-1.448796
-0.730003
-0.956424
-1.479461
0.984833
0.413455
-0.668319
-0.090198
1.063998
-1.640468
-0.419139
0.205253
1.050383
0.576993
2.368120
-0.680277
0.715087
1.621455
-1.580528
-1.509211
-2.143621
-0.361859
-0.519414
-0.017686
-1.709444
0.880017
-1.936506
1.583915
0.565572
-1.881746
-2.129810
2.028898
-0.948810
-0.064244
-1.538718
0.590309
-0.858488
-1.449450
-0.877896
-1.338023
0.046208
-0.076707
-0.018357
2.051087
-0.630132
-0.897236
0.679550
-0.112818
-0.864543
-1.196327
0.039674
0.747185
1.382358
1.662887
-2.508959
-0.726816
-0.357472
0.434201
-2.688487
2.668488
0.423405
-1.400538
1.267995
1.007807
-0.061757
0.639157
-2.536658
-1.140364
-1.039810
-1.014689
-1.285602
0.580787
-0.211819
-0.134402
0.152706
-0.162369
1.050743
1.239740
-0.189905
-0.104061
-0.711294
-2.966884
-0.394338
-0.074658
-0.585385
0.153467
1.723756
-1.978811
1.325782
-0.154659
-0.719212
-1.769189
-1.134917
0.866630
-1.448414
-1.126644
1.792055
-0.968661
-1.164998
0.595541
-0.643231
0.221130
0.779392
-1.602798
-0.216876
-0.983371
-1.998965
0.851865
-0.329729
-0.554570
-0.588826
0.648005
0.243202
-4.277906
-0.390197
0.278286
-0.340763
-2.153048
-1.842651
-0.718199
-1.912155
-1.535356
-1.644866
1.606301
-0.719046
-0.080462
-0.708051
-0.323307
1.166907
0.432073
0.295312
0.551823
1.772384
3.315394
0.061876
1.013217
1.727089
-0.957485
0.186354
0.397257
0.934211
0.850914
0.748506
1.174225
-1.874425
0.308107
-0.493713
0.248396
0.087178
-1.347367
-0.743691
-0.621557
0.098949
-0.007769
0.169323
0.609984
-0.097324
0.855427
-0.636330
-0.877997
-0.208208
-1.599905
-1.751721
1.350402
0.947944
0.404901
0.316732
-1.120079
0.275745
-2.109972
0.014421
0.401529
0.748705
-0.795602
2.422688
-1.166367
-1.747479
-1.686781
0.383936
1.948547
1.067819
0.469414
-2.855434
3.257101
1.277593
-0.075209
0.848519
-1.003351
0.059059
-1.540552
-0.293189
-0.277342
0.071974
1.458332
-0.087710
0.003977
-2.357209
-1.975581
0.942688
-1.104982
0.545915
-0.320166
-1.623622
-0.089956
0.259100
-0.196588
0.154395
1.064690
-1.387420
-1.311755
-0.366654
-0.756765
-0.364760
-0.784268
0.697099
-0.458685
0.181830
-0.261987
0.215166
-1.171455
0.801880
-0.298408
0.938539
-0.143028
-1.333956
0.685441
-0.861381
0.771080
1.494494
-0.111121
-1.592081
-1.181909
-4.037873
-0.367245
1.505249
-1.139214
1.632381
-0.620178
0.282874
-1.468583
-0.647553
0.877333
1.458389
-0.368637
-1.010046
-1.217972
0.825749
-0.256038
-1.248362
1.000655
0.365395
1.153919
0.651865
-2.246899
0.944193
-0.994671
0.767337
1.699883
-0.101563
0.789944
1.075352
1.207025
-0.330336
-1.831754
0.563832
-0.148076
0.396428
-1.247215
1.515994
-0.069290
-0.906774
0.387434
1.198844
-0.783328
2.507734
-0.708785
-0.263317
-0.483780
-2.623467
-0.606200
-1.691124
1.881157
1.248326
1.494463
2.207207
-1.238802
-1.849905
-0.416055
0.613818
-0.428487
0.978026
2.448524
-0.932502
-0.713830
0.471152
-0.229825
-1.124163
-1.089437
2.258931
1.166392
-1.706516
-1.376294
3.550074
0.313033
-1.223592
2.134117
4.007374
-1.051431
0.963181
0.387819
-1.787616
1.581386
0.467143
1.941710
-0.559945
-0.024994
-1.044580
0.551277
0.630637
0.454886
-0.111273
-0.307410
0.328887
1.020376
-2.587457
0.599306
1.603488
-0.324953
0.928650
-0.924720
2.391952
1.671610
0.020746
0.915797
0.225234
-0.890754
-0.316922
1.722762
-2.883839
-0.497774
-0.662716
-1.699427
1.712890
-0.775773
-0.591816
0.220573
-0.086969
0.904125
-0.266347
2.081170
-0.693642
1.442447
-1.332728
2.015400
0.613614
-0.112812
-0.745786
-2.031260
-0.917155
-1.007964
-0.999043
0.692790
-0.832523
-1.870989
0.419243
-0.726267
-1.019791
-1.109374
-1.082213
-0.719727
-0.368659
0.477559
-0.894962
-0.105460
0.593648
0.405285
-0.207959
-1.642695
0.212939
2.158503
0.142474
0.817920
0.435864
0.858201
2.472857
-1.890422
0.254443
0.396967
1.393331
3.555544
1.126549
1.839823
2.480358
-0.290671
-1.088788
-0.526682
-0.249785
1.379426
-0.223191
0.464102
-0.101871
0.261721
1.518967
0.811299
-0.710414
0.895811
-0.198435
0.087210
-1.631379
-0.989956
-0.097561
-1.045722
-0.128800
-2.378750
-1.222404
-0.696131
-0.509807
-1.310377
1.032368
-0.501623
0.054737
-0.568404
-0.245189
0.456733
1.054506
-0.557338
-1.636235
2.254310
-0.996708
-1.218051
1.310054
0.628054
-0.122171
-0.064963
0.343827
1.058759
0.147614
1.879786
-0.380862
-1.154093
-0.488934
0.650278
0.128824
1.717111
-0.567489
-0.773819
-0.661615
0.300749
-0.990227
1.302190
0.233225
-0.811934
-1.038573
0.040442
0.564496
0.512425
0.562789
-0.502916
-1.607187
-1.849438
-0.801366
-0.863313
-1.409031
1.084192
-1.363269
-1.775417
0.557715
-1.147463
-0.852596
1.197374
-0.705012
-0.824387
-1.201079
-0.209118
-1.360489
1.768144
-1.504485
-2.852137
-0.027929
-0.264254
0.472102
1.517404
-2.261691
-1.044743
0.520818
2.117863
2.566144
0.331835
0.916822
1.273354
0.912232
0.690306
0.967580
2.658282
1.721177
0.392036
2.096708
-0.668714
-1.634475
1.252315
-0.885482
-1.099138
2.006238
1.917909
1.349573
0.381307
1.338952
0.470975
-0.224804
-0.260700
1.045818
0.584833
-1.798518
-1.996905
-0.472453
-0.049389
-0.026991
-0.695613
-1.115958
0.810520
-0.919403
-0.169481
0.564920
-0.541829
1.050801
1.428312
1.102092
1.034861
-2.165915
0.256394
-1.757389
-2.001143
0.143170
-2.262104
0.819681
-2.292309
1.951079
1.087955
1.492480
-0.939092
-0.226941
-0.346265
-0.911882
-1.051271
0.280977
-1.482337
-1.366551
-0.342556
-0.255400
-0.080615
-0.801574
-0.542309
0.840536
0.825325
2.414389
1.037391
1.526451
-0.199297
1.352045
1.221059
1.027525
-1.243434
-0.720646
0.006536
-0.442950
0.742387
1.142269
0.918928
0.945016
-1.614555
0.474284
3.501071
2.247660
-0.541607
0.701248
-0.793575
0.392789
-0.487366
0.574367
-0.328684
-1.023500
-1.977922
0.062330
1.420000
1.442677
-1.948863
0.768819
1.231269
-0.380351
0.051102
-1.719958
1.438548
-0.324527
-0.629660
2.413022
2.092559
-0.477820
-1.139342
-0.658746
0.523857
0.051901
-0.665688
-0.199425
0.799706
1.405170
-0.839077
-1.477647
1.236711
-1.803539
-0.966047
0.386339
0.494238
0.532020
-0.503192
-0.652891
-0.658385
-1.480286
0.241879
0.588413
1.504858
1.213784
-0.351778
0.578355
0.463656
-0.328028
-0.629899
-1.907703
0.203256
-3.056302
0.004034
0.433192
1.500933
-1.090781
-0.921359
0.267643
0.809488
-1.152621
1.181535
1.189267
-0.700395
-0.149155
1.538165
-1.044291
0.702066
-1.338473
1.978765
0.861727
-0.473333
-2.639069
-0.755464
-0.804922
-1.140641
1.082764
-0.456408
0.813401
-0.002801
-2.242311
-0.865613
-0.940855
-0.058704
-0.181529
1.392948
-0.226039
-0.382090
-0.391225
1.007033
0.076271
0.279582
-0.101872
0.479145
-1.116687
0.945026
-1.577286
-0.475203
-0.077994
0.291547
-0.029857
0.760662
-0.196514
1.533708
-1.740404
-0.420893
0.133231
1.246142
-0.701548
1.306379
0.258321
-0.082674
1.058710
-0.658862
-2.126758
-1.104018
0.016704
1.836060
0.229182
1.001210
-0.455191
-1.621101
1.191187
-1.032563
-0.978872
0.466069
-1.392892
0.062791
-1.316143
-1.237912
0.768892
0.179506
2.206808
0.773964
0.730450
-0.372033
-0.965384
-0.909700
-1.223628
-0.235985
0.717173
-0.173353
2.157302
-0.100331
-2.585546
0.220938
-2.476713
-1.350647
-2.011234
-2.123023
0.139034
0.005843
0.216010
-0.674224
-0.588912
0.936838
0.330469
-1.237367
0.485187
0.012895
1.287149
1.231360
0.518054
0.752824
0.961183
1.202550
1.876365
2.618089
-1.517124
-2.309081
1.465033
-0.265072
1.598301
1.107052
-0.486157
-2.110914
0.010293
2.555150
-0.979563
1.416658
0.779316
0.183967
-0.220864
0.303075
-0.039690
-1.466958
1.538131
2.066296
1.026589
-0.591709
1.160230
0.643631
1.046329
-0.287346
0.206237
0.317072
-0.177474
0.298903
-0.049695
-1.142882
0.640842
0.296577
1.021459
0.082079
-0.865493
-2.546186
0.539989
0.828643
-1.414148
1.632158
-1.859866
-0.642584
-0.334828
-0.115449
0.326427
1.532768
1.325394
1.900703
-1.585928
1.676578
2.722716
0.469253
0.546448
-0.829772
-0.069031
0.352361
-0.531302
-0.700476
-0.701460
0.110401
0.979621
0.338151
-0.601039
-0.183805
-1.928268
0.608119
0.722923
-1.656077
0.841881
-2.462422
1.386922
1.801912
1.841782
-0.999339
1.475764
-0.303714
-0.745767
-0.875762
1.149527
-0.900542
-0.609297
1.336594
-0.443972
-0.032095
0.366284
0.057315
-0.884019
-0.622620
0.700903
-0.434321
-1.497855
-1.754977
0.638930
0.280107
0.853756
1.757003
-1.429614
-0.902969
2.323883
1.506547
1.377874
-0.616617
-0.671522
-1.117400
-1.715518
-2.492098
1.158455
1.915998
1.566485
-0.148311
1.455178
-0.489076
0.047462
-1.642485
0.760884
0.637202
-1.880480
-1.720362
0.233138
0.099012
1.183911
-0.894831
0.516640
0.624968
0.148325
-0.662420
1.527742
-0.087650
0.725934
-0.051085
2.801568
0.134469
-0.481285
-0.617783
2.126187
0.087328
-0.809877
2.116150
-0.358383
-1.870420
0.316867
2.021953
-0.742360
-0.481771
1.965814
-1.087698
0.286309
0.323464
0.455804
-0.399042
-1.527433
-1.361520
-1.579028
-1.039961
0.173764
0.473087
0.236038
1.071584
0.368331
1.092008
0.939579
0.470664
0.897916
1.693741
-0.575661
-1.978886
1.383860
-0.825755
0.429798
0.030252
-0.057076
-0.029051
-1.969985
-1.679497
0.526106
0.764532
1.695099
-0.475036
1.507103
-0.279221
-0.657279
1.099334
-0.390571
-2.050610
0.131736
0.970291
-1.012746
-0.066381
-0.738291
-0.231889
1.145766
-0.226739
-1.421259
0.035038
0.682516
-0.441096
-1.790311
0.196242
-0.526356
-1.094119
1.134553
-0.975217
-2.484958
-0.794602
0.249234
-0.306109
0.200421
0.902887
0.712830
1.224135
-1.692718
-0.298768
0.246291
2.511497
0.858298
2.000120
0.294840
-0.844442
2.444389
0.640046
-0.481408
-0.153199
1.105377
-1.242487
0.655417
-3.702427
-1.642981
0.559522
-0.087234
1.489972
0.832300
-0.493567
0.582902
-1.815715
0.417540
0.602242
-0.359867
0.158384
-0.295714
-0.072394
1.573314
-0.874215
0.275189
-1.866139
0.737425
1.895487
-0.369054
-0.126732
-0.094310
-0.600790
2.737812
2.443907
0.367596
0.463987
0.925995
-0.986742
-0.229661
-1.354698
-0.696214
-0.193692
-0.174161
0.833639
-1.374892
-1.012529
-1.410128
-0.000134
-0.805363
0.855759
-1.271534
0.412357
-1.275813
-0.864013
0.117667
1.068563
-1.959573
1.005218
-0.197876
-0.216244
1.128597
-0.373841
-2.809028
0.517963
-0.985287
-0.012713
0.371503
2.302714
0.940934
3.674440
1.332672
-0.015272
2.995951
1.260265
-0.097201
1.077453
0.138230
-0.301873
-1.290677
1.047322
0.184151
-1.388099
-0.020435
0.600821
-0.747031
-0.853263
-0.095195
-0.677245
3.395571
-0.855851
-2.056665
0.581483
-1.483028
-2.752121
1.017113
1.430058
1.173648
-3.665096
0.891400
2.099644
-1.218368
0.624136
1.249424
0.952251
0.336555
-0.301268
-0.691697
-0.576192
0.341068
0.287630
-0.903403
0.724415
-0.316643
-1.757034
-0.826761
2.829110
-0.143476
-0.845412
1.561391
0.756983
-1.472734
1.540889
0.489857
-1.322894
1.872283
0.008431
-1.186092
0.836874
-1.609635
0.856054
-0.751853
0.038578
0.706943
0.946980
-0.758402
0.458801
-1.100463
0.209403
1.127057
0.385206
-0.708829
-1.350501
1.429364
1.337527
-0.770394
0.325842
0.488978
1.255619
-2.999982
-1.575871
-1.021421
-0.851856
0.693969
-0.516600
1.336193
-0.842945
-0.052517
-1.927744
-1.264561
1.112604
-1.392874
0.409213
0.164154
-1.360478
0.587803
1.170007
2.122299
1.823685
0.854007
-0.276205
1.075135
-0.048667
-1.294258
0.796818
-0.826658
-0.308069
-0.867321
1.130670
-0.392991
-1.156167
1.566190
0.702400
-1.447679
-0.067077
0.842692
-2.172956
-1.057568
-0.115185
0.667693
-0.436402
0.352967
2.960717
0.429973
0.491480
-0.647815
-1.634982
-1.117216
-0.364990
0.314278
-1.177680
-0.586416
0.707637
0.438993
0.220710
-0.200302
-0.425159
0.800505
-1.565564
-1.231325
1.061530
-1.999715
0.516384
-1.277330
0.417075
-0.080869
1.100271
-0.312473
-0.070127
-0.308728
0.656286
-0.775625
-1.131760
0.390937
-1.883311
0.875945
-1.165639
1.423685
-0.528130
-1.607496
1.795706
-1.773501
-0.213985
-0.041041
-0.392475
0.822214
0.375509
-1.203198
1.772289
0.332072
0.191994
-1.222021
-0.931381
-0.138998
-0.136163
-0.355142
-0.204908
-2.048711
0.302826
0.148794
-0.557167
-0.224100
-0.078976
0.939906
0.128334
-0.414419
1.959114
-1.073455
-0.739843
-1.325092
0.889799
-1.510281
-3.304954
0.285408
-1.249005
-0.619866
0.063329
0.439382
-0.826572
0.690075
-1.138453
0.866751
-1.743507
1.079550
1.942445
-0.134579
-0.837895
-0.274809
-0.149070
0.911105
0.850157
-0.287453
-1.638533
0.828183
-1.694802
0.394184
0.516565
1.163597
1.009183
0.470594
0.725272
-0.036632
-0.076738
-0.124289
1.221123
-0.140803
0.552376
0.332773
0.216387
0.483503
0.199387
0.727002
1.370056
1.295381
0.587030
-1.234540
1.555271
-2.461374
2.133858
-0.833789
0.265431
0.132770
0.957367
-0.686526
-1.403695
-0.168554
-0.212682
-0.012061
0.189239
-0.498602
1.234831
-0.270403
-0.485430
0.617358
-1.500292
-0.297618
-0.237713
-1.447906
0.771377
0.159724
-0.618580
-2.007279
1.111694
-1.634558
-1.182529
1.800994
-0.408374
0.681135
1.116601
-0.017388
-0.694751
2.377638
-1.205418
-1.185122
0.797413
2.363838
0.572601
-0.924393
-0.066146
1.558754
-0.016582
-1.467234
-2.867744
2.245355
-0.777202
0.132170
1.042621
-1.397865
-1.087140
0.573768
-0.556209
1.298688
0.194887
-0.284781
0.264420
-0.000022
-0.000135
0.000038
0.000111
0.000001
-0.000061
0.000005
0.000231
-0.000000
-0.000091
-0.000061
0.000228
0.000134
0.000261
0.000021
0.000137
-0.000039
0.000085
0.000166
-0.000266
0.000650
0.000863
-0.000020
-0.000649
-0.000076
-0.001669
0.000016
-0.000045
0.000037
0.000098
-0.000074
-0.000097
