0.540424
1.773720
-1.812982
0.082595
0.580082
0.371998
-1.238358
-0.302637
-1.543366
0.578900
2.003243
1.162771
-0.664999
-0.957081
-0.710309
-3.299254
-2.528769
-0.232060
1.708660
-0.017239
1.117838
-0.821172
-1.595339
1.222938
0.752784
0.863143
3.071934
0.083974
1.098627
-0.106589
1.051838
0.250419
-0.428186
0.298966
-0.765195
1.300256
-2.082087
-1.443276
-1.061782
-1.168111
-1.226740
0.634669
0.347788
1.559473
-0.280371
-0.710672
-1.300951
0.014160
0.116146
0.011391
-0.816912
-1.561501
0.626030
-0.258145
-0.865129
0.085967
-1.700431
0.264608
-0.344649
-1.004313
0.735587
-0.856009
-1.342656
0.399306
1.226901
0.811337
0.869545
-0.702527
2.060989
-0.267502
-0.715337
0.082618
-1.210809
1.259932
0.760210
-0.861793
1.933502
0.315541
-1.070702
0.708791
-0.091415
-0.523276
2.149251
-0.564074
-0.010391
0.716919
-0.359152
-0.188340
-0.757152
-1.165596
-0.402222
0.275322
0.467594
2.051486
0.626487
1.935491
0.909005
1.188779
0.032650
-0.647253
0.739738
0.371405
-1.168575
-1.370646
-1.314800
-0.861127
-0.753343
-1.102915
0.794254
-0.138857
-1.421746
-2.649203
-1.870755
0.178435
0.092269
-0.578358
1.655308
-1.878167
-1.249962
-0.155816
0.305260
0.956534
1.402073
1.159328
-0.565112
0.221558
0.137217
0.287528
0.683790
-0.259183
0.361200
0.945188
0.618564
-0.151439
-3.886343
-0.921600
-1.085824
-0.192479
-1.292664
-0.231084
-0.213512
0.922740
-1.359728
-0.813672
0.122361
0.011202
-0.555665
1.306066
-0.927838
-1.243550
-1.002984
-1.071831
-0.873938
1.666574
0.386435
-0.101694
0.317750
-0.537282
1.376209
0.663072
-0.036536
0.801501
0.435669
-1.905908
-0.564084
2.239900
1.289207
1.300374
0.699012
-2.253724
-1.396372
0.582379
1.241191
1.626280
0.404850
1.192673
-0.484770
1.039651
0.575915
0.469119
0.052117
0.427898
-0.505679
0.254478
-1.151289
-0.278475
1.387960
-0.023047
-1.500130
0.723356
1.060993
0.267953
-0.830720
-1.118603
-0.575771
0.305331
0.002371
-1.137115
-0.387734
0.088641
-1.140130
-1.718645
1.617126
1.632182
1.382803
0.572356
-0.884628
0.393280
-0.371141
1.143686
0.685295
-0.945306
0.701994
0.862960
0.454098
0.501973
0.643784
2.337985
0.282763
1.680107
-0.599352
0.530250
-0.046898
0.657719
0.076788
1.084472
0.027196
0.160035
0.792500
0.619052
1.132051
-1.219659
-1.027500
1.200397
0.312157
2.220906
0.322436
0.684692
-1.091066
1.383867
-0.702498
-1.498280
1.486509
0.197733
-0.273040
-1.279154
0.491414
-0.507061
2.534503
-0.035756
2.407506
0.122729
-2.689884
0.825466
-2.117864
-0.745495
-1.389543
0.095903
0.936540
-2.448070
-0.087511
0.103895
0.237193
-0.117211
0.841328
0.750333
0.263241
0.607311
0.349424
1.481967
0.520118
1.333601
-0.890912
0.189992
-0.439080
-0.570283
1.036112
0.261365
-1.082628
-0.366479
-0.661581
-0.298521
0.447660
1.627688
0.328712
0.117750
-0.016590
0.195307
0.406446
-0.247227
-0.442256
2.012550
0.096873
2.130792
-0.681525
-0.640864
2.008889
-0.128780
-1.766251
-0.192303
0.001445
-1.916436
-0.976545
-0.129767
0.039112
1.027250
0.541919
-0.741732
-0.582335
0.578783
-0.109687
-0.069831
0.430949
-0.631880
-1.230860
-0.171844
1.905724
-1.386711
-0.873402
-1.519522
0.559962
0.355276
0.276239
0.509636
-0.379481
0.915423
0.888681
-0.186858
-0.727460
-0.546555
-1.476621
0.332500
-0.641464
0.823266
0.901270
1.228018
-0.414332
-0.747808
1.855410
1.489775
-0.415500
1.021924
0.437358
0.569183
0.579300
0.550126
0.193508
0.505114
0.153751
2.039826
0.582282
-2.212258
-1.158945
0.223457
-1.189031
1.433905
0.411989
0.476687
-0.000274
0.534647
-1.062019
-0.234682
0.758203
0.124130
-0.307831
-0.161769
0.962817
0.013869
-0.398418
1.563162
0.674784
2.106560
0.200995
1.541590
0.369281
0.031481
0.752600
-1.557888
1.504678
1.683557
0.776805
-0.217179
0.247053
-0.000221
-1.001221
1.678207
0.972233
0.472542
0.114772
-2.195873
0.242045
2.109499
-0.443711
0.326054
-0.793933
-0.520001
-2.802534
0.982948
-0.461830
-1.169250
-1.372587
-1.345650
-1.728603
0.259965
0.273078
0.438523
-0.412030
-0.095206
0.997458
1.240051
-0.575906
0.589520
1.705180
-0.091902
1.923637
-0.295816
0.247796
-0.716059
-0.313527
-1.758719
-0.426586
-0.772694
-1.234453
-0.572882
-0.806845
-0.168653
-1.611014
-0.467708
-1.109122
-1.080277
-1.422436
-0.886813
-0.148321
-0.652620
-0.919740
1.136948
-0.470995
-0.783272
-1.000293
2.163652
0.373308
-0.229931
1.174344
0.374245
-0.273686
1.888266
-0.136644
0.568674
-1.301518
-1.443155
-0.629305
0.370949
1.697299
-2.636214
0.232983
0.588492
-1.853686
-1.045993
-0.161522
1.161090
-0.913504
-0.259597
0.854060
-1.436389
0.881968
-1.137762
0.583397
0.577894
-0.751156
-1.421237
0.608333
-0.849712
2.679917
2.238436
-0.131540
-0.832118
-0.534050
0.370882
-1.172756
-2.745262
-1.314423
0.077782
0.543219
0.322011
0.432139
-0.667224
-1.775257
-0.577745
-1.111459
0.735779
0.160522
0.418694
-0.479667
0.777354
-0.846169
-0.318940
0.398591
0.024378
-1.513515
-1.850019
-0.642161
-2.390543
-1.387802
-0.405066
-1.922829
0.885259
-0.999134
-0.095832
0.884568
0.540757
-0.585821
-0.813030
-1.701089
0.971677
-0.240315
-0.056965
-0.614495
-0.310966
-0.945776
-1.457854
0.638186
-0.109470
0.002679
1.472932
-0.850361
-1.726869
-2.389844
0.120366
-2.394420
-0.722450
0.136960
-1.461594
1.296609
1.969077
-0.887145
0.633095
0.536145
2.041276
-0.770907
-2.492515
0.300446
-0.575341
0.025744
0.236800
-0.638816
0.808877
-1.570089
-0.965035
0.643269
0.882972
0.573980
-0.962888
-0.212477
-0.647341
2.846370
0.500014
-2.075560
-0.578326
-2.507319
0.219856
-1.234360
-2.195777
-0.157813
-1.984567
-2.766974
-1.367087
0.487052
-2.111804
0.343185
0.072640
0.184657
-0.333553
-0.590991
-1.579737
-0.100740
0.563258
-0.576136
-2.819499
-2.256296
0.580970
-0.361056
-0.250860
-0.569866
-1.524512
-1.431711
0.354227
-0.773165
-1.740416
-1.256091
0.385111
0.894145
-0.374792
-0.806066
-0.471147
-1.108743
-0.416792
-2.200453
1.362307
-0.688106
-1.449387
0.941069
-1.702487
-0.242620
-1.043045
0.349767
-0.276526
0.005011
-0.407208
2.141730
-0.473443
1.631473
1.457021
-2.197804
0.729704
-0.450690
0.188467
1.331136
0.146150
-0.217586
-0.546196
-0.087736
-0.410788
1.361822
-1.991833
1.760871
1.220543
0.752614
1.707681
0.995071
1.294107
-0.537895
1.600684
-0.460323
-0.995616
-0.716162
0.142464
0.784042
-0.921106
0.420311
-0.176171
-1.590730
0.817184
-1.925990
-2.061501
-0.396165
-1.463953
-1.183519
1.070255
1.121718
0.836500
1.259495
-0.286498
0.401368
0.281876
-0.645885
-0.356572
1.134979
-1.541728
0.325057
-0.209703
-0.310945
0.774765
-1.971298
0.841675
0.689289
-1.559008
-2.707120
-1.427043
-0.782363
0.551380
-0.580894
-0.845276
2.795637
0.865426
1.587319
-0.050387
0.019132
-0.213965
-2.008330
0.215780
-1.151935
0.865743
-1.713790
-0.381161
1.839616
1.619996
1.341364
-0.670294
0.869261
0.011482
-1.605872
-3.368737
-0.095282
-1.338072
-2.157522
-0.206536
2.638649
2.202742
0.300949
0.081525
-0.548972
-0.358907
-0.871166
0.636878
0.672896
0.313984
-1.473058
0.718578
-0.015966
-0.418417
0.729343
-1.058822
-2.805296
-0.433473
0.646580
0.594619
-1.582362
1.360262
0.809444
1.500492
1.028584
0.418829
-1.078367
0.125729
-1.361145
0.125371
0.901276
-0.569582
0.349536
0.249134
0.900362
-0.881027
0.340762
0.412389
-0.989367
-1.117862
-0.576685
-1.111810
-0.727803
-0.663172
0.141539
-1.130474
-0.524486
1.067416
-0.128781
0.659590
2.224377
-0.478825
1.958009
0.753445
0.237014
1.364455
-0.679775
-0.175669
1.094418
-1.044539
0.029311
-0.692084
0.911949
0.621730
-0.610579
0.243021
-1.188618
-0.241605
1.487651
0.714167
1.877829
-0.934203
1.397259
0.742847
2.323843
0.506242
0.155932
-0.339014
0.739113
-0.405417
-2.049135
-0.500353
1.284458
-0.392152
-1.748443
-2.281689
0.117005
-0.722364
0.679076
0.901596
-1.253771
1.329810
0.306370
-0.242267
-0.824609
0.143551
-0.047936
-0.209252
0.178161
-0.382204
-0.364402
-0.461752
-0.124884
-1.117894
1.305288
-1.186910
1.259748
-0.032241
-0.419157
0.173828
-1.147838
1.217910
2.184973
-0.108211
0.415657
-0.095982
0.289954
-0.563213
-0.524291
-0.919866
-0.189797
-0.961798
0.895600
0.988511
1.947103
-0.600261
0.693525
1.648769
0.424013
-1.489023
-0.167489
0.816123
-0.018447
-1.821631
-0.567043
-1.019644
0.208338
-0.273536
0.680788
-0.832715
-0.779439
1.143502
0.876034
-0.783178
0.620349
-0.035805
-1.969433
1.345172
1.720248
0.371857
0.620174
-2.233770
0.917771
-0.613623
-0.461508
-1.425241
-0.808154
-1.570647
-1.645604
-1.617074
-0.717451
0.558515
2.066305
-1.987673
-0.321397
-0.792431
0.304943
-1.589267
-0.062597
-0.427377
0.089699
1.949447
0.120143
1.544864
-0.519584
0.248326
-1.755258
0.544540
1.371572
-0.635509
1.770995
0.243459
0.905925
-0.880564
-0.917946
1.810223
-0.290562
-1.544074
0.882168
0.786632
-2.145420
-2.493104
1.273345
1.693642
-0.157560
-0.535907
0.387828
0.634544
-0.472815
2.441506
-0.401683
0.079358
0.345067
0.364439
2.123133
0.685085
0.808496
-0.148779
-0.338461
-0.418855
-0.054729
0.435270
-0.197362
0.876227
0.155112
-0.255872
2.015560
0.564208
0.143121
-0.926017
-0.889853
-0.293718
0.907851
-0.092305
0.900532
1.274396
1.098266
0.359477
0.587549
-0.489245
-2.478917
-0.951449
0.642299
-1.994461
0.271578
0.746054
-2.076491
-1.145405
-0.244693
0.519139
0.135558
-0.202361
-1.162263
-0.760748
-0.378010
-0.554200
1.717018
-2.147104
0.112512
0.175682
-0.156469
-2.439584
2.087033
0.003484
-0.254545
1.475422
-1.419946
1.153984
1.463475
-0.798460
0.715721
-0.102856
-0.805603
0.467889
-0.341301
-0.802159
1.028045
-1.089297
0.180899
0.303407
-1.609963
0.677851
0.986826
0.440272
-1.272275
0.527566
-1.634310
1.109378
-0.415001
-1.135335
-0.616835
-2.365792
-0.672395
-0.326936
0.235888
-0.541503
-0.203868
0.348319
1.925565
0.267417
-0.259675
-0.036436
1.095603
-0.549900
-0.897481
-0.534706
2.428024
0.402102
-0.562158
1.372059
1.633449
1.887914
-0.583472
-0.749762
-0.600113
2.065449
-1.342066
-0.793813
-0.945903
0.120420
-2.160316
-0.766407
0.939377
-0.224961
0.284100
0.618147
-0.805740
-0.404320
0.006355
0.363566
0.190360
0.225767
-0.226176
1.756415
-0.398209
-1.183876
-0.113497
-2.044620
0.934669
1.649330
-1.749112
0.075626
1.130045
-0.269348
-0.606370
0.202027
0.140892
-0.279346
-0.276297
1.118197
-0.780745
1.209473
-0.001379
-1.260372
1.570248
-0.387372
-2.163021
0.466236
-1.171047
0.788505
0.011668
-0.338034
-1.132715
-0.240078
0.330979
-0.399548
-1.484430
-0.131054
0.088808
-0.314658
-0.484328
-0.291275
1.568729
0.253877
0.418900
-0.912489
-1.238903
0.164764
0.706451
1.680250
0.592121
-0.007922
1.065993
-0.054862
-0.348897
-0.630821
1.148186
0.079169
-0.097824
0.443248
-0.425090
-2.922134
-0.327873
-0.006159
0.273563
1.526249
2.033638
-0.451479
-1.641225
-0.471036
-0.532328
-0.471173
0.321548
0.792090
-0.098564
-0.345295
0.161476
1.385062
-0.220181
1.037141
0.962392
1.358474
-0.764037
0.402902
1.135785
0.078141
-0.852126
0.355788
0.589604
0.614875
-1.312238
-0.044871
-2.028888
-1.409806
-2.261783
-1.924177
-0.277002
-1.123674
-2.336121
0.710385
0.946657
1.615433
0.700570
-0.539295
1.140489
-0.142825
-0.025502
0.340318
0.537293
-0.895365
0.510624
-1.482217
1.023589
0.458799
-0.230076
-0.401686
0.396904
-0.482563
0.279302
-1.478067
-0.914537
2.594430
0.627308
-0.365430
-0.857397
0.459760
-0.510289
1.594218
1.080233
-0.647779
1.674097
-1.859549
0.892625
0.171186
-0.536756
-0.848245
-0.127495
0.233809
-1.001086
-0.121914
0.258348
-0.219042
0.388866
0.356401
0.193541
0.408963
0.039170
0.361443
-0.723602
0.328049
0.204595
-0.469214
