0.629888 -0.094390 -1.521673 0.664091 -1.384533 0.575133 -1.238732 -1.096514 -0.517795 0.454459
-1.469470 -1.061590 0.582005 0.517084 -1.174675 -1.469799 -1.509159 0.476166 0.335018 0.253914
0.579467 -0.386250 -0.936777 -1.179754 -1.014161 0.464897 0.511565 -1.178139 0.622232 -1.123357
0.738362 0.555795 0.454765 0.863296 0.599532 -0.682412 -1.138221 -1.485900 -0.831101 -1.356751
-1.052702 -1.101018 0.735940 -0.889418 -0.822181 0.686476 -1.110635 -1.168989 0.716956 0.675965
-1.167396 0.240718 0.640950 -1.441724 0.697346 0.774978 0.422639 -1.636323 -0.608936 -0.707730
-1.137810 0.827682 -1.001968 0.847187 -1.271043 0.727885 -1.364455 0.697000 -0.539279 -0.985329
-1.022452 0.942000 0.952223 -0.869320 -0.899508 -0.042458 0.842295 -1.098489 0.913847 -1.382520
-1.102838 -1.031812 -1.261119 0.885279 0.742708 0.833126 -1.104356 0.636822 0.676861 -1.409458
-0.588707 0.679875 -1.065160 -1.075195 0.785555 -1.216364 0.810948 0.760851 -0.917622 -0.585076
0.554008 -1.704511 0.536603 -1.624866 0.729436 -1.430895 0.479260 -0.946248 -0.945813 -0.640934
0.953226 0.965031 -1.459993 -1.513705 -0.909593 -0.727817 0.751485 0.341811 -0.710269 0.865758
0.787625 -1.540040 0.766490 0.859158 -1.657566 -1.132849 0.688361 -0.947232 0.831159 -1.374980
-1.557557 0.306421 0.487738 0.351292 0.550313 -1.202667 -1.033493 -1.285950 -1.714957 0.572785
-1.228732 0.764912 0.944697 -0.694489 0.340743 -1.211834 -1.277556 0.885374 -0.669814 -0.782561
-0.588747 -1.143779 0.159215 0.853996 -1.519790 -0.464779 -1.381046 -0.579779 0.861232 0.639666
0.431615 -1.337297 0.885148 0.138716 -0.643418 -1.306813 0.777500 0.710195 -1.259430 0.755139
0.863411 -0.780468 -0.726147 -0.983459 -1.381752 0.813938 0.446224 0.400624 -1.658282 0.481743
-1.180405 0.665918 0.679898 0.836516 -1.338872 -0.893516 0.705350 -0.597231 -1.176740 -1.909861
-0.958779 1.089937 -0.910672 -0.461443 -0.344143 0.931517 0.866213 -0.279970 -0.703633 -1.184114
0.902601 -1.291497 -0.408569 0.439621 0.938142 -0.932749 0.694355 -1.391860 -0.964973 0.689694
0.644763 0.709321 -1.375720 -1.761564 -0.965303 -1.021230 0.438447 -1.079600 0.706346 -0.175546
-1.424446 -1.521587 -1.442530 -1.014033 0.704828 0.615663 0.466852 0.412573 -0.983739 0.656597
-0.853603 -1.141170 -0.936896 -0.718773 0.460255 0.685533 0.751077 -0.773765 1.101299 -1.081469
-1.020003 -0.184281 -1.386524 1.127168 -0.085596 1.046879 0.815751 -0.910185 -0.720749 1.051819
-0.724976 -0.801800 -0.866562 0.887244 -1.519807 0.638856 0.773372 0.658217 -0.721759 -1.953467
1.157689 0.487019 1.358398 -0.186192 -1.255279 -0.743248 -1.374291 1.431299 0.003340 -0.750113
0.741273 0.612807 0.500006 -1.401352 -1.623872 -1.194250 -1.355233 0.660103 -0.660869 -0.742157
0.879015 -1.369578 -0.459766 -0.796850 -0.340413 0.872582 -1.187994 0.938573 -0.532787 0.872922
-0.948455 0.854517 -0.902934 -1.129515 0.925382 -0.842893 -1.118342 0.844640 -0.358350 0.810469
-1.443970 -0.681338 -0.499446 -1.464427 0.812287 -1.304546 -0.880166 0.693719 0.773384 0.592258
-0.518360 1.059313 -0.924016 -0.421349 1.056490 -1.238303 -0.235316 -0.408221 1.041741 0.914678
-0.125134 -0.188647 -0.232824 0.096516 0.273843 0.304114 -0.880298 0.076091 0.891009 -0.289568
