1.373744
0.510990
2.266883
0.178911
-2.122856
2.507231
-2.532869
0.258630
-0.225620
-0.296044
-1.125497
-0.781512
0.489407
2.355381
1.564820
0.425060
-0.387243
0.053920
-0.215634
-0.762319
-0.539513
1.924552
-0.051664
-0.274648
-1.321608
0.372382
1.420896
2.377073
-0.332336
1.427630
0.935293
0.283168
0.269600
0.913943
0.972988
1.229987
-1.549572
0.709070
-1.519075
0.366236
-1.172662
-0.622187
-1.566012
-0.016813
-0.691863
-2.116983
-0.464020
0.013703
0.134859
-0.277885
1.466064
0.061425
-1.335278
-1.524229
0.915019
1.360897
1.981441
-0.390224
-0.218443
-2.365221
0.380399
0.642338
-0.960785
-0.281742
-0.864997
0.563259
1.521535
-0.271500
-1.344530
0.563569
-1.053151
0.828261
0.877927
-0.921607
-0.163740
-0.371942
0.960283
1.361685
-1.013932
-0.551100
1.072752
0.427384
-0.766869
-1.136552
-0.949076
-0.782557
0.176728
-1.801188
-1.576794
2.168798
0.176578
-0.786395
-1.605902
0.941071
-0.318206
-0.720645
-0.029927
1.378436
0.748250
0.774046
0.049937
2.056099
-0.560154
0.161593
-1.596418
1.830236
0.731655
-1.232301
-1.950944
-1.660465
1.250533
-1.680148
-0.983265
-2.217134
0.162343
0.789172
-1.528339
-1.025947
0.291769
0.348456
0.232615
-1.187664
0.006289
-0.269143
0.652067
-0.264503
-0.750007
-0.742150
-0.181311
1.044554
0.766713
1.406037
0.754078
0.451370
-0.068239
0.118036
0.360238
0.486161
1.326733
-0.481476
-0.681894
0.114594
-0.093824
-1.025667
-0.884587
-0.464760
-1.785097
-1.366636
-0.958698
-0.184919
-0.104618
-0.886326
-0.336062
0.638334
0.807980
0.827746
-0.753221
-0.977478
0.405223
0.298931
-0.001167
0.916394
-0.413192
-1.799604
-0.406504
0.402307
-0.431372
-0.679557
0.065086
-1.272604
-0.656894
0.309321
0.748067
0.993517
0.236742
1.553903
0.405112
1.499878
-0.217815
0.106789
2.554840
0.568452
-0.064602
-1.794716
-0.248984
-0.609698
2.701930
-0.358260
0.549668
1.210406
-0.627105
0.009221
-0.295721
-0.251124
0.328300
1.001091
-0.162155
1.707753
0.285264
1.208827
0.198217
-0.028582
0.270351
-0.023176
-1.021390
-0.240121
-0.651743
-0.224580
