-0.627974 0.117167 0.106166 -0.387370 -1.053235 -0.837649 0.797095 -0.118234 0.279783 0.207057 -0.476208 -0.461615 -0.661382 -1.275709 0.369983 0.068575 -0.538137 -0.489872 -0.261717 -0.198310 -0.056161 0.133370 0.161047 0.509833 -0.199817 0.425719 0.085145 -0.268290 0.010889 0.162729 0.570155 -0.003806
0.319102 -0.760371 -0.443282 0.206123 0.118569 0.286463 -0.150285 0.015238 -0.414753 0.116514 -0.616040 0.021887 -0.343329 0.658269 0.083502 0.427241 -0.469361 -0.742384 -0.235007 -0.132012 0.217948 0.382964 -0.499005 0.158001 0.182505 -0.973535 -0.655636 0.491995 -0.266164 0.794795 0.174035 1.194173
-0.021746 0.159305 -0.397168 0.801937 0.203454 0.923817 -0.200760 0.573433 -0.251980 0.019704 0.245001 0.065679 -0.345301 0.514683 0.113589 0.054594 0.098328 0.020901 0.212108 0.319008 0.012729 -0.253083 1.026645 0.246922 0.606529 0.011882 -0.769036 -0.188479 -0.223569 -0.469453 0.038962 -0.058595
-0.532343 -0.066780 -0.399349 0.152607 0.144580 0.347890 -0.181356 0.859721 -0.392401 0.164513 0.642714 -0.981432 -0.278099 0.393433 0.596777 -0.520765 0.128823 -0.002409 -0.070646 0.464426 -0.242551 -0.692117 -0.027204 -0.335208 -1.150755 -1.274522 0.487788 0.613987 -0.038732 0.438029 0.016440 0.126495
0.524356 -0.099033 -0.912640 -0.389707 -0.373560 -0.207059 0.676643 0.079310 -0.671580 0.584767 -1.039563 0.970467 -1.487558 0.153080 -0.022681 0.106433 0.461480 0.544401 -0.339733 0.753521 0.494357 0.224412 -0.151779 -0.487793 0.036160 -0.110703 0.385359 0.795988 0.495717 0.880343 0.202698 0.270092
0.805987 -0.428617 0.444887 0.098243 0.196892 -0.890106 0.439423 0.066169 -0.586153 -0.702573 -0.663525 0.608114 -0.208007 -0.022272 -0.675092 0.511663 -0.046716 0.500761 0.364777 -0.546883 -0.009789 0.956535 -0.636130 -0.118561 0.602449 0.183659 -0.017819 0.289367 0.520509 0.126261 0.034324 0.151208
-0.151086 0.027883 -0.314643 -0.914776 0.311326 -0.541633 -0.105709 0.075465 -0.225126 -0.523588 -0.209394 0.089055 -0.332414 -0.585713 0.618300 0.012706 0.770487 0.378570 0.200184 0.138895 0.244301 -0.095947 0.506179 -0.480133 1.046823 0.288766 -0.373653 -0.155061 0.001990 0.403761 0.082421 -0.290955
-0.604240 0.310158 0.018664 -0.874258 0.765120 0.183608 -0.388700 0.001852 -0.063615 0.368379 -0.123922 -1.126752 0.136217 -0.403740 0.689341 0.126232 0.090706 -0.812987 -0.911517 -0.904398 -0.813699 -0.046502 -0.433350 0.251493 -0.836259 -0.036309 0.007558 -0.199229 -0.102781 0.020386 0.664991 0.384284
-1.044132 -0.015308 -0.309444 -0.155325 -0.191045 0.292752 -0.164861 0.971959 -0.529973 -0.093064 -0.645666 -0.062392 -0.117874 -0.002070 0.542979 -0.405441 -0.068747 -0.065005 0.445828 0.103553 -1.426907 0.007991 -0.505389 -0.216853 -0.387315 -0.006831 0.637859 0.265989 -0.204957 -0.204331 0.006769 0.062842
-0.463999 -0.242565 1.084788 -0.503204 -0.037910 -0.131954 0.437811 0.013590 0.537643 0.416843 0.473672 0.500145 0.040908 -0.924612 -0.492419 -0.514993 0.435769 0.387403 -0.082799 0.396531 -0.098882 0.155805 0.398145 0.419017 0.459632 0.813948 -0.078276 -0.682637 0.639719 -0.639115 -0.199042 -0.757105
0.380993 -0.536880 0.671107 -0.191020 -0.368224 -0.757846 0.068039 0.696555 -0.381820 0.167563 -0.269732 1.198609 0.514615 -0.246447 -0.056425 0.075483 -0.360748 -0.353382 -0.004946 0.243545 0.567665 1.089109 -0.605413 -0.313533 0.401169 -0.547005 -0.310771 0.702500 -0.843320 0.137295 -0.263784 0.365292
0.196001 0.109340 -0.375222 -0.056646 0.148837 0.102516 0.030297 -0.745486 0.434609 -0.023741 0.438740 -1.234174 -0.418717 0.593433 -0.102525 0.082484 -0.523022 -0.128537 -0.380231 -0.246892 0.466735 -0.910596 0.353207 0.457901 0.171473 0.131868 -0.234459 -0.902219 -0.331408 -0.201226 0.161382 -0.067225
-0.306358 0.657600 -0.332010 -0.228807 0.526555 0.038800 0.224233 0.441286 0.202639 -0.782226 -0.486156 -1.263098 0.188476 0.129556 0.421754 0.550460 -0.364443 -0.338812 0.081160 -0.536069 -0.538387 -0.381714 -0.519880 0.039994 -0.254222 0.201353 0.122583 -0.119841 0.029782 -0.335892 0.113880 0.496355
-0.439903 0.323223 -1.040634 0.488914 -0.211967 -0.645991 0.208829 -0.154251 -0.119386 0.576695 -0.207208 -0.046825 -0.240687 0.714595 0.094827 0.029511 0.345384 -0.710819 0.589278 -0.328280 0.416283 -0.388991 -0.526122 -0.039612 -0.121055 0.063263 0.405323 -0.296602 -0.247832 0.110243 0.077849 0.277508
-0.573932 0.705951 0.092455 -0.195273 0.239919 0.339963 -1.611663 -0.181723 -0.753124 -0.559999 0.985880 0.394923 0.408601 0.108040 0.012943 -0.605563 0.100315 -0.504242 -0.160863 -0.399618 0.987986 0.050436 -0.394403 0.346644 -0.016405 -0.308506 0.592172 -0.161530 -0.073757 -0.645775 -0.111973 -0.405970
0.774701 -0.373454 0.251092 0.204402 0.311871 -0.241810 0.199981 -0.400055 -0.304381 -0.286073 0.269153 0.147686 -0.046716 0.340347 0.291760 -0.070015 -0.189761 -0.369605 -0.329090 -0.334312 0.066388 0.156300 -0.340906 -0.685580 -0.074005 -0.439539 0.117769 0.388484 0.300217 0.092444 -0.247081 0.166514
0.495885 -0.244019 -0.389132 -0.241651 0.347571 0.214659 0.094587 -0.402557 -0.341192 -0.422784 0.265613 0.177549 -0.722909 0.394967 0.127852 -0.185225 0.040574 -0.057617 -0.380772 0.259899 0.323003 0.344835 0.347226 -0.224470 0.058303 -0.824951 -0.131130 0.342522 0.232806 0.413312 0.087348 0.093144
-0.393760 -0.590499 0.815658 0.676264 -0.263032 -0.104344 0.086959 0.333446 0.080290 0.089365 0.503939 -0.496554 0.265644 -0.115212 0.085090 -0.380285 -1.090731 -0.530780 -0.058276 -0.169796 -0.333754 0.013561 -0.191348 0.516178 -0.840404 -0.518633 -0.602386 -0.451937 -0.493740 -0.081175 0.297861 0.615992
-0.061963 -0.446219 -0.027178 0.607364 0.079236 0.349329 -0.775594 0.056337 0.226210 -0.282549 0.440527 0.126210 0.252289 1.107052 0.224152 -0.296206 0.397380 0.514939 -0.172487 -0.277805 0.885987 -0.362126 -0.111338 -0.191948 0.042474 -0.451219 -0.721065 0.018556 -0.204439 0.090429 -0.208630 -0.012229
0.796080 0.106560 -0.140104 -0.122400 -0.800975 -0.614149 0.085911 0.029124 -0.457815 0.463214 -0.374695 0.812723 -0.434790 -0.050264 0.146321 0.168421 0.404777 -0.179935 0.195153 0.101329 -0.294092 0.513982 -0.463921 -0.752284 -0.393247 0.663502 0.259140 -0.238027 0.051114 0.649531 -0.300854 0.272182
-0.215678 -0.035294 -0.383092 -0.803575 -0.314572 0.333181 -0.012078 0.344078 -0.630335 0.201318 0.136355 0.696898 0.089496 -0.449331 0.091793 -0.793737 0.856851 0.639975 0.479516 0.500933 0.165500 0.013729 0.489587 -0.008892 0.923252 0.450899 -0.217705 -0.220283 -0.343983 0.197693 -0.363443 -1.037691
0.211272 -0.486271 0.401328 0.052537 -0.810397 -0.380246 0.023833 0.199760 -0.367811 0.847571 0.353820 0.729667 0.309076 -0.173720 -0.455396 -0.293113 0.800599 0.865015 0.484710 0.522554 0.520970 0.887499 0.020144 -0.284646 0.174387 0.142127 -0.042466 0.188290 0.165488 -0.720739 -1.014894 0.019657
0.924888 0.502468 -0.082554 -1.113871 0.665020 -0.263603 -0.421987 -0.183326 -0.785075 -0.341114 -0.281038 0.613230 -0.531292 -0.059086 -0.351213 1.111633 1.078786 0.606490 -0.340708 0.119459 0.458846 0.414628 0.217868 -0.688484 0.392226 0.248008 -0.639473 0.155098 0.379985 0.382340 0.206944 0.172950
0.914000 -0.250379 -0.001877 0.482078 -0.711610 -0.584377 0.811189 0.171314 0.305568 -0.380401 -0.855751 0.808255 0.470063 0.119550 -0.494863 0.810190 -0.994084 -0.461025 0.513858 -0.089789 0.652216 0.477231 -0.686608 -0.146481 0.650066 -0.016269 -0.371548 -0.022197 -0.633027 -0.752976 -0.585170 0.202001
-0.438186 0.632790 -0.295002 -0.215315 -0.719447 -0.577893 0.174420 0.306149 0.832779 0.398324 -0.272249 -0.632279 0.061385 -0.174036 0.136413 0.071151 -0.919162 -1.040512 -0.738764 -1.157203 0.021721 0.004733 -0.135864 0.120663 -0.320260 0.211243 0.532284 -0.077862 -0.110567 0.491974 0.702786 0.721974
0.303777 0.257855 -0.380242 -0.015265 0.935787 0.265108 0.523192 0.980187 -0.584851 -0.214013 -0.628834 0.099209 -0.264625 0.300056 0.129167 0.259593 0.334596 -0.053650 0.265826 0.787565 -0.072253 -0.090656 -0.399546 -0.094770 -0.014280 -0.282008 -0.337705 -0.029424 -0.360160 0.189911 -1.142651 0.023969
0.749015 -0.759316 0.441074 -0.205681 -0.120976 -0.297786 1.306642 -0.023927 0.862770 -0.676645 -1.627048 -0.302018 -0.192948 -0.987060 -0.928181 0.953305 -0.756675 0.372786 0.261313 0.894762 -0.340570 0.113676 -0.719781 0.483560 0.332904 0.100281 -0.531416 -0.627487 0.365610 0.196699 0.000419 0.071393
0.083502 0.958656 -0.833935 0.593168 -0.160214 0.027381 0.818688 -0.234879 0.366557 0.274780 0.659784 -0.054487 0.633270 0.538875 0.723289 0.216804 0.889940 -0.240601 0.010994 -0.434988 0.243440 -0.695844 0.473476 -0.853139 0.304883 0.433551 0.186800 0.013583 0.190587 0.367523 -0.117923 -0.419889
-0.098791 0.398130 -0.193732 -0.178604 0.507372 0.522231 0.649028 -0.515046 0.035396 0.032223 -0.161328 -0.453934 -0.725859 0.718846 0.463376 -0.153994 0.011635 0.530496 -0.805435 0.106471 -0.091497 -0.984458 0.367440 -0.384482 0.344308 -0.134139 0.379192 -0.315944 0.156107 0.154011 -0.195609 -0.278210
-1.163273 0.345755 -0.036937 0.134982 -0.191494 -0.140530 0.159518 0.273940 0.324144 0.892085 0.233147 -0.204421 -0.281575 -0.085833 0.240588 -0.482911 0.472733 -0.305331 0.002786 -0.127536 0.051863 -0.593861 0.472694 0.499549 -0.343800 0.234706 0.462527 -0.099284 -0.236948 0.676272 0.771619 0.276509
-0.006834 -0.640464 -0.139385 0.013100 -0.568955 -0.031773 0.323805 0.969761 -1.191738 0.773434 -0.117902 0.297192 0.054584 0.015031 -0.036711 0.308540 0.672634 0.210278 0.643155 0.496517 -0.375957 0.373592 0.365109 0.256133 0.643269 0.252543 -0.412421 0.026052 -0.592858 0.376619 0.232406 0.481946
0.191151 -0.134071 0.565466 -0.053872 0.582235 -0.299293 0.461559 0.280450 -0.093307 -0.498463 -0.074931 0.228932 -0.095147 -0.349864 -0.007419 -0.046658 -0.057803 0.526516 -0.009024 0.420498 -0.808418 0.457972 -0.286408 0.202008 -0.503381 -0.299800 1.103269 0.783273 0.243050 -0.157699 -0.429064 -0.387920
1.097858 0.120989 -0.241793 -0.026075 0.203593 0.145505 0.154320 -0.303258 -0.031973 -0.477996 -0.180746 -0.177283 0.203665 -0.009389 -0.233383 0.864324 -0.145415 0.267382 -0.242131 0.409784 0.093481 -0.355100 0.244992 -0.062402 0.430501 0.127298 -0.908893 -0.111081 0.372165 -0.144858 -0.296133 -0.289244
0.797612 -0.427704 0.117660 -0.185824 0.165245 0.553329 -0.434282 -0.273037 -0.877066 -0.172351 0.144602 0.589156 -0.169452 -0.232921 -0.667643 -0.394154 0.446226 0.864394 0.440381 0.529534 0.258698 -0.708018 0.589243 -0.272048 0.600411 0.323531 -0.568382 -0.119351 0.260512 -0.121761 -0.656528 -1.221272
-0.063090 0.831111 -0.514156 0.135373 0.429641 0.036039 -0.202947 0.916350 -0.164961 -0.423287 -0.088436 0.132811 0.560543 0.605084 0.077945 0.936363 0.543725 0.000133 -0.207581 -0.219838 0.161316 0.305554 -1.014074 -0.205418 0.267833 -0.710994 -0.113232 -0.304629 -0.105894 -0.701330 0.070604 0.147741
-0.178214 -0.127211 0.222612 -0.186559 -0.226230 -0.327843 1.415542 0.471293 0.754535 -0.374887 -0.705603 -0.180584 -0.044427 0.011347 -0.434383 0.669335 -0.412059 -0.454483 -0.158498 0.051300 0.019890 0.387873 -0.493908 0.416629 0.401525 0.364636 -0.907297 -0.367370 -0.420267 -0.005246 0.278060 0.249291
0.261819 -0.270383 -1.158703 0.754089 0.314779 -0.007128 0.250054 -0.514844 0.250548 0.647300 -0.073655 -0.080199 -0.440374 0.693371 -0.652954 0.391709 -0.573292 -0.349823 -0.211894 -0.392425 0.413741 -0.233833 0.266593 0.009977 0.021238 -1.170793 -0.378650 -0.416383 -0.105588 0.784254 0.836510 0.936541
0.226331 -0.313541 -0.320397 0.668932 -0.215694 -0.239759 0.285789 0.351302 -0.094345 0.125292 -0.442794 0.402253 -0.725532 0.837497 0.118964 0.155269 -0.190360 -0.466266 0.344429 0.966156 0.148905 0.021379 0.272171 -0.191934 0.450757 -0.902107 -0.461695 -0.193708 -0.862274 0.855231 0.160756 1.081135
1.084543 -0.247436 -0.116458 -0.313816 0.201166 0.199421 0.721497 0.241725 -0.529370 -0.498013 -0.337743 -0.777737 -0.377190 0.493290 0.298611 -0.016693 -0.989374 -0.021729 0.358548 0.714681 -0.333145 -0.380413 -0.627972 -0.444993 0.392243 0.179372 -0.604626 0.113483 -0.411631 0.220884 -0.559135 -0.029543
-0.236889 -0.556724 -0.155507 0.676678 0.099175 0.998537 -0.873316 -0.472782 -0.081642 0.296058 0.904979 -0.405380 -0.261901 -0.158590 0.223523 -0.734438 -0.086802 0.181336 -0.577967 -0.874945 0.161918 -0.327503 -0.008491 -0.057469 -0.712966 -0.814286 -0.448952 -0.007428 -0.556725 -0.458187 -0.265614 -0.027194
-0.501482 0.255142 0.026247 -0.350718 0.434269 -0.419475 -0.184600 -0.291342 -0.180195 0.249527 -0.524242 0.578175 -0.687991 -0.234498 0.046205 0.636619 0.431289 -0.263921 -0.340524 -1.100469 -0.181445 -0.012893 -0.287926 -0.033944 -0.288867 -0.397281 0.456510 0.155492 -0.064781 0.404867 0.477290 0.683022
-0.437694 -0.483368 0.217775 0.665976 -0.260514 1.052893 -0.207135 0.215441 0.612962 0.207373 0.366485 -0.785616 0.420071 -0.035229 -0.059366 -0.354153 -0.551783 -0.268935 0.303186 0.777300 0.003527 0.088624 0.233290 0.558584 -0.508836 0.358032 -0.584032 -0.722956 -0.764381 -0.693271 0.475107 0.439552
-0.245250 0.250371 -0.441805 0.738355 0.317835 0.614846 -0.085228 0.114392 -0.135600 -0.169143 0.718798 0.054562 0.608071 0.318349 0.137744 0.396054 0.329855 -0.550429 0.907734 0.380461 -0.047138 -0.486589 -0.490520 -0.044252 0.109058 0.410355 0.152855 0.108588 -1.490194 -0.482703 -0.840452 -0.305599
-0.087994 0.223603 -0.696579 0.379023 0.178779 0.381693 -0.822029 0.063208 -1.105389 -0.701947 0.082083 0.312563 -0.143179 0.408839 0.219601 -0.274914 0.834666 0.382430 -0.129237 -0.199796 0.477652 0.141055 -0.209613 -0.496345 -0.585629 -0.900789 0.421869 0.759849 -0.027232 -0.225357 -1.048056 -0.177637
-0.149820 -0.446619 0.079294 -0.034102 0.336697 -0.424500 -0.384271 0.627496 -0.109950 0.235946 0.001667 0.391754 0.568367 -0.279992 -0.580350 0.274184 0.615526 -0.413494 0.172331 0.291687 0.348295 0.869873 -0.194081 0.493346 -0.037506 -0.315420 -0.478454 -0.386822 -0.448381 -0.222647 0.072000 0.107763
-0.007277 -0.384982 0.477360 -0.675425 -0.716768 -0.304558 0.645287 -0.808468 0.244454 0.864107 -0.647537 -0.074416 -0.207417 -0.777068 0.505004 -0.390516 -0.289604 0.618779 -1.244599 0.947945 0.076463 -0.187928 0.138015 0.631254 -0.574720 0.408931 0.644683 1.092532 0.765278 0.618041 0.160621 -0.152994
-0.251044 0.413231 -0.313421 -0.147297 -0.111420 0.075528 -0.572086 0.099263 -0.456310 -0.059474 0.854906 -0.553188 -0.582016 0.402765 0.324457 0.188293 0.681405 -0.130308 -0.158980 -0.658281 0.547633 -0.319265 0.408812 -0.945758 -0.286353 -0.344257 0.134648 -0.552952 0.230601 0.299667 0.430063 -0.298594
-0.082661 -0.134159 0.391279 -0.656461 0.639847 -0.020596 0.838630 -0.064997 0.134326 0.034766 -0.420072 -0.934474 -0.495683 -1.077700 -0.113260 0.141277 -0.453710 0.221519 -0.038235 0.416034 -0.678267 0.060797 -0.201267 0.503972 -0.265259 -0.045706 0.708689 0.435088 0.601177 0.342693 0.393589 0.010096
-0.432265 0.297427 -0.867377 -0.301129 -0.063378 0.328520 -0.282695 -0.037157 -0.483509 -0.025928 0.543340 -0.842036 0.354989 0.512802 0.340297 -0.329640 0.543018 -0.104853 0.261820 -0.422578 0.138014 -0.416488 0.426823 0.210857 0.067616 0.116064 0.326946 -1.188889 0.006419 0.042135 0.325405 0.018906
-0.108834 -0.203084 -0.366989 0.326677 -0.081084 0.287073 -0.252991 0.160879 -0.440330 0.640666 0.581089 0.464762 -0.500301 0.630520 0.820760 -0.413805 0.388641 -0.396378 0.240940 0.019526 0.117091 -0.209542 0.190754 -0.569956 -0.656508 -0.057297 0.529243 0.346715 -0.214688 0.188295 0.364203 -0.333213
-0.412961 0.087181 0.847298 -0.689648 0.204572 0.525078 0.157552 0.287290 0.160602 0.347888 0.065799 -0.229753 -0.167399 -0.716797 -0.348565 -0.457318 -0.248925 0.722361 -0.307689 0.210611 0.016628 0.126264 0.630098 0.682775 0.511533 -0.000414 -0.016409 -0.693457 0.361204 -0.585529 -0.205370 0.107006
0.072525 0.570801 -0.438991 -0.673290 -0.319953 -0.151689 0.333745 0.225042 -0.650940 1.075262 -0.847382 0.673615 -0.109961 0.174208 0.185119 0.525132 1.438831 0.092565 0.657467 0.782196 0.128881 -0.677792 0.661364 0.002061 0.555762 0.539595 0.050502 -0.183410 -0.137269 0.177617 0.230296 -0.677031
0.128308 -0.003681 0.444868 -0.155654 0.159702 -0.606316 -0.451959 0.356198 -0.429630 -0.073994 -0.352481 0.276534 0.070984 -0.454453 -1.066579 0.281823 -0.144458 1.109832 -0.208670 -0.013945 0.474137 0.655747 0.465175 0.295138 0.342503 -0.139082 -0.397089 0.094640 0.077689 0.003437 0.597796 0.622637
-0.217502 -0.126132 0.368473 -0.496605 0.723634 0.263585 0.491819 0.511539 0.056550 0.516171 -0.542450 0.015257 0.005985 -0.207546 0.007680 0.224323 -0.044902 -0.299576 0.091308 0.537693 -0.751492 0.150208 0.437331 0.248408 0.778795 0.237112 -0.464790 -0.425238 -0.113745 -0.385203 0.262756 0.399552
-0.065305 -0.227495 -0.110521 0.221968 -0.671206 -0.300786 0.803770 -0.004399 -0.068647 0.829911 -0.588305 0.419472 -0.842148 -0.103979 0.535278 -0.519412 -0.311521 -0.033731 -0.128169 0.529978 -0.122873 0.251823 0.285706 -0.069782 -0.371943 -0.124096 0.504447 -0.075080 0.220001 1.064961 0.104927 0.511541
0.423443 0.728044 -0.542132 0.375204 -0.108823 -0.074940 0.257290 -0.632062 -0.074773 -0.196036 0.565071 -0.161216 1.127101 -0.116343 0.761832 0.147883 0.245602 -0.178961 -0.482904 -1.094153 -0.159482 -0.543844 -0.648910 -1.349677 -1.109604 -0.396323 1.055256 1.266990 0.187324 -0.237201 0.352346 -1.055270
0.447742 -0.042232 0.442613 -0.383265 0.014526 -0.198822 -0.325953 -0.029260 -0.368919 0.036496 0.435812 1.455146 -0.150732 -0.198381 -0.296322 0.153243 0.484104 1.034806 -0.240439 -0.053856 0.506965 0.141280 0.264673 -0.030781 0.081322 -0.344840 0.140550 -0.529811 0.529419 -0.102580 0.341519 -0.074018
-0.184563 0.417227 -0.568128 0.744446 -0.487924 0.155765 0.326915 0.021016 0.145298 0.201014 0.009728 -0.158274 0.690023 0.662611 0.257313 0.505208 0.472914 -0.519300 0.898780 -0.215731 0.338429 -0.521076 -0.296864 -0.629755 0.194020 0.162488 -0.150242 0.181269 0.045124 -0.075354 -0.185417 -0.415913
-0.671834 1.008600 -0.265836 -0.562387 -0.105303 -0.052349 0.064293 0.056793 0.542892 0.042223 -0.422182 -0.738885 0.121042 -0.387753 0.098999 -0.017532 0.279772 -0.218956 -0.412768 0.250699 -0.376361 -0.098101 0.533118 -0.021801 -0.006787 0.233598 -0.158081 -0.070835 -0.448216 -0.097468 0.015793 0.065175
-0.713121 0.309051 0.280495 -0.353880 -0.389478 -0.703269 0.596259 0.034527 0.556830 0.124231 -0.999522 0.236499 0.790744 -0.721243 0.000823 0.423828 -0.390966 -0.146741 -0.103883 -0.101289 -0.711475 0.414357 -0.075087 0.651608 0.220575 0.797542 -0.141972 -0.148179 0.082374 -0.144967 0.217769 -0.804053
-0.421280 0.038325 0.530785 0.604325 0.107401 0.006878 -0.579791 0.507827 0.704961 -0.033934 0.051655 0.181875 0.519367 0.195176 -0.173642 0.074178 -0.467302 -0.406232 0.162016 -0.205078 -0.016648 0.526095 -0.836907 0.528292 -0.813453 -0.704060 -0.120326 0.541530 -0.753128 -0.222120 0.582988 0.530071
-0.058136 0.241837 -0.311403 0.109274 0.628847 0.201123 0.492382 -0.107380 0.537763 -0.285640 -0.718642 -0.356782 -0.042564 -0.146017 -0.509523 0.563312 -0.667598 -0.261721 -0.180229 0.383209 -0.590113 0.115740 0.139274 0.533345 0.279642 0.177371 -0.367419 -1.326698 -0.238438 -0.048500 -0.177616 -0.161867
-0.740957 -0.922918 0.335072 0.315832 -0.446986 1.133396 -0.079304 1.014607 0.303902 1.000412 0.571485 -0.284583 0.136035 0.047442 0.027556 -0.660885 -0.619748 -0.216400 0.537039 0.800331 0.270332 0.082847 0.592040 0.874170 -0.662013 0.015509 -0.381903 -0.641288 -0.867334 -0.276034 -0.175905 -0.194097
0.300976 0.145973 -0.048174 -0.208119 -0.651887 -0.344540 0.092243 0.109987 -0.307608 0.124330 0.346532 0.323655 0.379593 -0.608431 -0.065893 -0.115076 0.193051 0.333791 -0.561490 -0.685081 0.786687 0.080570 0.149355 0.111058 -0.040568 0.056051 0.362719 -0.512636 0.548746 0.300717 0.446914 0.100674
0.323657 -0.313930 0.436705 0.325017 -0.533916 0.226287 -0.201587 0.105313 -0.140111 0.173039 0.247883 0.226315 0.162774 -0.339208 -0.573382 -0.319073 0.146317 0.666204 0.362715 0.610762 -0.004665 0.128549 -0.152859 -0.275874 0.050334 0.091880 0.106736 0.000901 0.321403 -0.541797 -1.130941 -0.651622
0.477376 -0.626609 -0.306890 -0.036865 -0.561848 -0.206877 1.312404 0.021207 0.012617 0.343938 -1.096971 0.046332 -0.267915 0.110470 0.687423 -0.330334 -0.987175 0.193372 0.628617 0.834108 -0.515331 0.024320 -0.745695 -0.307823 0.193281 0.265950 -0.268352 0.777219 -0.247056 0.601009 -0.906279 0.549144
-0.507093 -0.273600 -0.659159 -0.248799 -0.446640 0.345503 -0.014109 -0.133076 -0.087841 0.634478 0.628889 -0.039953 -1.012058 0.522939 1.022010 -1.019229 0.489651 -0.439802 0.283340 0.358797 0.364901 -0.938044 0.343028 -0.597683 0.115962 -0.500714 0.692177 1.047966 0.246847 1.052879 0.267488 0.056295
-0.062784 -0.269667 0.394289 -0.277208 -0.282017 -0.650640 1.019467 -0.411349 0.471915 0.528024 -0.280996 -0.029047 0.176570 -0.879808 -0.671236 0.209311 -0.044764 0.038128 -0.384172 -0.307752 -0.133028 0.530804 -0.160345 0.264553 -0.010674 0.610280 -0.165607 0.170524 0.585542 -0.014897 0.034637 -0.318070
-0.760139 0.671466 0.162198 -0.904853 0.466119 0.339181 -0.656971 1.094341 -0.373329 0.284327 0.549032 0.376909 0.693003 0.123622 0.787110 -0.191102 0.458453 -0.044912 1.048018 0.156048 -0.598661 -0.114404 0.221949 0.525265 0.045007 0.188975 0.657646 0.087913 -0.073515 -0.121951 0.286491 -0.243737
-0.152520 -0.152931 0.119581 -0.082816 0.109615 0.705326 -0.239660 1.200896 -1.041806 -0.022638 0.026656 0.338983 0.199980 -0.013663 0.228682 0.044713 0.342440 0.318514 0.841730 0.476368 0.006633 0.159927 -0.101427 -0.076796 0.378967 0.183467 0.348588 0.690648 0.054221 -0.270900 -0.073739 -0.237278
-0.458077 -0.986267 -0.076931 0.405294 -0.181330 1.092410 -0.123544 0.629262 -0.746676 0.214298 0.563072 0.310419 -0.463317 -0.195334 0.099757 -0.379189 -0.346893 -0.170405 0.416948 0.429257 0.170872 0.007792 -0.153123 0.010384 0.020437 -0.374450 -0.385324 0.769264 -1.094719 0.132818 -0.402012 0.246722
0.081157 0.109353 -0.469530 -0.031842 -0.530800 -0.454583 -0.018383 -0.051992 0.361963 -0.050456 0.141714 -0.322022 0.246462 0.300362 -0.498137 0.474994 -0.243794 -1.318320 0.203069 -0.543778 0.439440 0.529031 -0.616198 0.368822 -0.093633 0.200618 -0.320302 -0.174518 -0.513686 0.634593 0.712805 0.707555
-0.038768 0.650658 -0.153023 -1.051763 0.285025 -1.286398 -0.136146 -0.392277 0.218883 0.366370 -0.529861 0.451504 -0.148555 -0.387421 0.055251 -0.039879 0.866717 0.200303 -0.694236 -0.752077 -0.329319 0.196597 0.259277 0.041240 0.239326 0.501763 -0.100413 -0.201378 0.263437 0.164321 0.187303 -0.294487
0.692366 -0.680219 0.234592 0.069949 -0.081602 -0.027946 0.382146 0.588378 -0.607636 0.125932 -0.653601 0.382940 -0.430360 0.097163 0.508271 0.019724 -0.842085 0.020386 0.647953 0.499651 -0.051707 0.581309 -0.224955 0.014219 0.648284 0.385528 -0.212909 0.248230 -0.222028 0.094509 -0.892151 0.095904
0.046781 0.133578 -0.069554 -0.149778 -0.052168 0.461724 -0.660264 0.629594 -1.121454 0.478779 0.580878 0.579660 0.136945 0.531517 0.466382 -0.137616 0.688836 0.415933 0.905083 0.345238 0.369557 0.331682 -0.281044 0.147439 0.244545 -0.045058 1.003975 0.250371 0.060285 -0.317079 -0.804493 -0.880793
-0.608078 0.426664 0.514795 0.161165 -0.149154 -0.814200 -0.659318 0.293516 0.310854 0.359464 0.388941 0.128977 0.715259 -0.421878 0.316228 -0.044146 -0.453256 -0.555272 -0.561033 -0.624849 0.442044 0.220773 -0.425038 0.432498 -0.648266 0.225070 0.227408 0.487511 -0.898881 0.242516 0.766470 0.284318
0.618702 0.263863 -0.165093 0.287573 0.003988 -0.154032 0.358122 -0.206188 -0.282202 -0.150050 -0.578452 -0.337250 -0.549659 -0.028429 0.178695 -0.136047 -0.194049 -0.064858 -0.218100 -0.305250 0.071825 -0.702661 -0.241217 -0.726316 0.878462 0.447047 0.190124 0.296382 0.233914 0.070148 -0.735945 -0.415556
-0.188580 -0.088678 0.149666 -0.458164 0.332435 0.449509 0.314780 -0.274902 0.489414 0.226514 -0.062166 -0.538822 -1.025706 -0.341274 0.740946 -0.366470 -0.021780 0.116137 -0.440224 0.162252 -0.736398 -0.558673 1.195676 0.222986 -0.256793 -0.379774 0.282829 0.495758 0.650348 0.886647 0.122912 0.030186
-0.341371 -0.624138 -0.202821 -0.287921 -0.537935 0.759987 -0.954489 0.430622 -0.049455 1.353154 0.782220 -0.194191 -0.034767 0.282903 -0.473258 -0.207590 0.105336 -0.306927 -0.075896 0.647925 0.891477 -0.153557 0.769370 0.588700 0.290863 -0.259454 -0.403013 -0.754230 -0.775212 0.078616 -0.381526 0.086065
-0.079814 -0.376795 -0.309417 0.020218 0.415872 0.478071 -0.067588 0.644107 0.080165 0.315530 -0.144878 0.869997 -0.346717 0.511793 0.036495 0.047508 -0.349279 -0.288531 0.167895 0.895369 -1.156317 0.408983 -0.728774 -0.571676 -0.185688 -0.735002 0.192375 0.533791 0.067237 0.386115 0.210669 0.456442
-0.220992 -0.313104 -0.398644 0.606775 -0.085371 0.341622 -0.934769 -0.943830 0.273165 -0.025938 0.584034 -0.654671 0.015796 0.492668 0.358294 -0.077018 -0.025187 0.081451 -0.449544 -0.751334 0.246522 0.024404 0.336771 -0.879360 -0.571612 -0.678031 0.428627 0.705741 0.470223 -0.360870 -0.134190 -0.531302
0.180653 -0.262865 0.465425 -0.236357 0.422821 -0.230589 -0.232123 -0.119551 -0.510182 0.244717 0.166226 0.388271 0.672385 -0.561284 -0.113545 -0.412607 0.523776 0.872282 -0.285315 0.409801 0.153801 0.016717 0.471211 0.325376 0.248200 0.656588 0.060826 0.160324 0.669991 0.137220 -0.436093 -0.317892
0.240259 -0.036231 0.737467 0.865590 -0.330228 0.135541 -0.157079 -0.414056 0.061614 -0.655219 -0.093072 -0.179738 0.920040 -0.299385 0.154038 0.117637 -0.842964 -0.262536 -0.006917 -0.534127 -0.134156 0.374123 -1.223407 -0.046820 -0.615202 -0.429461 0.870578 0.323374 0.027258 -1.048792 0.063181 0.028567
-0.449439 -0.439243 1.107148 -0.497172 -0.477355 -0.117961 -0.215242 0.746266 -0.128992 -0.211700 0.208568 0.508463 0.318026 -0.910121 -0.093908 0.086359 0.053703 0.150675 -0.509497 0.040164 -0.085469 0.818450 0.096108 0.795530 -0.122278 0.074446 0.021177 0.198316 -0.461002 -0.404678 -0.122362 -0.127946
-0.389655 0.325857 0.037835 1.021069 0.567389 0.950128 -0.152747 0.447233 -0.404014 -0.374409 0.754856 -0.329503 -0.227493 0.744497 0.812799 -0.243194 -0.250460 -0.732164 0.197935 0.050364 -0.112665 -0.322670 0.069844 -0.010386 -0.715993 -0.586479 -0.339735 -1.102349 -0.663125 -0.286093 -0.602868 0.127138
-0.849952 0.272997 0.488270 0.134314 0.130419 0.333067 0.163441 0.613703 -0.375574 -0.264105 0.006416 -0.128035 0.056135 -0.344091 0.250278 -0.653126 -0.237990 -0.419784 0.398901 0.035117 -0.848869 -0.103242 -0.079028 -0.559695 -0.631081 -0.261281 0.671867 0.421745 -0.220018 -0.098912 0.039598 0.036893
-0.040432 0.125916 -0.604403 -0.144541 0.549602 0.145056 -0.825638 0.555842 -0.892775 0.249245 0.564070 0.625830 0.226171 0.548210 0.213921 0.046884 0.059255 -0.247731 0.908376 -0.047375 -0.160531 0.499852 -0.228087 -0.361033 0.257388 -0.640976 -0.645881 -0.076959 -0.745002 0.257217 -0.312597 0.357549
-0.615909 0.409689 0.235306 -0.391799 0.169141 -0.160014 -0.458204 0.685591 -0.047903 0.236567 0.260638 -0.560341 0.621979 -0.642663 0.527454 -1.062603 0.688158 0.240076 -0.129810 -0.264929 -0.303592 -0.238712 0.839877 -0.680458 -0.477961 0.813394 0.835789 0.880870 0.302565 0.121716 0.009764 -1.097505
-0.185567 0.240812 -0.040318 -0.853021 0.714997 -0.305915 0.827049 0.263680 -0.062008 -0.150738 -1.098816 0.915871 0.227897 -0.090987 -0.286879 0.438368 0.635870 0.848193 0.080649 0.142387 -0.660814 0.068005 0.376471 0.277112 0.846849 0.455693 0.618263 -0.006282 0.528606 -0.110902 0.014095 0.032240
0.552074 0.542953 0.093860 -0.485209 0.488380 0.711417 -0.243161 -0.039889 -0.444524 -0.176407 0.328983 0.297510 -0.054094 -0.062708 0.156740 0.415261 0.658560 0.640662 -0.464518 0.132299 -0.196621 0.125558 0.261839 -0.340825 0.152075 -0.207373 0.679792 0.441007 0.715615 -0.407803 -0.209697 -0.490952
-0.916391 0.015652 0.522444 -1.143068 0.262788 0.197739 0.120867 0.450466 0.610438 0.563916 -0.222053 -0.084567 -0.318128 -0.600795 -0.205108 -0.459727 0.091971 -0.148447 0.108907 0.814034 -0.424999 -0.005807 0.450752 1.003965 -0.551573 0.358345 -0.465457 -0.929247 -0.209269 -0.003753 0.626961 0.175484
-0.367701 -0.351839 0.443584 0.483241 -0.892033 -0.227941 -0.289635 0.203007 -0.212313 0.636170 0.180312 0.424239 0.523504 -0.077424 -0.023603 -0.112551 0.044634 0.232741 0.178176 -0.519085 -0.049650 0.676672 -0.252485 -0.009541 -0.291377 0.246430 -0.014409 0.292300 -0.074254 -0.073285 0.099887 0.309891
-0.707362 0.365243 -0.138391 -0.176001 -0.131193 0.518041 0.475043 -0.051223 0.382985 0.524982 0.576241 -0.596785 -0.405314 -0.492602 0.636421 -0.782947 0.095149 0.707107 -0.036344 0.096729 0.299262 -1.188719 0.538479 0.089910 -0.499896 0.778700 0.069039 0.713331 0.384182 0.310455 -0.144204 -0.567640
-0.052217 0.582207 -0.349063 0.466421 -0.469561 -0.121907 0.408534 -0.096119 0.377072 0.111056 0.104117 -0.069267 0.338963 0.411066 0.181101 0.225163 0.164440 -0.769946 1.142730 0.335605 -0.459153 0.296982 -0.483502 -0.306569 0.380990 0.733983 -0.304892 0.241886 -0.216264 0.029696 -0.728974 -0.095129
0.410378 0.505742 0.097965 0.626041 -0.088489 0.138666 0.614357 0.352683 0.204789 0.358058 0.184463 -0.191906 0.867983 0.612187 -0.816969 0.803772 0.175677 -0.467480 0.546869 0.254772 0.167752 0.172316 -0.039765 0.214836 0.314669 0.219017 -0.386649 -0.943444 -0.603652 -0.540312 -0.121828 -0.855224
0.251243 -0.132993 0.205297 -0.083749 -0.563518 -0.706495 0.337769 -0.604144 0.251239 0.272408 -0.035112 0.373980 0.056384 -0.714073 0.062682 -0.452677 -0.219734 0.984324 -0.497530 -0.236999 -0.208051 0.135667 -0.485438 -0.137517 -0.258988 0.394710 0.539774 0.424005 0.642136 -0.425854 -0.226302 -0.903765
0.409795 -0.464723 0.929606 0.249765 0.078881 0.431058 -0.404715 -0.483404 0.170009 0.035699 0.642603 0.111824 0.237058 -0.207075 -0.348093 -0.099418 -0.596479 0.298397 -0.908162 0.364686 0.178141 0.288461 0.559670 0.323794 -0.631562 -0.022429 0.331414 0.226232 0.621962 -0.429250 0.096352 0.209983
-0.312137 -0.295979 1.072193 -0.480859 -0.350432 0.102103 -0.726253 -0.098316 -0.462571 0.025945 0.151218 0.136157 0.554567 -0.584471 -0.121117 0.050643 -0.587425 -0.045962 -0.007216 -0.097667 -0.056617 0.476024 -0.064120 0.366844 -0.379016 -0.117022 0.247849 0.293950 -0.239064 -0.467433 0.145863 0.563030
0.253866 -0.023569 0.627936 -0.341927 0.012977 -0.612762 0.365536 -0.145090 -0.422561 -0.017724 -0.033581 0.979190 0.269445 -0.703876 -0.423729 0.361087 0.388154 0.996333 0.032382 0.403846 -0.050902 0.479065 0.185514 0.123719 0.265118 0.541179 -0.009395 0.408124 0.633035 -0.265193 -0.402610 -0.190150
-0.206230 0.502032 0.198790 -0.119993 0.248350 0.502680 -0.781702 -0.056155 0.184061 0.089030 0.298977 -1.050323 0.016274 -0.775498 0.480281 0.198124 -0.743096 -0.800504 -0.779515 -0.360477 -0.992583 0.210696 0.450696 -0.139696 -0.774904 -0.476422 0.162440 -0.227326 -0.034735 -0.175215 0.632412 -0.003097
0.046316 0.086423 0.355098 0.495521 0.361730 0.082148 -0.356096 0.529697 -0.139844 -0.769862 0.295376 -0.228785 0.410069 0.267531 0.564934 0.222046 0.414634 -0.414619 0.477210 -1.011679 -0.181768 0.270839 -0.784632 -0.333555 -0.385358 -0.390661 0.833054 0.447451 -0.247206 -0.903256 -0.752905 -0.465264
0.198339 0.809882 -0.303754 -0.129457 -0.129401 -0.133291 0.276937 0.393474 -0.355407 0.459563 0.150195 0.433049 0.646690 0.491246 0.330905 -0.164774 0.832907 -0.519724 1.202771 0.289051 0.267624 -0.040811 -0.171844 -0.287342 0.645092 0.487520 0.259154 0.264555 -0.247059 -0.422145 -0.244116 -0.313366
0.380283 0.014950 0.067641 0.065532 -0.657523 -0.143630 0.652924 0.007246 0.076343 0.596937 -0.106704 0.066978 0.106668 0.301273 0.382540 0.049865 -0.006954 -0.419161 0.404852 0.312395 -0.612798 -0.293499 -0.309890 -0.515243 0.488785 0.530870 -0.078970 0.096190 -0.320774 -0.235708 -0.480182 -0.130656
0.072755 -0.005700 -0.394492 -0.136860 0.033028 -0.024151 0.162545 0.574059 -0.522212 0.142546 -0.512820 0.515880 -0.023758 0.356261 0.520792 0.055847 -0.128035 -0.090142 0.255262 0.104889 -0.597376 0.359499 -0.377505 -0.361062 0.261863 0.181067 0.249411 0.024325 -0.253560 0.476961 -0.645211 0.428816
-0.250184 -0.420326 -1.313752 0.470864 -0.367487 0.220804 0.127280 -0.118118 0.024807 -0.633247 0.106116 0.668289 -0.505982 0.899634 0.036579 -0.103217 0.105505 -0.213168 0.229040 -0.066048 -0.042810 0.333782 -0.487624 -0.232181 -0.123549 -1.018436 -0.284984 -0.012306 -1.279733 0.478235 -0.544404 0.684837
-0.141108 0.404536 0.413038 -0.178335 0.962679 -0.238706 0.043469 0.978298 0.058072 -0.310976 -0.072985 0.079894 0.251783 -0.074076 0.650046 0.835075 0.353100 -0.303851 0.470105 -0.069078 -0.779098 0.383153 -0.258632 0.447792 -0.281397 -0.145974 0.123694 0.064395 -0.118332 0.067611 0.598861 0.262742
0.648861 -0.561813 0.417311 0.515255 0.143500 -0.488516 0.120689 -0.936057 0.000275 -0.570692 0.005546 0.180308 -0.080170 0.025380 -0.605470 0.015705 -0.612503 0.590569 -1.147735 -0.842188 0.310171 0.104427 -0.379144 -0.390262 -0.041148 -0.374981 0.190863 0.322645 0.674675 0.320271 -0.505317 -0.328352
-0.132067 -0.409871 0.820729 -0.167150 0.258938 0.184323 0.302366 0.409425 0.532937 -0.633516 -0.334407 -0.020310 0.034808 -0.942102 0.040245 0.142331 -0.583759 -0.211994 0.013214 0.827705 -0.762875 0.166579 -0.339485 0.324572 -0.761318 0.287836 0.106649 -0.036503 -0.205308 -0.700826 -0.352127 -0.087928
0.144457 -0.436769 0.018420 0.008836 0.625425 0.358887 -1.172003 0.093656 -0.151423 -0.170988 0.765302 0.197472 0.350727 0.517576 -0.326364 0.415499 0.814219 0.082923 0.210396 -0.015344 0.409683 -0.353641 0.446602 -0.089073 0.774441 0.398186 0.088606 -0.602567 -0.352586 -0.799009 -1.089849 -0.719363
-0.870557 0.128142 0.823940 0.271067 -0.029025 -0.276492 -0.472809 0.940533 -0.426184 -0.228284 0.328547 0.331297 0.814173 -0.177029 0.090276 0.168939 0.140910 -0.810147 0.767491 0.000334 -0.380703 0.780325 -0.658230 0.434236 -0.124050 0.308159 -0.257187 0.023203 -0.863710 -0.207529 -0.321658 0.309084
0.020405 -0.255483 0.372377 -0.127126 0.610679 0.038407 -0.356475 0.779408 -1.133485 -0.220204 -0.052093 0.676543 0.296515 0.565697 0.368838 0.445022 0.141910 0.201461 0.252140 0.595490 0.095943 0.832957 -0.721465 -0.065286 0.122383 -0.656081 -0.004760 0.460913 -0.129509 0.000447 -0.183982 0.896695
-0.159629 -0.524039 0.926288 -0.589299 -0.060500 -0.478313 -0.609335 -0.196460 0.218953 0.182066 -0.148572 -0.038597 -0.324640 -0.610994 -0.461107 -0.141578 -0.178659 -0.454102 -0.710042 -0.675910 0.167355 0.140293 0.046643 0.471811 -0.362125 0.012114 0.070029 -0.308229 0.181452 0.082317 0.594568 -0.075685
-0.983541 0.048288 -0.701100 0.060892 -0.511435 -0.054330 0.904981 0.179487 0.056254 0.614536 -0.112038 -0.371313 0.233283 -0.436440 1.116277 -0.523254 -0.168129 -0.484552 0.355684 0.116871 -0.471473 -0.111551 -0.143460 -0.405378 -0.264845 0.638628 0.801395 0.455492 0.141130 0.518711 0.166921 -0.148453
0.134942 -0.292446 -0.072828 0.269376 0.130814 0.366913 -0.597081 -0.370027 -0.069235 0.178743 0.010354 0.660258 -0.531452 0.139552 0.406307 -0.120569 -0.293358 0.147572 -0.636400 -0.121208 0.610058 -0.097886 -0.047017 -0.383594 -0.261679 -0.609577 0.201525 0.305047 0.089797 0.782832 0.170844 -0.167677
-0.577850 0.271247 0.312921 -0.754316 -0.267520 -0.572485 -0.513244 -0.043454 0.180898 0.081527 0.207634 0.565233 0.563297 -1.106923 0.244667 0.008046 -0.439277 -0.322725 0.212328 0.219847 -0.199997 0.446921 -0.454401 0.359709 -0.446053 0.003967 0.199801 0.301195 -0.534554 -0.497093 0.364176 0.793566
-0.327660 -0.479387 -0.106154 0.749218 -0.399369 0.924285 -0.079591 -0.150141 0.397039 0.520005 0.361771 -0.349827 -0.229454 0.416185 0.292791 -0.691560 -1.574552 -0.966139 0.295030 0.879106 -0.040091 0.547771 -0.437788 0.828420 -0.795555 -0.271188 -0.386523 0.431575 -1.068192 -0.073545 -0.149723 0.245932
0.109859 -0.377247 0.065752 1.447651 -0.639597 0.455249 -0.237498 -0.263230 0.266901 0.379801 0.598916 0.369794 0.485007 0.792951 -0.294606 0.102270 0.154782 0.125405 -0.199284 0.232836 0.414546 0.391373 -0.162430 -0.194758 -0.497703 -0.495944 -0.408554 0.291503 0.463621 0.226441 -0.376511 0.070499
0.848352 0.224226 0.077842 -0.030840 -0.805068 -0.601052 0.403712 -0.414669 0.112254 -0.116764 -0.757586 0.565870 -0.045333 0.184971 -0.469966 0.795017 0.172077 -0.428915 -0.381955 -0.069429 0.066704 0.524137 -0.301475 -0.245630 0.759309 0.323389 0.111474 -0.026288 0.403248 0.050151 0.205126 0.364840
-0.428336 0.037215 -1.269374 -0.606106 -0.794053 -0.423120 -0.017187 -1.229792 -0.522944 0.782081 0.905920 0.725142 -0.778837 0.251509 -0.129905 0.250634 0.246312 0.176930 -0.319618 -0.429770 0.875852 -0.691107 0.689107 0.039851 0.449245 0.547689 -0.524488 -0.643680 -0.095565 0.398880 0.539183 0.081643
-0.002764 1.062874 -0.403820 0.143566 0.635727 -0.306869 -0.577144 0.349679 -1.019392 -0.364030 -0.174495 0.549079 0.373733 0.496713 0.198998 0.624688 0.488422 -0.870209 0.366235 -0.478676 0.243249 0.375672 -0.765235 -0.492778 0.045668 -0.571239 -0.147495 0.078769 -0.547641 0.662073 0.905620 0.307032
0.833798 -1.184633 -0.082841 0.706472 -0.152044 0.606778 0.759138 0.000011 0.143767 0.025599 0.009156 0.009536 -0.087894 0.037820 0.256451 -1.185657 -0.211001 0.876683 0.321752 1.412272 0.021985 -0.317871 -0.143179 -0.616721 0.183078 0.699172 0.478569 0.290321 0.309962 -0.214891 -1.593563 -0.548701
0.324953 0.414182 0.260389 0.104155 0.769878 -0.814269 -0.572900 0.264346 -0.340355 -1.066595 -0.202787 0.372731 0.743955 0.266159 -0.020798 0.748891 0.082018 0.011105 -0.486155 -1.021943 -0.182668 0.449945 -0.771431 0.291233 -0.311690 -0.780578 -0.153375 0.177871 0.167329 -0.571348 0.088627 0.001448
0.754911 -0.457480 0.650245 0.308546 -0.730834 -0.511402 0.521703 0.381843 -0.194500 0.317477 -0.142650 0.819691 0.393022 -0.480359 -0.389544 0.438807 -0.188913 0.037256 0.437467 0.655480 0.333012 0.735618 -0.277337 -0.024881 0.237829 0.265335 -0.066521 0.140335 -0.037338 -0.349136 -0.824408 -0.565151
-0.760879 0.293071 -0.252858 -0.157993 0.249156 0.479631 -0.135849 0.309642 -0.956996 0.762598 0.528008 0.453087 0.252169 0.617168 0.542000 -0.586409 1.337651 -0.191774 0.695829 -0.052958 0.635546 -0.181057 0.117597 0.209220 1.003458 0.353015 0.024861 -0.234575 0.296815 -0.591648 -0.765459 -0.261901
0.097213 0.389929 -0.017101 0.447943 0.304846 0.203724 -0.236677 0.258204 -0.542222 -0.466008 0.170830 -0.007482 0.976913 -0.190192 -0.184623 -0.023236 0.176993 0.379322 0.674680 0.661299 0.011325 0.221680 -0.832549 -0.089462 0.320189 0.010354 0.470456 0.480391 -0.513442 -0.675394 -0.925513 -0.008176
0.075357 0.113666 -0.390819 0.198652 -0.202810 -0.612004 -0.141641 -1.021978 -0.004117 0.017476 -0.149124 -0.040037 -0.338199 0.072609 0.360955 0.587732 0.051310 -0.072675 -0.279205 -0.948137 -0.098151 0.315582 -0.021862 -0.052641 -0.028843 -1.107808 0.506467 0.428001 0.432168 0.446710 0.973526 1.003893
0.207949 -0.681754 -0.368671 1.144819 -0.515915 -0.316278 0.279509 -0.414964 0.708429 0.152818 -0.001264 0.411052 0.106875 0.072471 -0.504573 0.095226 0.024955 -0.093501 -0.353677 -0.747654 0.492480 0.059785 -0.172723 -0.318381 0.227853 -0.036639 -0.441900 0.043701 -0.049451 0.425544 0.063726 0.496271
-0.909779 -0.436587 0.051486 0.447904 -1.190157 -0.129109 0.057292 -0.458711 0.985931 0.750209 0.252944 -0.248572 0.043480 -0.472629 -0.043384 -0.661022 -0.605225 -0.319724 -0.553627 -0.743748 0.342973 -0.297839 -0.229035 0.090165 -0.862985 0.355877 0.223254 -0.158242 0.060750 0.542104 0.624509 0.044408
-1.222551 0.268147 0.639779 0.086001 0.485606 0.316664 -0.238736 1.193035 -0.026476 0.020242 0.486393 -0.482984 0.287597 -0.728706 0.980882 -0.098091 -0.731137 -0.419608 0.346319 0.458519 -1.138396 0.444113 -0.812827 0.428131 -0.656221 -0.156067 0.432030 1.009344 -0.700303 -0.579790 -0.193613 -0.298742
0.679504 0.078580 0.411393 0.540345 -0.267655 0.130617 -0.177235 -0.425039 -0.126710 -1.189248 -0.057787 0.120095 0.571040 0.239307 -0.521802 0.211804 0.352294 0.460564 0.140627 -0.277014 0.576428 0.197656 -0.164230 -0.205300 0.206064 0.184389 0.184575 0.570899 -0.171285 -1.324088 -0.760395 -0.467426
-0.146000 -0.085614 -0.235127 -0.493881 0.482256 0.370776 0.101146 -0.178570 -0.246783 0.445118 -0.030982 -0.094471 -0.579210 -0.053731 0.875825 -0.213369 0.223461 -0.355373 -0.238335 0.444867 0.291300 -0.561731 0.745625 0.002152 -0.210877 0.018898 0.310565 0.031095 0.385365 0.519711 0.649536 -0.040618
0.469342 -0.114526 -0.140899 0.089408 0.251634 0.095296 -0.428953 -0.201645 -0.529575 -0.269858 -0.150156 0.204631 0.067385 0.333994 -0.565577 -0.026103 -0.034972 0.260853 -0.185167 -0.259068 0.542552 0.048450 0.420343 -0.148742 0.525163 -0.091954 -0.241771 0.117270 0.140519 -0.145261 0.202627 0.208483
0.203202 -0.066693 0.598932 -0.075755 0.308870 -0.013055 0.391216 0.093462 -0.108906 -0.329248 0.000822 0.268887 0.435691 -0.448386 0.058705 -0.409737 0.522789 0.342914 -0.352695 -0.448100 -0.356063 -0.436480 0.137754 -0.057667 -0.433539 0.249751 0.458921 0.213339 0.582045 0.242483 -0.257738 -1.237661
-0.465686 0.435783 0.028889 0.303221 0.076352 -0.187223 -0.253279 -0.005152 -0.633121 -0.114490 0.596997 -0.132998 0.513347 -0.341883 0.266452 0.099835 1.102191 -0.424423 0.794263 -0.728421 0.257325 -0.113971 -0.814017 -0.352236 -0.262021 0.006705 0.701907 0.350386 0.004059 -0.284718 0.357696 -0.794780
-0.169721 0.135426 0.570186 0.037891 -0.148202 0.046900 -0.388955 -0.187294 0.504906 -0.122373 0.014083 0.145070 -0.037693 -0.516345 -0.102618 -0.150067 0.396023 0.621529 -0.061132 0.170712 -0.209116 0.427718 0.195341 -0.009240 -0.236930 0.492210 0.232319 0.442503 0.297503 0.435840 0.227544 -0.659796
-0.340881 0.323032 -0.511385 -0.091409 0.399011 0.375622 -0.197045 0.203288 -0.947258 -0.450842 0.185965 0.212415 -0.046979 0.759992 0.149005 0.049201 0.385886 0.250343 -0.256171 0.147144 -0.167759 -0.581673 -0.040798 -1.216336 -0.867638 -0.769526 0.389051 0.288334 0.226280 0.300319 0.178310 -0.373859
0.151688 -0.373402 0.920351 0.054532 0.981628 0.922914 -0.255134 0.711959 -0.068417 -0.399020 0.228030 -0.370121 -0.551245 0.072627 0.246935 -0.032841 -0.548334 0.373350 -0.441520 0.489526 -0.336820 0.161942 0.235604 0.754960 -0.371713 -0.431576 0.101122 0.347342 0.002621 -0.401885 0.798582 0.504121
-0.741753 0.330046 -0.086931 -0.968569 -0.409427 -0.008842 -0.088251 -0.542532 0.536554 0.526751 -0.537536 -0.192464 -0.496029 -0.258391 -0.002441 -0.215360 0.708097 0.149483 -0.525739 -0.017815 -0.750413 -0.160425 0.136439 0.109695 -0.252636 0.844687 0.071472 0.228970 -0.460915 -0.224935 -0.262500 -0.547559
0.106002 -0.098221 0.346607 0.018644 0.221201 0.341382 -0.257346 -0.203522 0.574977 -0.203821 -0.006657 -0.504526 0.377899 -0.590737 0.339400 0.655930 -0.400836 -0.566149 -0.338436 -0.131892 -0.550910 0.492568 0.068818 0.761772 0.104967 -0.853235 -0.431499 -0.536484 -0.765573 -0.280285 0.482763 0.362484
0.068099 -0.213078 -0.692710 -1.061177 0.595827 -0.017897 -0.307478 0.047841 -0.527793 0.403093 0.109050 0.490618 -0.670598 0.551967 -0.618926 0.304633 0.325371 -0.024373 0.269361 0.316293 0.660431 -0.278146 1.111136 -0.077639 0.902257 -0.113455 -1.102459 -0.598362 0.066965 0.747862 0.419221 -0.187218
0.028651 -0.595656 0.200248 -0.223831 0.340008 0.827008 -0.594332 0.384084 -0.463603 -0.193862 0.666975 -0.310464 -0.212732 0.770953 -0.156536 -0.439357 0.185036 0.645875 0.264479 0.115929 0.722572 -0.241263 0.206535 0.057116 -0.143935 0.056161 0.128931 -0.262237 0.112574 -0.458354 -0.558828 -0.093472
0.665628 -0.152222 0.605337 0.191603 -0.150547 -0.352770 0.267262 -0.400905 0.146350 0.079422 -0.163376 0.700680 -0.449348 -0.654577 -0.560804 0.067392 -0.385000 0.461732 -1.511044 -0.442574 0.016138 0.440233 -0.518473 -0.017070 -0.041745 -0.831456 -0.035044 0.540388 1.301831 0.343198 0.945964 0.818576
0.457012 0.595305 0.291940 -0.545177 0.509891 -0.272803 0.228629 0.602594 0.552504 -0.729036 -0.489078 -0.747401 0.183385 -0.245704 -0.274669 0.502944 -0.518284 -0.342226 -0.656104 -0.391653 -0.114686 0.394239 0.005895 0.592358 -0.183145 -0.206348 -0.230338 -0.515462 -0.042911 -0.294870 0.460918 0.553780
0.711028 0.029980 0.085900 -0.856189 0.109352 -1.119921 -0.267090 -0.140321 -0.434139 -0.398066 -0.577987 0.566549 -0.455520 0.057948 -0.345528 0.819488 0.453906 0.217387 -0.962029 -0.175157 0.375857 0.657657 0.121789 -0.196905 0.946833 -0.218177 0.010088 -0.114479 0.911965 0.617081 0.494742 0.373574
0.079328 -0.633037 -0.382277 0.068524 -0.535790 0.149247 -0.018569 0.251641 -0.551053 0.041953 0.497403 0.309879 0.225726 0.156642 -0.411230 -0.751480 0.533901 0.404112 0.216889 -0.084356 0.603350 -0.252422 -0.316561 -0.610489 -0.136700 0.289467 0.072060 0.412791 0.229884 -0.192545 -0.415016 -0.184851
-0.641143 -0.259981 0.569370 -0.379061 0.032125 0.729835 -0.823779 -0.098762 0.162142 0.289190 -0.122473 -1.139071 -0.196835 -0.359518 0.004995 -0.411178 -0.246992 -0.364027 -0.338462 -0.025467 -0.123300 -0.371884 0.284812 0.811759 -0.576407 -0.198731 -0.441122 -0.591159 -0.047402 0.053845 0.767662 0.047047
0.428767 -0.012999 0.160600 0.197358 -0.107713 -0.076797 0.458066 -0.290717 -0.090175 -0.503151 0.033385 0.140059 -0.200979 -0.220340 0.531265 -0.795275 -0.171513 0.208127 0.079549 -0.222920 0.001153 -0.063523 -0.373290 -0.393513 -0.233932 -0.332273 0.285890 0.955256 0.998852 0.518809 -0.283062 0.431527
0.625324 1.065742 0.140099 0.285229 0.233527 -0.512041 -0.108454 -0.816967 -0.276768 -0.457840 0.169078 0.788228 0.081219 0.136032 -0.461727 0.877667 0.647379 0.731384 0.108546 -0.893818 0.475000 -0.073617 -0.181069 -0.598948 0.255526 0.473533 -0.102046 0.024792 0.433652 -0.194742 -0.172416 -0.105024
-0.073312 0.110984 -0.813235 -0.110828 -0.179235 0.126323 0.043649 0.238112 -0.267354 0.192023 0.063198 -0.198054 0.118595 0.109949 0.576157 0.243400 0.859749 -0.310491 0.771116 -0.282730 0.464859 -0.791403 -0.309917 -0.358918 0.206647 0.272871 0.065597 0.502101 0.062755 -0.385198 -0.146078 -0.153133
0.191258 0.353527 -0.736987 0.548743 -0.638714 -0.852146 0.656922 -1.055119 0.580716 -0.693970 0.045028 -0.715975 0.469896 0.399974 -0.178025 0.285732 -0.249279 -0.781735 0.486702 -0.680280 0.537772 -0.496802 -0.234075 -0.506405 0.363202 0.341892 0.349364 -0.619471 -0.374916 -0.293373 -0.525112 -0.036467
-0.085484 -0.617190 -0.201404 -0.267203 -0.245379 0.042713 -1.032335 -0.564831 -0.526158 0.440169 0.862202 0.572155 -0.416367 -0.003856 -0.667500 0.061785 0.247804 -0.061722 -0.155571 -0.290293 0.587629 -0.345743 0.636601 -0.247407 0.450642 -0.065327 -0.152993 -0.379868 0.171971 0.059842 0.158731 -0.007295
-0.145233 0.398092 0.134721 0.263012 -0.256449 -1.062406 0.038751 -0.519882 0.324241 0.057915 0.003556 0.008414 0.606004 -0.436579 -0.351919 0.240092 0.005551 -0.014414 0.112289 -1.198513 0.182847 0.190171 -0.624272 0.087789 -0.186402 0.358298 0.510933 0.373410 0.089138 -0.089488 0.288079 -0.885180
-0.454431 0.101174 0.177546 -0.122686 -0.071796 0.002730 -0.175613 0.242718 -0.366085 0.177658 0.241300 0.198143 0.042808 -0.237113 -0.122977 0.320907 -0.009504 -0.059706 -0.347407 0.069908 0.195446 0.418550 0.099881 0.198287 0.140471 -0.009289 -0.130689 0.088976 -0.680746 -0.882539 0.095883 0.358511
0.234533 -0.837778 1.044308 -0.749710 0.323370 0.044327 -0.004864 -0.080902 0.517628 -0.414813 -0.077259 -0.489206 -0.653958 -0.660936 -0.417202 -0.323046 -0.203207 0.516843 -1.403677 0.208581 0.093372 -0.119507 0.389326 0.868365 -0.305592 -0.096539 0.036393 -0.454577 0.267850 -0.393734 0.021791 -0.230500
-0.077680 -0.243020 -0.118422 0.155456 -0.776458 0.028469 0.359789 -0.119767 -0.240145 0.890801 -0.072960 0.205827 -0.628828 -0.360819 0.500780 -0.384862 -0.221712 0.132259 0.288136 0.019017 -0.461236 -0.424389 -0.670894 -1.011515 -0.049165 0.470186 0.504264 0.868110 -0.211955 -0.239113 -0.342074 -0.091731
0.383066 -1.191324 0.007375 -0.171955 -0.287196 0.052569 0.104057 -0.720447 0.115331 0.409580 0.495740 -0.204318 -0.407946 -0.050356 -0.733910 -0.271992 -0.143107 0.107777 0.033888 0.232852 0.695481 -0.553630 0.466475 -0.193354 0.810592 0.607872 -0.450656 -0.290813 0.304227 0.187670 -0.263172 -0.194993
-0.055345 -0.328465 0.076077 -0.032004 0.441070 1.267573 -0.256372 -0.106376 0.281503 0.181620 0.357764 -0.888475 -0.416173 -0.166791 -0.009303 -0.800038 -0.446245 0.331594 -0.847009 0.105320 -0.032538 -0.451595 0.483597 0.675178 0.058244 -0.596467 -0.106689 -0.458855 0.808790 0.053178 0.511506 0.312442
0.090869 0.225785 0.689438 0.059426 0.928350 0.388586 0.018120 0.289775 0.633332 -0.120622 -0.218950 -0.494295 -0.209471 0.240094 -0.444301 0.662533 -0.693695 0.014755 -0.029137 0.173077 0.508748 0.496046 0.104702 0.636406 0.032857 -0.199553 -0.500062 -0.836131 -0.186413 -0.255568 0.494521 0.638729
-0.521652 0.327957 -0.110140 -0.866222 0.435069 0.223424 -0.328533 -0.351662 0.024810 -0.817132 0.543382 -0.092689 -0.438104 0.005164 0.376739 0.273154 0.075736 0.061045 0.210104 -0.085009 -0.191566 -0.083169 0.447629 -0.009715 -0.200015 -1.165093 -0.056092 0.016233 0.134793 0.237055 0.224914 -0.371677
0.500185 -0.701329 -0.079184 -0.252936 0.271475 0.570729 0.556919 -0.653593 0.094328 -0.691373 -0.045058 0.631749 -0.634013 0.398177 0.124824 -0.427877 -0.311346 0.449963 -0.037845 0.705161 0.173216 -0.206249 0.560178 -0.655242 0.170204 0.156398 0.603677 0.721925 0.461602 0.293712 -0.763988 -0.052397
0.120752 0.032681 -0.056154 -0.425163 0.505058 0.329439 0.390683 0.219007 -0.251399 0.025888 0.448212 0.587146 -0.314835 -0.011221 -0.054860 -0.113393 0.376252 1.282512 -0.769863 0.374443 -0.340877 0.079472 0.678122 -0.773475 0.462360 0.159335 0.180234 0.095011 0.848537 0.391594 0.084477 -0.297496
0.306832 0.011574 0.099089 0.377667 -0.198056 -0.380715 0.210245 -1.001720 -0.143181 0.307820 -0.085531 0.385189 -0.473917 -0.299208 0.296745 -0.520669 -0.152762 0.298989 -0.957584 -0.197891 0.073362 0.559358 -0.039258 -0.250097 -0.900099 -0.521218 0.629988 0.550926 0.647867 0.048069 0.087277 0.072685
-0.378787 -0.387718 0.472619 -0.562547 -0.866168 0.075205 0.132769 0.520037 -0.146071 0.473972 -0.035260 0.236913 0.285370 -0.295128 -0.029172 0.291470 0.074916 0.399229 -0.195378 0.624086 -0.380347 0.390557 0.359469 0.832841 -0.161694 0.806475 -0.517645 -0.825993 -0.500204 -0.507079 0.018985 0.116169
-0.826406 0.288166 0.217685 -0.296883 -0.055709 -0.140350 0.062632 0.139046 -0.270601 0.543794 -0.033748 0.057913 -0.120047 -0.834115 0.252502 -0.262543 -0.270759 -0.035160 0.012123 -0.230403 -0.747948 0.603457 0.037350 -0.450279 -0.570207 0.482882 0.672749 0.374280 0.026176 -0.160064 0.220318 -0.616842
-0.297977 1.247287 0.038736 0.050507 0.612403 0.018569 0.200188 1.022476 -0.543675 0.071123 0.037666 -0.254309 0.078786 0.241692 0.261794 0.616718 0.106551 -1.208694 0.087132 0.165138 -0.745105 0.388744 -0.276591 -0.194913 -0.220638 -0.668273 0.220063 0.181251 -0.551089 -0.122881 0.436842 0.114080
0.328868 -0.279751 0.070813 0.156540 -0.658605 -0.817373 0.198250 -1.391510 -0.188228 0.871060 0.250566 0.546576 0.132154 -0.197527 0.288035 -0.069480 0.447731 0.375627 -0.874400 0.014393 0.577788 0.110362 -0.017827 0.052528 0.082963 -0.306872 0.225987 0.102141 0.737665 1.026281 0.183316 0.333168
0.221652 0.508909 0.144975 0.534352 -0.051038 0.035442 -0.144574 0.623157 -0.702807 -0.204549 0.350513 0.782620 0.691905 0.035110 0.408897 -0.235922 0.328393 0.361389 0.268218 0.200957 0.038062 0.679226 -0.871505 -0.569872 -0.663069 -0.426922 0.877915 0.931456 -0.133333 -0.486298 -0.373075 -0.362257
0.132440 -0.082487 -0.692582 -0.329488 0.600455 0.592968 0.499019 -0.238522 -0.673078 0.293993 0.058938 -0.203571 -0.290689 -0.047319 0.780668 -0.542507 0.386110 -0.027648 -0.005414 -0.042841 -0.883824 -1.053892 0.112561 -0.639507 0.029880 -0.269141 1.007163 0.847852 0.599898 0.883337 -0.143707 -0.524589
0.970293 -0.034090 -0.099026 -0.416996 0.363749 -0.113757 0.089935 -1.037808 0.595369 -0.275121 -0.385568 -0.116749 -0.522292 -0.063698 -0.558878 0.712498 -0.485342 0.238703 -0.647335 -0.055938 0.339719 0.084250 0.179826 0.200654 0.489466 0.071046 -0.255269 -0.623813 -0.110027 0.264477 -0.107453 -0.128398
0.841772 0.132696 -0.465725 0.278123 0.658293 -0.123226 0.102008 -0.703330 0.061631 -1.135816 -0.455078 0.138532 0.283717 0.418060 -0.683623 0.625155 0.294721 0.798688 0.108549 0.288405 0.392681 -0.580865 0.140094 -0.073504 1.129484 0.014678 -0.362135 -0.433166 0.260601 -0.024057 -0.840726 -0.207676
-0.268396 -0.538145 0.498620 -0.608897 -0.421461 0.150495 0.394138 0.495219 -0.097447 0.033092 -0.695376 0.346915 -0.027523 -0.716412 -0.677050 -0.054776 -0.208916 0.322126 0.365201 1.003502 -0.670009 -0.132427 -0.284263 1.145625 0.161690 0.589672 -0.839769 -0.125951 -0.278059 -0.094251 -0.128008 0.035948
-0.057484 -0.136547 -0.135984 -0.022083 0.264942 0.246988 -0.574591 -0.400489 0.659436 -0.197684 0.048421 -0.101583 0.113083 0.020415 0.401756 0.350648 0.230646 -0.191008 -0.751569 -0.665569 0.282534 -0.242558 0.396278 -0.065137 0.381688 -0.396941 -0.017041 -0.538535 0.002606 0.423735 1.049017 0.388123
0.128750 0.523722 0.258430 -0.284338 0.480468 0.313439 0.475993 -0.089076 0.679822 -0.060444 -0.578339 -0.619422 0.215075 0.190092 -0.473213 0.540835 -0.231918 0.419449 0.078603 0.577046 -0.767564 -0.291342 0.220146 0.226571 0.609111 0.968223 -0.221385 -1.028891 0.049153 -0.419634 0.480443 -0.011031
0.880235 -0.100432 -0.012199 0.183321 0.455108 0.275043 0.235130 -0.847406 0.050331 -0.412276 -0.247523 -0.259214 -0.242841 0.300177 -0.074153 -0.123188 -0.155553 0.406648 -0.211513 0.199215 -0.374567 -0.912352 0.334518 -0.774103 1.041944 0.212749 -0.081274 -0.016973 0.779138 -0.317696 -0.337656 -0.524050
0.018582 -0.583123 0.551049 -0.516121 -0.449917 0.610563 -0.122132 -0.045646 0.116902 0.355081 0.447639 0.404428 -0.375554 -1.221111 -0.566269 -0.972868 0.292240 0.699429 -0.121936 0.396452 -0.061396 -0.522808 0.396584 -0.138762 0.111457 0.598938 0.223026 -0.140309 0.808700 -0.442162 -0.654083 -1.044397
-0.195449 0.177945 -1.021157 0.164522 0.250510 0.269240 0.640229 -0.367117 0.187248 0.219067 0.267898 -0.332519 -0.914922 0.527199 0.575278 -0.914459 0.491021 0.393856 -0.545789 -0.093395 0.108328 -0.565001 0.800240 -0.244656 -0.273889 0.272268 0.023162 0.382608 0.421844 0.344456 0.795482 -0.401191
0.220799 -0.568548 0.136384 -0.000580 -0.636539 -0.376560 0.304426 -0.763337 -0.187188 0.384144 0.157979 0.814133 -0.107018 -0.934970 -0.118078 -0.507302 0.797634 0.602939 -0.095145 0.445048 0.630313 -0.042388 0.726730 -0.365696 -0.234218 0.788177 0.803241 0.370285 0.081056 -0.126742 -0.319079 -1.045392
0.053952 -0.328344 0.295240 -0.127309 0.245540 0.664549 0.203218 0.363288 -0.071165 -0.056644 0.099975 -0.293356 -0.216399 -0.080387 0.090214 -0.576831 -0.533163 0.551922 0.045991 0.964951 -0.106349 -0.168770 0.764715 0.474535 0.313261 -0.313677 -0.495394 0.173731 0.185720 0.090069 -0.065655 0.431685
-0.123153 0.501845 0.156637 -0.415880 0.505050 0.697732 -0.059100 0.203910 -0.037537 -0.580774 -0.133897 -0.399254 0.366860 -0.074459 0.240340 -0.342570 0.236874 0.360740 0.449100 -0.342907 -0.260297 -0.238841 0.320681 0.407049 0.173474 -0.033247 0.457478 -0.407006 -0.353570 -0.811513 -0.209054 -0.134943
0.446786 -0.680965 -0.333371 -0.320917 0.287278 0.719515 0.102298 -0.327029 -0.011490 -0.141918 0.201357 -0.456349 -0.831705 1.134281 0.337806 -0.262166 -0.629603 0.002545 -0.004039 0.325058 0.172122 -0.727766 0.791067 -0.540344 0.695225 -0.205423 -0.761344 -0.524069 0.066336 0.182041 -0.345424 0.185272
0.090626 -0.358689 -0.827878 0.379613 -0.279252 -0.631813 -0.057960 0.226270 -0.768906 0.536094 0.432418 0.954628 -0.588428 0.584588 -0.074994 -0.601112 0.199049 0.263766 0.054306 0.304064 0.775492 0.515436 -0.030441 -0.285191 0.463896 -0.245690 -0.525021 -0.040863 -0.081059 0.661339 -0.091077 0.890553
0.004837 0.291866 0.086441 0.581669 0.178859 0.566927 -0.405280 0.525673 -0.517978 -0.811616 0.817674 -0.024675 0.530841 0.172505 0.432863 -0.625645 0.178505 0.423468 0.340257 -0.415084 0.320501 -0.403762 -0.476894 -0.249127 -0.638763 -0.460891 0.172163 0.979406 -0.058949 -0.077178 -1.253442 -0.548388
-0.921650 0.144009 0.171413 -0.281006 -0.782423 -0.189410 0.324841 -0.393434 0.732950 1.192145 0.073583 -0.885323 -0.427916 -0.815079 0.385143 -0.606656 -0.512087 -0.034884 -0.211742 0.269395 -0.081024 -0.159821 -0.024188 0.647542 -1.246849 0.121930 0.611604 0.216808 0.624978 0.151016 0.837351 0.540848
0.043376 -0.221779 0.050455 0.415700 0.689942 0.200064 -0.086213 0.463994 -0.199368 -1.296252 -0.022855 -0.075754 0.270755 -0.524736 -0.102000 0.027083 0.029049 0.492758 -0.233250 0.052048 -0.761250 0.132215 0.358242 0.432215 -0.077405 -0.338422 0.182155 -0.098247 0.517181 -1.062194 -0.394705 -0.205519
0.634264 -0.785804 0.299353 0.284584 0.234294 0.170404 -0.023376 -0.360377 0.659845 -1.071516 -0.122464 -0.564207 0.003071 0.173452 -0.519806 -0.095016 0.032697 0.348710 -0.542124 -0.114303 -0.042662 -0.494809 -0.052321 -0.141436 -0.059414 -0.090090 -0.444491 -0.537922 0.169874 -0.574718 -0.250019 -1.017672
-0.095950 -0.225007 -0.155915 0.347878 0.089949 -0.555417 -0.381493 -0.106070 -0.551737 0.030420 0.204256 -0.220801 -0.106956 0.293564 -0.182243 0.192794 -0.294184 -0.030097 -0.419737 -0.887503 0.292774 0.470585 0.077608 0.174703 -0.166307 -0.328745 -0.002199 0.187108 -0.238533 -0.138585 0.407093 0.963424
-0.578626 -0.118191 0.027184 -0.068780 -0.709480 -0.198406 0.139480 -0.499235 0.707833 0.828131 0.140652 -0.523409 0.071800 -0.328642 0.228467 -0.925994 -0.738179 0.124408 -0.165142 -0.104188 0.048005 -0.502493 0.394469 0.254177 -0.686410 0.457940 0.124945 0.368085 0.187332 0.427145 0.465522 -0.186983
-0.191803 0.538619 -0.324218 0.192019 0.048291 0.356761 -0.818651 0.016118 0.112000 0.194240 0.396351 -0.304817 0.738159 0.625992 -0.103294 0.001185 0.665013 -0.536228 0.324332 -1.405178 0.551869 -0.159248 0.065577 0.073132 0.364518 0.034461 0.015541 -0.685664 -0.100030 -0.022978 0.619288 -0.371854
0.047759 -0.163767 0.639483 -0.010650 -0.398022 -0.523497 -0.121012 -0.416951 -0.545261 -0.458572 0.148309 0.439096 0.208084 0.152127 -0.471137 0.188734 0.313893 0.360998 -0.103776 0.614306 0.521050 0.885287 -0.034644 -0.603499 0.248058 -0.203324 0.181691 0.273854 0.469859 0.259050 -0.262126 0.117867
-0.077973 -0.473429 0.522734 -0.319323 -0.033200 -0.141185 -0.833062 0.101843 0.050939 0.300413 0.764240 0.161285 0.083576 -0.388507 -0.461137 -0.015805 -0.415450 0.889455 -0.826767 -0.159785 0.110197 0.467688 0.501494 0.082467 0.088949 -0.315175 -0.129345 -0.057408 0.609263 0.181744 0.110635 0.110566
-0.137858 0.031348 0.316003 0.504868 0.050372 -0.201446 0.442660 -0.144742 0.547425 -0.053184 -0.622231 -0.406393 0.215527 -0.312417 -0.764442 0.561200 -1.109324 -0.297500 0.473687 -0.042849 -0.389182 0.476057 -0.622840 0.113547 0.355179 0.462456 -0.661413 0.273167 -0.752669 -0.072515 -0.099256 0.736904
0.008734 1.011988 -0.317777 -0.163558 -0.039362 0.011055 0.127939 -0.270298 -0.337201 -0.217312 0.267905 0.168472 0.650553 -0.425759 0.062549 0.289325 0.821174 0.804666 -0.056676 -0.621038 -0.239651 -0.079023 -0.381469 -0.058754 -0.249115 0.176798 0.983204 0.531858 0.694145 -0.471705 0.163179 -0.440431
-0.997364 0.303151 -0.033689 0.071563 -0.229491 0.426207 -0.058948 0.320545 0.296496 0.487133 0.243508 0.134046 -0.349485 -0.083032 0.377048 -0.150023 0.850251 0.330141 0.418402 0.381206 -0.296241 -0.041638 0.720051 0.368316 -0.359548 0.493417 0.441030 0.242369 0.111306 -0.100428 0.335428 -0.183879
0.467840 0.375457 0.013499 0.217381 0.839586 0.049089 0.082230 -0.233605 0.062122 -0.441220 -0.092877 -0.270658 -0.112306 -0.510586 0.240845 -0.148468 0.396320 0.131327 -0.614960 -0.388661 -0.072966 -0.337234 -0.154225 0.044315 -0.699388 0.252886 0.658102 0.422303 0.728369 -0.052969 0.339690 -0.741490
0.881463 0.286577 0.243906 0.116457 0.401170 -0.712426 0.320346 0.223475 -0.264062 -0.879305 -0.862886 0.334330 1.560146 0.368358 -0.013310 0.995737 -0.166934 -0.600670 0.651750 -0.546368 -0.044434 0.663428 -0.775241 -0.221383 0.277927 0.391607 -0.020462 -0.448961 -0.175056 0.004132 -0.426848 0.020401
0.264472 0.195845 0.155964 0.276467 0.091870 0.060501 -0.218208 0.043527 0.266767 -0.544666 1.007652 0.286938 0.006504 0.756457 -0.593238 0.335525 0.183650 0.414053 -0.201257 -0.186083 0.856487 -0.186814 0.174084 -0.694124 0.114337 -0.461670 -0.074826 -0.425900 -0.348311 -0.362292 -0.499217 -0.055793
-0.008143 0.610833 -0.106718 0.220418 -0.044465 -0.246881 -0.046373 -0.009187 -0.423267 -0.129697 0.000564 0.419511 0.553436 0.103761 -0.116952 0.680607 -0.001236 -0.457658 0.187222 -0.360148 0.102705 0.509913 -0.553807 -0.076350 -0.391830 -0.274923 -0.122550 0.105580 -0.464189 -0.030023 0.191853 -0.013961
0.221787 0.009479 -0.584990 -0.523551 -0.234873 -0.088248 -0.812720 -0.181049 -0.961390 -0.094152 0.226818 0.628282 -0.121117 0.351731 -0.577458 -0.265771 0.639952 0.262259 -0.121675 -0.297932 0.848012 0.018831 0.306851 -0.634871 0.763855 -0.813233 -0.976769 -1.001703 -0.039777 0.587302 -0.113618 0.229681
-0.513587 -0.210196 -0.368874 0.172386 -0.282650 -0.356819 0.238030 0.093445 0.261960 0.826355 0.324292 0.152025 -0.811570 -0.112025 0.666796 -0.836718 -0.056582 0.288282 0.001045 0.151175 0.479585 0.728936 0.602845 -0.008476 -0.875568 0.529181 0.317691 0.742960 0.229529 0.785388 0.838514 0.019913
0.611160 -0.784190 0.191371 0.545668 0.284092 -0.366306 -0.307486 -0.532404 -0.099490 -0.619744 -0.649265 -0.123063 0.042390 -0.168217 -0.559479 0.109242 -0.306027 0.073438 -0.919675 0.327198 0.404618 0.473312 0.024872 0.204909 -0.135128 -0.344179 0.122251 0.540171 0.607155 0.493293 0.399542 -0.036025
0.795503 -1.027779 0.052865 -0.092110 0.078884 -0.155659 0.810419 0.065757 0.252495 -0.785574 -1.035668 -0.244632 -0.453101 -0.381402 -0.628829 0.725780 -1.197347 0.159946 0.299582 0.518382 -0.265670 0.406741 -0.136245 0.310207 0.573954 -0.223412 -0.824830 -0.228896 -0.147405 -0.431145 -0.481007 0.439883
-0.573239 -0.073618 0.620603 0.526038 -0.756372 -0.557624 0.279054 0.039819 -0.877501 0.482004 0.308767 0.657272 0.307635 -0.704203 -0.222831 -0.819938 0.248502 0.026059 -0.006679 -0.007149 -0.064886 0.629953 -0.638450 -0.375446 -0.845194 -0.298164 0.158934 0.454952 -0.397638 0.307479 -0.109806 -0.216963
0.472651 0.601168 0.081183 0.794246 -0.798619 0.113590 -0.007135 -0.486873 0.329509 0.081058 -0.112884 -0.468432 0.324593 -0.043502 -0.266796 0.340057 -0.483488 -0.344856 0.652246 -0.449155 0.772257 -0.500193 0.029931 -0.521548 -0.125355 0.606790 -0.120929 -0.734990 -0.547341 -0.115049 0.110782 -0.060531
0.023252 0.527770 -0.211164 -1.261268 -0.149698 -0.765661 0.595683 -0.500307 0.395876 -0.294590 -0.406451 -0.027721 -0.101023 0.065604 -0.358251 -0.135082 0.637891 0.447851 -0.404185 0.144775 -0.340397 -0.367073 0.063676 -0.126561 0.509897 0.586567 0.131904 0.009475 0.321624 0.036448 0.125867 -0.097871
-0.049929 -0.235188 0.326271 0.088257 0.319871 -0.558800 0.561037 0.137589 0.495656 0.199166 -0.661299 0.148613 -0.402455 0.252503 0.095546 0.240505 -0.970660 -0.381726 -0.338487 -0.164040 -0.263273 0.653577 -0.321173 0.278343 -0.469633 -1.278654 -0.529540 0.151326 0.103295 0.886308 0.557702 1.151550
-0.423539 0.178450 -0.179938 0.035374 -0.064330 -0.081963 0.310471 -0.005968 -1.087490 0.303794 0.328002 0.803291 -0.124328 0.837202 -0.244802 -0.152537 0.504316 -0.280757 0.958439 0.398022 0.190762 0.184968 0.294164 -0.194809 0.522088 0.547880 0.053000 0.148952 -0.074710 -0.142095 -1.034270 0.250182
-0.318796 -0.163876 0.414051 0.496055 -0.300956 -0.064404 -0.453038 0.180784 -0.881188 0.413298 0.716912 0.552353 0.337148 -0.149439 0.055854 -0.449141 0.148389 -0.582662 0.371629 0.187072 0.656367 0.829787 -0.390118 0.242090 -0.627859 0.151696 0.327102 0.227064 -0.251583 0.107746 -0.179370 0.029241
0.035930 -0.320555 -0.224667 -0.136239 0.132036 0.256331 -0.073772 -0.613036 0.431198 0.532026 0.801714 -0.015396 -0.961032 0.560504 -0.167500 -0.263668 0.090537 -0.270495 -0.885488 -0.104823 0.717638 -0.363176 0.509793 -0.397030 -0.140510 0.025002 -0.134751 -0.407905 -0.191028 0.439475 0.782354 0.180284
-0.172813 0.179095 0.000695 -0.507796 -0.489482 0.064640 -0.440521 -0.577134 0.012425 0.790448 1.067672 0.119738 0.144549 -0.524243 0.022050 -0.222152 0.128773 -0.127277 0.210344 -0.409412 0.892803 0.020299 0.248246 -0.047969 0.191472 0.267631 -0.179225 -0.218602 -0.177724 -0.137459 0.187877 -0.467376
0.472839 -0.417380 -0.169250 0.658450 0.721046 0.712791 1.087316 -0.013628 0.480243 -0.115608 -0.072143 -0.773052 -0.549603 0.308083 1.078411 -1.120330 -0.866411 0.152059 0.152816 1.019373 -0.426957 -0.408617 0.037185 -0.371495 0.021207 0.411421 0.098363 0.434918 0.486030 0.245592 -0.012151 -0.110473
0.322829 0.100802 -0.627725 0.437907 0.564722 0.641755 -0.994669 0.011826 -0.154098 -0.334736 0.469817 -0.032421 0.387489 0.618771 0.138669 -0.266761 0.528377 0.172439 0.202931 -0.051236 0.791262 -0.701501 0.631247 -0.230090 0.549830 -0.385563 -0.661438 -0.835304 -0.124247 0.246034 0.244563 0.199867
0.262525 -0.623605 0.600359 0.222481 0.201138 -0.385469 -0.440316 0.036219 0.571198 -0.788495 -0.486281 0.153982 0.175402 -0.973719 -0.986153 -0.012720 -0.488420 -0.113506 -1.150446 -0.061292 -0.208825 0.566334 -0.160399 0.391668 -1.035310 -0.799009 -0.018093 -0.003515 0.633441 -0.023725 0.132204 0.091170
-0.457503 -0.554753 -0.302904 0.510000 -0.347537 -0.148326 0.105576 0.708140 -0.715188 0.179746 0.184653 1.198448 0.379457 0.498572 -0.504113 -0.103273 0.217627 -0.077159 0.705671 0.737927 0.525358 0.987663 -0.106570 -0.138840 0.331520 -0.496845 -0.596489 0.438646 -0.693906 0.912209 -0.324965 0.767948
0.173876 -0.409290 -0.169282 0.134713 0.016001 1.061350 -0.193551 -0.411950 -0.025534 -0.381636 0.311798 -0.049747 -0.835177 0.622290 -0.179791 -0.344428 0.173365 0.217111 -0.097366 -0.327239 0.222076 -0.625597 0.436055 -0.118417 0.027948 -0.228911 -0.092721 -0.322519 0.384495 -0.210648 0.516316 -0.045820
-0.127422 0.682043 0.493541 -0.637770 0.773457 0.491464 0.491807 -0.044519 0.317154 -0.205303 -0.295505 -1.013164 -0.725813 -0.640717 0.396075 0.057790 -0.463931 0.125519 -0.700409 0.259876 -0.568342 -0.524255 -0.103540 0.823755 -0.390327 0.246322 -0.131285 -0.528621 -0.003878 -0.910829 0.560845 -0.177612
-0.007897 0.200961 -0.507257 0.540162 -0.668156 -0.291820 0.693976 -0.576887 0.120517 -0.007958 0.181115 -0.384399 0.753819 0.518528 -0.275269 0.351061 0.195300 -0.865645 0.794691 -0.389658 0.686065 -0.473557 -0.605309 -0.840446 0.429938 0.530441 0.003740 0.481263 -1.194530 -0.170986 -0.611260 -0.183709
-0.073271 1.516104 -0.136174 -0.739744 0.563397 -0.088227 -0.607761 0.623128 -0.453765 -0.203350 -0.402258 0.504575 0.609136 0.500508 0.317043 0.585931 0.702999 0.048245 0.504265 -0.389352 -0.114354 0.197184 0.021702 0.093893 0.100465 -0.463706 0.634512 -0.078761 0.510184 -0.444465 0.565161 -0.112266
0.121104 0.641346 -0.434326 0.241135 0.093849 -0.208677 0.113426 0.223803 -0.044998 0.306999 -0.212577 0.780740 0.732561 -0.217763 -0.321203 0.048654 0.116683 -0.095289 0.789279 -0.158663 -0.469214 -0.464923 -0.066794 0.124592 0.318560 0.538185 0.314009 0.167851 -0.195859 -0.227434 -0.084513 -0.749654
-0.216803 -0.405009 0.080151 -0.442141 -0.344297 0.345793 -0.779540 -0.041408 0.391011 0.264381 0.623548 0.450431 0.433385 -0.037134 0.025779 -0.541490 0.526381 -0.160332 0.611075 0.264959 0.383713 -0.401665 0.704538 0.398560 0.096692 0.324163 -0.654404 -0.675854 -0.574884 -0.205829 -0.209146 -0.186083
0.894395 0.555347 -0.430861 -0.289062 0.175605 -0.748996 0.283285 -0.912188 0.650633 -0.422729 -0.640687 0.011867 0.212852 0.244576 -0.410611 0.961726 0.302031 0.595408 -0.335341 -0.198676 -0.023487 -0.099673 0.029550 0.106136 0.837453 0.475990 -0.271904 -0.857161 -0.059547 -0.175485 0.296421 -0.094448
0.313921 0.158732 -0.265795 0.016436 0.465911 0.828308 -0.261801 -0.428180 0.067532 -0.175276 0.388055 -0.123478 -0.663282 0.545499 0.355518 -0.449958 0.334229 0.471557 -0.750624 0.304756 -0.436813 -0.794642 0.754135 -0.292713 0.064641 0.037482 0.280048 -0.221364 0.433985 -0.095450 0.103252 -0.478154
0.224989 -0.888502 0.219822 -0.363931 -0.143680 0.436475 -0.196175 -0.501171 -0.051797 0.388736 0.102620 -0.227940 0.281596 -0.633125 -0.299052 -0.131740 0.656726 0.685066 -0.276302 0.401847 0.171257 0.224769 0.591331 0.262604 0.564667 0.660237 -0.064904 -0.295664 0.131386 -0.027206 -0.202418 -0.281828
-0.055299 0.221062 -0.576506 -0.742436 0.674580 -0.278308 -0.884343 0.116802 0.177695 -0.533991 -0.123696 0.247928 -0.432194 0.661395 0.122786 0.745092 0.125959 -0.145820 -0.508069 -0.205068 -0.209727 -0.025041 0.034601 0.396093 0.069553 -0.816833 -0.442602 -0.387999 0.097687 0.346406 0.410401 0.559945
-0.096245 -0.123781 0.443083 -0.894187 0.809881 -0.073778 -0.315230 0.066628 -0.072270 -0.245511 -0.268599 -0.004700 -0.361723 -0.121046 -0.947340 0.241127 -0.416971 -0.848242 -0.435551 0.063843 0.230559 0.378731 -0.080431 0.486952 0.371740 -0.168377 -0.958186 -1.361324 -0.056596 0.140683 0.086476 0.271087
-0.217616 -0.179904 -0.307317 -0.168515 0.159496 -0.104054 -0.295484 -0.178450 -0.230643 0.985715 -0.433579 1.267674 -0.204768 0.112898 0.262511 0.033239 0.025077 -0.220024 -0.200844 0.829571 -0.140180 0.653441 0.194846 -0.347124 -0.129764 -0.308498 -0.397352 0.221191 0.338506 1.363844 0.886891 0.874592
0.694400 0.280803 -0.406494 0.822159 -0.012573 0.134604 -0.134534 -0.910818 0.098842 -0.886043 0.172735 0.079940 0.723981 0.277928 -0.100391 -0.433764 -0.243948 0.548604 0.213223 -0.404424 0.455654 -0.620393 -0.377359 -0.657283 0.600151 0.323548 0.311935 0.018966 0.348271 -0.051615 -0.803628 -0.612488
-0.235375 -0.139504 -0.195476 -0.124506 0.391060 0.605977 -0.633585 0.045967 0.037405 0.292125 0.304002 -0.349214 0.019509 0.391992 0.660396 -0.101705 0.561323 0.661410 -0.134504 -0.119917 -0.513249 -0.437791 0.382738 -0.008030 -0.678339 -0.017717 0.568035 0.817103 1.009664 0.176000 0.565436 -0.096587
0.108094 -0.464414 0.400722 -0.121740 -0.253805 0.558136 -0.558093 0.268383 -0.826643 -0.091442 -0.132308 0.553525 -0.173246 0.791545 -0.399835 -0.075162 0.389066 0.613833 0.247666 -0.004915 0.184340 0.361284 0.232288 0.065875 -0.115239 -0.406993 -0.490101 0.638712 -0.061688 -0.091458 -0.400029 0.671964
-0.025165 -0.022538 -0.276958 -0.879981 -0.255467 -0.131476 -0.372162 -0.123267 -0.458336 0.034300 -0.380767 0.508417 -0.917628 0.007011 -0.076600 -0.107478 -0.032468 -0.346179 -0.200397 -0.428157 -0.036588 0.390063 0.887568 0.041150 -0.500072 -0.327926 0.141834 -0.041116 0.002108 0.880742 0.982203 0.512901
-0.191638 -0.444188 0.166756 -0.106130 -0.157050 -0.088566 1.241336 0.333703 0.316591 0.839117 -1.062826 0.767761 -0.517339 -0.442963 0.491180 -0.311442 0.056208 0.912945 -0.321126 0.875536 -0.558779 0.498702 -0.005167 -0.245048 -0.646486 0.654558 0.321459 0.436994 0.100323 0.326753 0.175412 0.156590
0.120107 0.150298 0.187842 -0.054156 0.286069 0.490559 -0.449044 0.160489 -0.002658 0.137687 0.352218 0.264154 0.477674 -0.126389 0.350270 -0.154688 -0.199072 0.419411 -0.460419 -0.182101 -0.459060 0.104702 -0.343110 -0.318888 -0.208673 -0.759429 0.367019 0.972303 0.278122 -0.298224 -0.096357 -0.233041
0.047348 0.257751 0.780280 0.071116 0.168287 0.290877 -0.749971 0.460312 -0.393081 -0.626628 0.485458 0.164558 0.733780 -0.572809 -0.069933 -0.071060 0.224678 0.032670 -0.310984 0.019658 -0.715639 0.369113 -0.339813 0.301690 -0.652793 -0.155358 0.191684 0.246960 0.181413 -0.685125 0.749962 0.051635
-0.104589 -0.147302 -0.059851 -0.373093 0.114241 -0.661217 -0.668179 0.101762 -0.315014 0.304156 0.258434 0.086407 0.053189 0.668552 -0.901753 0.739558 -0.006030 -0.018572 -0.307320 -0.285703 1.164839 0.144736 0.597830 0.530482 0.274567 -0.870984 -0.477705 -0.030223 0.228296 0.419202 0.729122 0.478858
0.313432 -0.111085 -0.135140 -0.115078 0.412455 0.248649 0.306662 -0.417527 -0.635346 -0.233549 -1.020179 -0.091267 -1.667632 0.300155 -0.028409 0.151750 -0.867874 0.065797 -0.069423 0.690140 0.014946 -0.130476 0.197964 0.494315 0.251016 -0.295368 -0.925535 -0.170832 0.303924 1.204366 0.253713 1.024496
0.668321 0.375997 0.039021 -0.348094 0.508474 0.134553 -0.161500 0.304781 -0.035114 -0.879368 -0.266938 0.141256 -0.670220 0.560721 -0.155122 0.054612 0.049643 0.240825 -0.818928 -0.259210 -0.153257 -0.418260 0.766145 -0.122448 0.469941 -0.171168 -0.162224 0.316633 0.488040 0.197867 0.104396 -0.425935
0.252408 -0.506760 -0.145081 0.492534 -0.056648 0.424712 -0.391935 -0.343289 0.003488 -0.102018 -0.357379 0.388339 -0.490721 0.625168 -0.569731 0.257980 -0.085349 -0.180338 0.101214 0.115120 0.067717 -0.024725 0.467084 0.265272 0.403778 -0.753019 -0.478313 0.060760 -0.291376 0.411016 0.126589 0.370417
0.355870 -0.404003 0.421111 0.252141 -0.146336 0.375682 0.819845 0.074863 0.957471 0.102324 -0.079380 -0.382888 -0.179151 -0.431443 -0.211565 -0.445190 -0.783530 -0.416159 -0.283628 -0.164998 -0.474125 -0.777724 -0.143548 0.030019 -0.252132 0.407549 -0.151503 -0.208289 -0.901310 -0.448650 -0.738866 -0.052287
-0.390346 0.119073 -0.142340 0.517935 -0.842577 0.005922 0.408571 0.579943 0.438499 0.979155 0.501504 -0.135687 -0.606701 -0.164528 0.605019 -0.609964 -0.196226 -0.145842 0.907101 0.203794 -0.223874 0.250773 0.135829 0.188620 -0.222059 0.571508 0.138871 0.218166 -0.227773 -0.029471 0.357825 0.263294
-0.441342 -0.377290 0.669284 -0.715814 -0.146823 -0.037121 -0.126299 0.090756 0.882801 0.290875 0.193370 -0.275879 -0.489172 -0.936418 -0.571622 -0.045530 -0.326943 -0.185045 -0.745298 -0.123364 -0.481258 0.074460 -0.008139 1.044333 -0.864547 -0.282957 -0.231854 -0.456107 -0.377737 -0.238161 0.584135 0.432217
-0.769275 0.324214 0.288086 -0.435182 0.821218 0.636060 -0.624496 0.465012 0.365529 -0.068963 -0.204546 -0.715185 -0.161206 0.004405 0.122413 0.223332 -0.465439 -0.379362 -0.197560 -0.084882 -1.193733 -0.722672 0.288544 0.394961 0.025229 -0.145304 0.590117 0.093501 0.416584 -0.289246 0.180079 -0.148153
-0.025260 0.364355 -0.747462 -0.927698 0.339848 -0.437581 0.910178 -0.660575 0.404854 0.114225 -0.892635 0.324207 -0.092718 0.047893 0.312488 0.211000 -0.111917 0.296901 0.103940 0.126694 -0.432196 -0.496630 0.059597 -0.196424 0.259126 0.395402 -0.360262 -0.171084 -0.160444 0.026480 -0.139145 -0.151940
0.694767 -0.513090 0.549852 0.516386 -0.185770 -0.816541 -0.707640 -0.589300 0.025046 0.053085 0.448537 0.120406 0.048656 -0.535683 -0.852734 0.477067 -0.425199 -0.017355 -0.126977 -0.050065 0.480065 0.906647 -0.376582 0.062207 0.082070 0.084580 -0.372407 -0.183460 0.127039 -0.181710 0.242607 0.323183
-0.411947 -0.040848 0.484036 -0.746546 0.201815 0.382510 0.041038 0.665803 -0.496847 0.259801 -0.114509 0.008237 0.185776 -1.271663 -0.337547 0.003417 -0.013655 -0.387942 0.168541 0.995653 -0.159114 -0.327973 0.515219 0.284428 0.728835 0.466338 -0.404594 -0.369780 -0.418160 0.038088 0.103996 -0.247428
0.388799 -0.558083 -0.304481 -0.061743 0.384921 0.197496 0.323519 -0.043212 -0.250121 -0.570588 0.742730 0.151578 0.071495 0.113407 0.397190 -0.705987 -0.340855 0.046264 0.083632 -0.434475 -0.370173 -0.186339 -0.615371 -0.844535 -0.620854 -0.553719 0.910123 0.221268 0.012427 0.106268 -0.654045 -0.538523
-0.133158 0.285282 0.197956 -0.083464 0.222867 -0.102204 0.492748 0.213884 -0.117474 0.314074 0.067844 -0.131959 0.782022 0.196705 0.771845 -0.005171 0.488142 0.098078 0.283520 -0.283975 -0.304602 -0.372642 -0.212126 0.323289 0.239795 0.217937 0.621507 0.377475 -0.462781 -0.594590 -0.229142 -0.673183
0.190162 0.032917 -0.326133 0.227468 0.218739 0.221387 0.706684 -0.355518 -0.114316 -0.370538 -0.748467 -0.021008 -0.372297 0.183569 0.626245 -0.570293 -0.210495 0.320354 0.366193 0.857400 -0.378841 -0.251724 0.266734 -0.309321 0.204885 -0.102777 -0.085437 0.945670 0.249092 0.659003 0.107106 -0.046054
0.224209 -0.257867 -0.434740 0.193603 0.436983 0.521841 -0.208906 0.345129 -0.324978 -0.263270 0.549365 0.001476 0.134400 -0.520258 0.567047 0.086794 0.266452 -0.711001 0.106912 0.341923 -0.248650 -0.139306 -0.064504 -0.547356 -1.264676 -0.116703 0.438598 0.897063 -0.067944 -0.032654 -0.313497 -0.264850
0.032300 0.216227 -1.283931 -0.124906 -0.341047 -0.055230 -0.104976 -0.544451 0.330531 0.042730 0.637419 0.386687 -0.485216 0.592390 0.618509 -0.381437 0.894179 0.465746 -0.251830 -0.524096 0.600832 -0.852642 0.506744 -0.315670 0.272912 0.392807 0.032979 -0.449034 0.398020 0.689611 0.874757 -0.097190
0.325137 -0.544932 0.326438 0.399852 -0.085032 0.442411 0.780926 -0.174401 0.160832 0.114135 -0.369078 0.050817 0.220115 -0.029103 -0.051955 -0.547037 -0.142873 0.281814 0.234368 0.425087 -0.282472 -0.288303 0.301059 0.306953 0.928588 1.079211 -0.089499 -0.514884 -0.045255 -1.252557 -0.906136 -1.008004
0.053005 -0.638379 0.104269 0.298632 0.039454 0.523341 0.234854 -0.511861 -0.154354 0.289854 0.118945 0.703335 -0.462854 0.230338 -0.043131 -0.443898 0.060814 0.424828 -0.917923 0.358729 0.498877 0.023186 0.647095 -0.745738 0.162758 -0.553312 0.399752 0.827931 0.301423 0.054610 -0.105396 -0.343206
0.151483 0.544743 -0.765945 -0.844849 -0.059162 -0.559399 0.229064 -0.194638 0.019837 -0.411772 -0.542139 0.116847 -1.148202 -0.039402 0.066371 -0.012709 -0.327232 0.212612 -0.444341 -0.061635 -0.062743 -0.573113 0.631348 -0.664442 0.455362 0.090937 0.210257 0.080327 0.747874 0.581865 0.912929 0.245221
0.791918 -0.057139 0.496159 0.688026 0.696293 0.052002 0.162711 0.244626 -0.191359 -1.442023 -0.378737 0.687492 -0.008480 0.328953 -0.305571 0.149042 0.143162 0.494550 0.088943 0.198480 -0.057966 0.245267 -0.166564 0.257718 -0.271954 -0.251838 -0.165196 -0.000837 0.627571 -0.377985 -0.601599 -0.372576
-0.495583 0.173254 0.294613 -0.072054 0.229981 -0.267465 -0.414008 -0.142967 0.022773 0.268683 0.295267 0.390621 0.395730 -0.356589 -0.158808 0.100522 -0.356556 -0.336239 -0.899420 -0.789241 0.172485 0.143838 0.181927 -0.271897 -0.687490 -0.347858 0.027552 -0.326025 -0.176752 0.595053 0.999774 0.720895
-0.700311 0.843902 0.206752 -0.324911 -0.033062 0.108756 0.131660 0.276987 -0.156152 -0.023852 -0.029550 0.279260 -0.142663 -0.707053 0.912043 -0.535477 0.477790 0.016420 0.244913 -0.404795 -0.911852 -0.233236 -0.374174 0.466454 -0.574137 0.317940 0.668044 0.165671 -0.120353 -0.428658 0.227184 -0.979474
0.047071 -0.095277 -0.773528 1.008235 -0.986978 -0.835686 0.518869 0.188640 0.687947 -0.462677 0.076752 -1.041739 0.328775 0.536139 -0.567698 -0.101329 -0.383316 -0.678899 0.938097 -0.061867 0.739646 -0.829448 -0.169432 -0.080978 0.806571 0.142347 -0.749584 -0.556258 -0.568142 -0.214575 0.105138 -0.024764
-0.607446 0.326401 -0.403567 -0.331060 -0.552621 0.013344 0.942345 -0.232026 0.167256 0.371238 -0.222409 0.599178 0.071633 0.363399 0.291294 -0.191628 0.275675 0.369052 0.066460 -0.033125 -0.306087 -0.606978 0.081578 0.212295 0.142978 0.099949 0.112452 0.439481 0.367418 0.824709 0.334459 -0.244227
-0.000177 -0.000889 0.000341 0.000234 0.000088 0.000096 0.001112 -0.001550 -0.002079 -0.000171 -0.000426 -0.000035 0.000357 0.006423 -0.000097 0.000543 -0.000199 0.002223 0.000298 0.001661 0.000133 -0.000046 -0.000719 -0.000227 0.000043 -0.003007 0.003699 -0.000510 0.003658 0.001020 0.000720 -0.000415
