1.357862
0.542677
2.318374
0.140464
-2.215543
2.512334
-2.579105
0.196534
-0.269487
-0.322198
-1.089419
-0.792394
0.423474
2.284833
1.520011
0.488622
-0.410318
0.033485
-0.194518
-0.692986
-0.515597
1.935414
-0.071597
-0.307984
-1.309561
0.450444
1.499489
2.445420
-0.226316
1.487546
0.939639
0.302906
0.341789
1.030990
0.921745
1.211691
-1.533021
0.763345
-1.452119
0.388321
-1.159027
-0.580497
-1.504103
0.050401
-0.629225
-2.088807
-0.414679
0.040582
0.153149
-0.211166
1.461818
0.095308
-1.326546
-1.468839
1.043587
1.383946
2.000119
-0.410135
-0.205680
-2.320057
0.379179
0.652371
-0.975598
-0.242678
-0.806902
0.614333
1.564723
-0.262893
-1.333434
0.626878
-1.044949
0.773540
0.785900
-0.995322
-0.060434
-0.406245
0.946066
1.347854
-0.999464
-0.529847
1.062103
0.429331
-0.790123
-1.159881
-0.915794
-0.787591
0.220386
-1.793796
-1.618534
2.199652
0.119862
-0.756016
-1.525378
1.008898
-0.277530
-0.784377
-0.077414
1.387143
0.772956
0.771951
0.115836
2.042379
-0.600019
0.165604
-1.591987
1.869489
0.671438
-1.267614
-1.907518
-1.661585
1.272848
-1.685540
-1.005057
-2.226618
0.185356
0.735412
-1.556526
-1.051852
0.306822
0.364326
0.187393
-1.146673
0.037519
-0.251329
0.676348
-0.194711
-0.716286
-0.730166
-0.183720
0.986089
0.822343
1.417898
0.761700
0.447551
-0.056133
0.150149
0.417966
0.501601
1.351092
-0.446180
-0.680146
0.126460
-0.060124
-1.045142
-0.891207
-0.424917
-1.783178
-1.406647
-1.021660
-0.166929
-0.101671
-0.879432
-0.287626
0.600808
0.770537
0.852912
-0.786213
-1.012333
0.358734
0.338884
0.010279
0.911756
-0.439992
-1.824644
-0.364506
0.442122
-0.367827
-0.659178
0.027801
-1.276433
-0.649269
0.316956
0.753304
1.029969
0.260731
1.595939
0.409311
1.523379
-0.272314
0.011163
2.548381
0.571469
-0.029114
-1.792323
-0.292084
-0.693381
2.647784
-0.341185
0.493591
1.142427
-0.642427
-0.020980
-0.294023
-0.299168
0.336988
0.981272
-0.189327
1.762919
0.288102
1.248700
0.114284
-0.011170
0.352500
0.009214
-1.047778
-0.273766
-0.693833
-0.186071
