-0.175852 0.174767 0.401153 -0.047296 0.353437 0.208695 -0.359828 0.197725 -0.279710 -0.115435
0.139551 -0.036460 0.305286 0.097354 -0.080764 -0.465470 0.496841 0.120299 -0.281997 -0.061010
-0.522229 -0.605247 -0.266497 -0.157831 -0.046632 -0.019076 0.105786 -0.021027 -0.086901 -0.014823
-0.258087 -0.219819 -0.128804 -0.044675 -0.095044 0.081964 -0.212316 -0.073806 0.018340 -0.466528
-0.279386 0.747351 0.168079 0.127177 -0.047146 -0.368481 0.323421 0.071599 0.277417 0.364789
-0.183081 0.714310 -0.167139 -0.177860 0.599362 0.304584 0.607685 -0.672686 -0.129358 -0.128437
0.158418 0.588408 -0.217678 -0.195441 -0.076344 0.141422 0.697857 -0.244959 0.444757 -0.617203
0.310584 0.518745 -0.114936 -0.159319 0.353712 0.080764 0.573058 -0.609351 0.104895 -0.188923
-0.112155 0.512534 -0.154688 -0.487265 0.096757 -0.211800 0.124966 -0.350971 0.297391 -0.409297
0.227105 0.616927 -0.024911 -0.349824 0.063250 0.431928 0.379613 0.252818 0.126437 0.432267
-0.035463 0.274725 -0.059284 0.357389 -0.052269 0.420754 0.501925 -0.130048 0.478472 -0.054139
0.356207 0.228295 0.278686 0.197547 0.062423 0.132034 0.398695 -0.112604 0.109410 0.063020
-0.191702 0.146543 -0.067781 -0.210579 0.225283 -0.124777 1.009541 0.256067 -0.115188 -0.143688
-0.532762 0.000133 -0.189436 -0.262639 -0.283745 0.001649 -0.060325 0.232248 -0.238896 -0.016662
-0.763310 -0.129068 0.208434 0.188164 0.397504 0.575567 0.470201 -0.217339 0.536158 0.270393
-0.560290 -0.362067 -0.534015 -0.074398 0.203947 -0.205505 0.611915 -0.475479 -0.226356 -0.456358
-0.696029 0.251039 0.213076 -0.109307 0.196939 0.181360 0.547911 0.070867 0.411726 0.214833
-0.179503 -0.030482 0.192723 -0.598859 -0.505356 -0.237698 0.632031 -1.049120 -0.219035 -0.711012
0.018877 0.186924 -0.394251 -0.521069 0.831429 0.150477 0.575005 -0.612557 0.146214 -0.078943
0.189651 0.621498 -0.677648 -0.141460 0.682777 0.305270 0.545606 -0.075776 0.046747 -0.064701
-0.747271 0.181921 -0.774731 0.026890 0.854876 0.620702 0.082916 -0.350141 0.011622 0.253017
-0.029259 0.467387 -0.359030 -0.397101 0.875940 0.313708 0.075183 0.267683 -0.000791 -0.718386
-0.508138 0.083138 -0.471354 -0.848214 0.072539 -0.125346 -0.254759 -0.306744 -0.239037 -0.055574
-0.259811 -0.219109 -0.635014 -0.440549 -0.249898 0.075208 0.036733 -0.008554 -0.159582 0.066698
-0.307096 -0.788019 -0.109869 -0.089632 -0.150351 -0.429631 -0.308599 -0.053530 -0.122811 0.104119
-0.232037 0.110695 0.645847 0.208813 -0.503838 -0.580469 0.227932 0.085760 0.787170 0.415052
0.023309 -0.336811 0.145223 -0.228154 -0.390276 -0.163111 0.534626 -0.808978 0.481969 0.578996
-0.082110 -0.481857 0.680447 0.245936 0.386164 -0.143075 0.246634 -0.101318 0.646771 0.192505
-0.461310 -0.460815 -0.565988 -0.448025 0.352741 -0.052742 0.246435 -0.541539 0.225523 0.553118
-0.391084 0.156153 -0.341712 -0.726742 -0.019119 0.051506 0.039909 -1.153571 -0.182000 0.581559
-0.194717 -0.503005 0.039619 -0.089827 0.702408 -0.007304 0.609597 -0.619826 0.708062 -0.040697
-0.202976 0.145474 -0.379258 -0.284677 0.404661 0.006380 0.283807 -0.345212 0.176265 -0.226045
0.127623 0.220259 0.483661 0.074526 -0.464675 -0.491085 -0.189726 0.112062 0.207453 1.174782
0.625443 -0.051810 0.112978 -0.463373 -0.599990 -0.624237 0.208308 -0.507594 0.373516 0.615367
0.636060 -0.119573 -0.072643 0.455794 -0.609084 -0.263559 0.204252 0.084812 0.256569 0.770051
-0.362669 0.073936 -0.401629 0.253237 0.163256 0.324279 -0.392087 0.505609 -0.032442 0.059779
0.164680 -0.139935 -0.095099 -0.071636 -0.177306 -0.162360 0.022739 -0.373389 0.000550 -0.006856
0.332509 -0.229147 0.058373 -0.062508 -0.004349 -0.122093 -0.309484 -0.364246 0.517133 0.095646
-0.416163 -0.198574 -0.206414 -0.541748 0.190167 0.146135 0.461954 -0.671415 0.392224 0.668808
-0.057143 -0.605528 -0.387081 -0.066433 0.194843 -0.178523 0.963220 -1.118443 -0.229152 0.568865
0.141965 -0.771315 -0.339062 0.070566 -0.138996 -0.407833 0.281968 -0.860109 0.000951 0.766536
0.029217 -0.327446 -0.021350 -0.145708 0.705870 -0.465398 0.568873 -0.483901 -0.102297 0.712317
-0.079564 -0.947933 0.242267 0.275376 0.127700 -0.036451 0.941634 -0.052642 0.102679 0.166563
-0.663428 -0.311056 0.183845 0.200692 0.520346 -0.517719 0.621528 -0.251711 0.216722 0.558873
-0.355616 0.283426 -0.000778 0.146518 0.523383 -0.440463 -0.247730 0.307378 0.099617 -0.399022
-0.321693 0.382623 -0.177535 0.654325 0.869083 0.047631 0.139156 0.284494 -0.065889 -0.252123
-0.599140 -0.017900 -0.160127 0.206491 0.682876 0.083964 -0.148418 0.018193 -0.537929 0.012341
0.161517 0.126684 0.559966 -0.546755 -0.320109 -0.168036 -0.257231 -0.348418 -0.256718 -0.496664
0.312582 0.324650 0.022026 0.020753 0.091053 -0.533216 -0.407028 -0.169590 0.076682 0.226042
0.331616 -0.227961 -0.238466 0.307057 0.039755 -0.325398 0.169876 -0.505984 -0.034187 0.261615
0.573054 -0.303515 0.164382 0.289237 -0.230588 -0.025812 0.406576 -0.623027 -0.319605 0.035729
-0.310085 -0.091222 0.850722 0.030132 -0.262690 0.081213 -0.430438 0.518081 0.509233 -0.040435
0.391094 0.205249 -0.291896 0.539530 0.397661 -0.126300 0.606575 -0.381830 -0.130160 -0.100803
-0.372896 0.288943 0.012075 0.001145 -0.084116 -0.716936 0.436885 0.417820 -0.181499 0.489575
-0.227366 -0.678406 -0.179413 0.202811 0.513401 -0.488408 0.382151 0.392371 -0.073072 0.016462
-0.025015 -0.081517 0.632633 0.481416 0.192732 -1.133136 0.091426 0.498909 0.465242 -0.041594
-0.121218 0.164528 0.133513 0.024771 0.461931 -1.268569 -0.514873 -0.095938 0.296120 -0.328999
0.582472 0.128039 0.284478 0.061104 0.388725 -0.484197 -0.508586 0.708210 0.781684 -0.123352
-0.352643 0.085227 0.459784 0.296435 0.161173 -1.014440 -0.429442 0.530361 0.201418 -0.012514
-0.174767 -0.231516 0.080158 -0.230695 -0.152253 -0.291119 -0.891831 -0.194606 -0.339408 -0.566611
-0.488963 -0.345992 -0.549833 -0.130517 0.006169 0.438940 -0.374803 0.207807 0.495081 0.491797
0.600830 0.315864 0.782660 -0.001676 0.010911 -0.420472 0.226251 -0.260147 -0.292863 -0.138786
1.260280 0.420204 0.025917 0.272219 0.267363 -0.626866 0.248760 -0.267998 -0.386159 -0.047228
0.290254 -0.146580 -0.096413 0.036691 0.294469 -0.098596 0.687809 0.050662 -0.725241 -0.649663
-0.180484 0.734202 -0.038134 0.852210 -0.217281 -0.343854 -0.326802 0.338229 -0.550371 -0.360122
0.767674 0.479550 -0.069706 0.252133 -0.314063 0.064521 0.323483 0.705350 -0.141751 -0.021498
-0.106875 -0.484451 0.032747 0.114710 -0.350467 -0.218163 0.801805 0.565524 0.296159 -0.295733
-0.400009 -0.249583 -0.248286 -0.008582 -0.712715 -0.554850 -0.679319 0.371344 0.318654 -0.426872
0.230919 0.089535 0.238405 0.229250 -0.096841 -0.784376 -0.229573 0.481875 0.638555 0.377726
0.354378 -0.646823 -0.611111 0.433997 -0.048169 0.677510 0.434684 -0.133046 -0.450431 -0.224996
0.051102 0.300134 0.601529 0.249617 0.144417 -0.787439 -0.225747 0.032955 0.234124 0.207270
-0.545532 -0.345849 0.092541 -0.237288 0.017907 -0.433350 -0.794473 0.487445 0.197803 0.633240
-0.162881 0.152388 -0.020492 -0.579610 0.145132 0.193229 0.455846 0.114619 0.108833 0.130987
0.127038 -0.346594 0.502237 -0.636363 0.168410 -0.433654 -0.248104 0.517285 0.243150 -0.086372
-0.016953 -0.193411 -0.105411 -0.421635 -0.024252 -0.662766 0.378419 0.509525 -0.204378 -0.183370
0.267229 0.262233 0.252891 -0.382586 0.283941 -0.407979 0.380738 0.864210 0.108821 -0.022451
0.401986 0.198996 0.108244 -0.152505 0.145096 -0.121010 -0.286763 0.045268 0.082144 -0.399970
0.285073 -0.136640 -0.087097 -0.182576 0.059117 0.054322 -0.067608 0.292956 -0.319407 -0.018955
0.912581 -0.349293 0.634442 -0.083805 0.210799 0.002816 0.473013 0.006930 0.460117 -0.027303
-0.160359 0.541782 0.373908 0.018699 -0.156812 -0.350071 0.130552 -0.261458 0.104644 0.254168
0.020298 0.367953 0.142174 -0.632883 0.241500 -0.875752 -0.568024 0.060868 -0.220867 0.640105
-0.143496 0.022736 -0.004411 -0.055197 -0.283033 0.208112 0.211454 -0.032305 0.150837 -0.046962
0.002123 -0.642672 -0.156513 -0.216853 0.611906 0.054828 -0.855847 -0.048821 -0.513662 0.757708
0.298685 -0.856860 0.418809 -0.329987 0.150452 0.018161 0.521541 -0.330313 0.359142 0.077040
0.373570 -0.277406 0.128850 0.039830 0.255330 0.667544 -0.026381 -0.188128 0.413519 -0.421126
-0.080032 0.708453 0.375040 -0.718022 0.530370 -0.171983 -0.302779 0.518807 0.462158 -0.211415
0.331701 0.458992 0.455032 -0.220437 -0.094833 0.203687 0.107501 0.889421 0.791924 -0.261180
0.601870 -0.312611 0.453712 -0.490363 -0.238885 -0.576354 0.408497 0.674455 0.471712 -0.455728
0.234366 -0.187471 0.493415 -0.463294 -0.395891 -0.686507 0.426881 0.168342 0.465111 -0.401107
0.412891 -0.075856 0.251496 -1.146271 -0.660590 -0.224636 -0.030155 -0.200333 0.073450 -0.345387
0.673732 -0.523291 0.212953 -0.601940 -0.583691 -0.370090 0.535228 -0.851529 0.156544 -0.032484
0.171691 0.234222 0.843908 0.023034 -0.322305 -0.299337 0.070158 0.125528 -0.607040 0.377112
0.409886 -0.116179 -0.613457 -0.407426 0.073104 -0.612641 0.147339 0.402547 -0.873266 0.064365
0.047513 -0.238658 0.143336 -0.253396 0.396928 -0.455476 0.107279 0.621179 -0.213814 0.275820
-0.333200 0.337700 -0.038310 0.070622 -0.326422 -0.391719 0.063451 -0.675003 -0.076601 -0.237809
-0.185602 -1.040381 -0.192790 -0.153487 0.257254 -0.119643 -0.097860 0.498974 -0.081619 -0.287798
0.117922 -0.015096 -0.131762 0.066925 -0.409595 -0.144501 -0.104195 0.071039 0.161788 -0.166376
0.166827 0.660916 -0.055589 -0.226508 0.057733 -0.035135 0.124932 0.115741 0.008777 -0.016400
0.285152 0.557800 0.346798 -0.013832 0.234477 0.401246 -0.353825 0.046851 0.541810 0.224903
-0.488332 -0.025141 0.111340 -0.705585 0.091494 0.028405 -0.237305 0.280290 0.696726 -0.562529
0.666780 -0.267224 0.492086 -0.323037 -0.186187 -0.028681 -0.048235 0.504416 0.399355 -0.481460
-0.056813 -0.487580 -0.053932 -0.594158 -0.049231 -0.009915 -0.588668 0.467633 0.284932 0.278761
0.555010 -0.404401 0.561747 -0.778346 0.312170 -0.214906 -0.308650 0.609086 -0.225299 0.575988
-0.144514 0.311567 -0.609470 -0.410110 -0.315762 0.051305 -0.194380 -0.056621 -0.225933 0.242787
0.088468 -1.131484 -0.278642 0.148512 -0.674872 0.529628 -0.048357 0.456631 0.183095 0.071372
0.518497 -0.397979 -0.560153 0.235851 0.529575 0.141891 0.513693 0.201658 -0.187591 -0.236919
0.493083 -0.072517 -0.224169 -0.157339 0.291380 0.024761 0.064564 0.739095 0.152618 0.005218
-0.228827 0.017761 -0.161832 -0.186434 0.289390 -0.090794 -0.907410 -0.210578 0.043148 -0.077374
-0.377383 0.564920 -0.143005 -0.251140 0.159682 -0.001293 -0.855659 0.297246 -0.303906 -0.118524
0.154658 -0.448849 -0.419130 0.333188 -0.447970 -0.011297 0.206658 -0.437059 -0.199386 0.192086
-0.695934 0.395499 -0.256520 -1.132029 0.075651 -0.208323 -0.409779 0.477846 -0.608788 0.544833
0.460132 -0.720928 0.201127 0.811979 0.291039 -0.025834 0.442670 0.224059 0.156437 0.566486
-0.276217 -0.540403 0.637875 -0.459908 0.577682 0.110148 -0.376739 0.134839 0.176067 0.552986
0.294263 -0.608015 0.454324 -0.246722 0.533517 0.196407 -0.871531 0.119133 0.302719 0.427772
-0.200013 1.572600 0.193781 -0.590636 0.184446 -0.283527 0.326452 0.004511 -0.716658 -0.241978
0.238145 -0.367260 -0.405913 0.739118 -0.364195 0.165756 -0.478769 0.089203 0.446527 0.600863
0.094377 -0.614678 -0.595788 0.552590 -0.420830 0.260919 -0.019155 -0.046937 0.164612 0.172516
-0.231053 -0.189150 -0.954336 0.270294 -0.220375 0.487409 0.324959 0.426246 0.050520 -0.056166
0.111944 -0.355461 -0.524080 -0.017664 0.614349 0.350530 0.312187 -0.107832 0.722223 0.172680
0.862544 0.474948 0.168479 0.585895 0.590942 0.496425 0.065492 -0.245708 0.246853 0.259768
-0.482973 -0.284348 -0.737283 -0.244084 -0.083728 -0.194402 -0.208122 0.257960 -0.384899 0.120786
-0.362372 -0.269343 -0.013497 0.218977 -0.073930 -0.095396 -0.373147 -0.115709 -0.530177 0.152116
-0.592119 0.320807 -0.040477 -0.047357 0.129682 0.344912 -0.438243 0.156166 -0.131409 0.132134
-0.479967 0.139413 0.112211 0.082592 0.342201 -0.419019 -0.120629 0.684439 0.003524 0.541412
-0.454905 0.416266 -0.168107 -0.083765 0.274222 0.169998 -0.850587 0.153088 -0.609828 -0.033586
-0.742488 -0.012662 -0.380878 0.127492 0.102031 0.183381 -0.201300 0.192934 -0.606212 0.106712
-0.420393 -0.803722 -1.038050 0.815914 0.072371 0.036006 -0.066306 -0.429240 0.004070 -0.668848
-0.295755 -0.001936 -0.799257 0.392746 -0.139936 0.614351 -0.017783 -0.046123 0.238239 -0.273178
-0.449518 0.133864 -0.752813 0.984114 0.309912 0.888901 -0.491941 0.563770 -0.054673 -0.020578
0.020239 0.344783 0.227372 0.838111 0.235459 0.646929 -0.390264 0.129960 0.087921 0.248995
0.376286 0.319987 -0.082594 0.199355 -0.146349 0.404689 0.548013 0.024002 -0.239645 -0.057021
0.231001 -0.418508 0.683429 0.399353 0.317390 0.109533 0.308817 0.218173 0.099738 -0.108272
-0.075785 0.195854 0.046665 -0.296820 -0.186828 0.005010 0.024266 -0.451783 -0.231100 0.034863
-0.079078 0.125440 0.273512 0.015849 -0.690925 -0.132610 0.035749 -0.241663 -0.008302 0.029983
-0.063712 -0.014579 -0.049314 -0.019940 -0.291517 -0.016066 0.271725 0.674915 -0.248636 0.665804
-0.050051 0.147528 -0.242201 0.108233 0.203371 -0.383841 -0.587403 0.473407 -0.583402 0.274763
0.609852 -0.092008 -0.438189 0.429933 0.187688 0.102847 -0.166407 0.118824 -0.387345 0.269142
-0.417107 -0.024721 -0.353127 0.187575 -0.060030 -0.197276 -0.738542 0.116550 -0.604047 0.294265
-0.681475 0.258139 -1.017872 0.241123 -0.338613 0.569368 -1.109565 0.007521 -0.386167 -0.029488
-0.388233 0.193541 -0.412460 -0.083356 0.299513 -0.268480 -0.412953 0.668355 0.196230 0.097791
-0.372364 0.512870 0.145626 0.560971 0.151783 0.453433 0.229261 0.078220 0.357349 0.184168
-0.837260 0.012422 -0.102396 0.524226 0.196263 1.238486 0.032989 -0.408898 -0.164936 -0.134735
-0.556164 0.242431 -0.031779 0.014362 -0.149134 0.132896 0.288122 -0.222955 0.107829 0.078315
-0.414798 0.126325 0.083311 -0.222447 0.020208 -0.335435 -0.296153 -0.770630 -0.049986 0.163580
-0.356745 0.438302 -0.178530 0.090707 -0.207073 0.126784 0.225764 0.529109 -0.361798 -0.056942
0.027713 -0.259401 0.172130 0.691734 0.089653 0.168161 0.320460 -0.090710 0.119143 -0.066948
0.154886 -0.130284 0.056118 0.109685 -0.367903 -0.021723 0.503189 -0.073861 0.169642 -0.308658
-0.307305 -0.086905 -0.008398 -0.080949 -0.491564 0.222832 0.546272 -0.239210 -0.033014 0.174784
-0.704030 -0.519139 0.028359 0.121625 -0.378097 0.178392 0.132502 0.200128 -0.231584 -0.075914
0.737864 0.340936 0.485650 0.532888 -0.018234 0.284041 0.552871 -0.030577 0.148456 -0.130392
-0.532637 0.143291 0.638198 0.657890 0.144629 -0.167160 0.064638 -0.043536 0.096030 0.170806
0.055268 -0.222432 0.490977 0.368215 -0.310361 0.211558 0.127589 -0.240122 0.116866 0.094193
-0.224803 -0.093580 -0.113195 -0.089851 -0.593773 -0.219832 0.420512 -0.523178 -0.560528 -0.267889
0.155757 0.160389 0.310222 -0.251262 -0.174074 -0.092530 0.398802 -0.234621 0.227099 -0.186740
-0.251294 0.368240 0.111599 0.050270 -0.403308 0.449112 -0.147425 0.446345 -0.144572 -0.016819
-0.027132 0.040282 0.038651 0.024011 -0.152056 0.058736 0.300929 0.031347 -0.118141 0.133035
-0.059370 0.357415 0.247081 0.274209 0.506470 -0.004940 -0.330866 -0.001644 -0.204795 -0.062268
0.626813 0.286688 0.188991 0.193205 0.195834 0.043468 0.256788 0.061397 -0.252470 0.111118
0.609440 -0.163385 -0.163862 0.087646 0.086480 -0.234687 0.732159 0.182474 0.336190 0.141780
-0.004608 0.372443 -0.086062 -0.427824 0.356981 0.159545 0.262142 -0.057000 -0.002736 -0.036300
0.162369 0.214564 -0.196449 -0.135461 -0.362508 0.201003 0.346233 -0.392602 0.145446 -0.135694
0.581327 0.126009 -0.298670 -1.244667 -0.225250 -0.429230 0.307764 0.037073 0.055096 0.732267
-0.350388 -0.000316 0.117056 0.101936 -0.247942 -0.596849 -0.096636 -0.267918 0.277129 -0.093174
0.922893 -0.403972 0.544152 0.345234 -0.119319 -0.232940 0.174641 -0.016911 0.210469 -0.288265
0.517743 -0.355693 0.055527 -0.027956 -0.054412 -0.771818 -0.209614 -0.150434 0.317299 -0.026299
0.393176 -0.010985 -0.332353 -0.466655 0.043699 -0.093865 0.343067 -0.472517 0.209533 0.229953
0.015398 -0.043030 0.019710 0.253245 0.662093 0.118767 0.134132 -0.122695 0.398281 -0.155778
0.162347 -0.603901 -0.132729 -0.512937 0.447301 0.448975 0.254195 0.166808 0.094433 -0.017227
-0.311746 -0.236432 -0.031608 0.348936 -0.030313 0.294060 -0.144158 0.136633 0.002680 -0.247675
-0.020255 0.051302 -0.175533 0.107276 0.221027 0.200896 -0.166398 0.097044 -0.479604 0.078618
0.159712 -0.043733 -0.043930 0.217054 -0.139570 0.537252 0.228905 -0.124026 -0.097559 -0.064257
-0.534654 -0.850788 0.234819 -0.026713 0.547543 -0.056895 -0.462910 0.701400 0.057656 -0.434819
0.377409 -0.221644 0.589195 0.253785 -0.216563 0.225290 -0.282475 0.193307 -0.212531 -0.679721
0.337632 0.189096 0.033570 -0.170964 -0.502444 -0.068014 -1.327305 -0.182149 0.079177 -0.315284
0.095400 -0.537223 0.157948 -0.350131 -0.791392 -0.211417 -0.659549 -0.106016 0.514344 0.291672
0.048328 -0.291454 0.634120 0.156224 -0.121576 -0.279180 -0.538991 -0.052322 0.467697 0.543609
0.639026 -0.543036 0.394071 -0.196175 -0.213631 -0.475517 -0.029053 -0.748809 0.710522 0.508097
0.455286 -0.121646 0.150266 0.453027 -0.363828 -0.039506 -0.248890 -0.526961 0.418268 0.704436
0.913635 0.093800 -0.390938 -0.605883 -0.120752 0.449859 0.406061 0.051633 0.226779 -0.058064
0.113952 -0.128041 -0.347790 -0.171206 0.304655 -0.165900 0.167007 -0.383873 0.362688 -0.182458
-0.552169 -0.376136 -0.066838 -0.010022 -0.356414 -1.047069 -0.069486 0.340550 -0.416744 -0.166786
-0.435234 -0.045407 0.354563 0.708608 -0.358075 0.462516 0.208855 0.047689 -0.027406 -0.266751
0.316361 0.392566 -0.350547 0.210943 0.423663 0.247105 0.517572 0.405261 0.415561 0.516097
-0.144036 -0.717530 -0.436889 0.064546 0.218909 0.297356 0.598503 0.413958 0.354161 -0.439142
-0.414819 -0.633944 -0.703061 -0.155557 -0.192783 -0.276460 -1.424613 -0.041388 -0.356207 -0.557766
0.265763 -0.240384 0.108817 0.031310 -0.723430 0.173975 -1.164395 0.257004 0.612982 0.315110
0.475730 -0.526332 0.244909 -0.456028 0.035287 -0.022361 -1.039353 -0.115717 0.322859 0.489816
0.362725 -0.306171 -0.077025 -0.141745 -0.700346 -0.396192 -0.051606 -0.210302 0.396318 0.187600
0.812859 -0.552767 -0.107889 -0.303662 -0.248500 -0.018514 -0.737185 -0.198355 0.231951 0.413503
-0.498719 -0.221589 0.166998 0.162569 0.021323 0.163883 -0.530488 0.343141 -0.158615 0.140414
0.231878 0.497548 -0.038393 -0.458678 -0.392076 0.235876 -0.324128 -0.257507 0.301707 0.000472
0.489781 0.198735 -0.458901 -0.429111 0.369233 0.013542 -0.183525 -0.102282 0.205796 -0.013945
-0.126594 -0.111627 -0.236373 -0.072935 0.332580 0.071301 0.177142 0.208112 -0.009631 0.118158
0.673633 -0.438985 -0.022128 -0.031708 0.722886 -0.425904 -0.243166 0.423016 0.037902 0.917650
0.452150 0.597150 -0.471058 -0.180305 0.725198 0.081960 -0.448529 0.028456 0.281655 0.146017
-0.348690 -0.367911 -0.218759 -0.034553 0.259895 0.107614 -0.232447 0.649542 0.378464 0.424904
0.036139 -0.167852 0.516767 0.275140 0.216835 0.463212 1.032883 0.124679 -0.422648 -0.583883
0.158173 0.052735 -0.300160 -0.265519 -0.794650 -0.244885 -0.390633 0.111922 1.099682 0.421006
-0.753569 0.475003 0.215304 0.221231 0.459865 0.044398 0.726361 -0.414033 -0.694347 -0.541526
1.024312 -0.869236 0.019730 -0.250238 -0.355468 0.241339 0.459738 -0.008863 -0.259976 0.135271
-0.278720 -0.137589 0.181642 -0.021393 0.017026 0.018858 0.071526 0.227234 -0.328054 0.140201
0.414684 0.449157 -0.683897 0.020419 0.057346 -0.140098 0.024711 -0.364136 0.490570 0.302352
0.194565 0.257118 -0.294260 0.080220 -0.211189 -0.474587 -0.443060 -0.084812 -0.693412 -0.598759
0.215105 -0.127662 0.146199 -0.347234 -0.034450 0.090393 -0.619544 0.413918 0.174908 -0.068148
0.126031 -0.031517 -0.048108 -0.062746 0.485969 -0.484590 0.183197 0.730963 -0.366152 0.249576
-0.194742 -0.805057 0.117991 -0.956048 0.236751 -0.315668 0.140747 -0.402486 0.367022 -0.305346
-0.122274 -0.230774 -0.125463 -1.019346 0.099858 -0.197921 -0.297892 -0.081943 0.061546 0.208881
0.190861 -0.630046 0.015698 -0.308025 0.662458 -0.072372 0.831538 -0.186244 0.537482 0.253918
0.534377 -0.336350 -0.223865 -0.048049 0.459718 -0.022155 -0.274605 -0.111401 0.644492 0.660354
0.342055 -0.334388 -0.663493 -0.230760 0.700048 0.163138 -0.357040 0.098680 0.716933 0.771875
0.371634 -0.368529 -0.207525 0.400197 0.051235 0.506354 0.531867 0.288709 0.384330 0.657970
-0.502557 -0.089323 -0.916142 0.222933 -0.480769 -0.138776 0.569831 -0.032402 -0.493057 0.773191
0.288346 -0.787688 -0.653303 0.626644 -0.563051 0.244218 0.339816 -0.138461 0.149782 -0.144042
-0.341906 0.146247 0.953976 -0.669011 0.382158 0.647169 -0.706301 -0.443288 -0.078913 0.371339
0.752010 0.218135 -0.451960 -0.006317 0.149994 -0.429440 0.017207 -0.089711 0.348400 -0.026424
0.111336 0.161824 -0.249257 -0.516986 -0.311804 -0.110997 0.066700 -0.355208 0.388481 -0.491663
-0.327668 -0.488134 -0.341422 -0.250752 -0.037002 -0.422942 -0.780416 -0.456452 -0.239107 -0.026109
0.612345 -0.045314 0.115870 0.265369 -0.043354 0.112215 -0.012937 0.156072 -0.212030 0.003614
0.122088 -0.285374 -0.255061 0.247675 -0.021019 0.094033 0.408787 0.348453 -0.471456 -0.104813
0.524982 -0.765234 0.486504 -0.004493 0.062240 0.049450 0.143009 -0.268943 0.710876 0.312923
0.371981 -0.927229 0.287164 -0.166543 0.119990 0.058949 0.299849 -0.261656 0.052045 -0.060051
0.039348 -0.171232 -0.058720 0.359548 -0.120027 -0.088189 -0.073961 -0.797642 0.290730 -0.495300
-0.500812 -0.036965 -0.460054 0.692936 0.235659 0.312415 0.307270 -0.414078 0.065360 0.277236
-0.903328 -0.719594 -0.130059 0.610572 -0.399343 0.055983 0.600016 -0.259905 0.249542 0.079405
-0.732309 -0.347113 -0.504870 0.523499 -0.266242 0.156542 0.463932 -0.172095 0.634577 -0.565078
0.146004 -0.340587 -0.118039 -0.017583 -0.103166 0.074601 0.614897 -0.052384 0.721951 -0.398971
0.030666 0.469103 -0.235135 -0.705726 0.241860 -0.032352 0.134411 -0.269038 0.429299 -0.306974
-0.123258 0.427682 -0.497801 -0.130597 0.054311 0.026709 0.019958 0.326136 -0.311663 -0.204609
0.411451 0.074850 0.205505 -0.010331 -0.407536 -0.280840 -0.316862 -0.784930 0.125337 -0.929155
-0.315761 -0.209909 0.165892 -0.084529 -0.103483 -0.045447 -0.595915 -0.420180 0.429107 -0.094618
-0.002622 0.096694 -0.009998 -0.074901 -0.451194 0.562786 0.006587 -0.349384 0.492844 -0.220976
-0.312241 -0.027369 0.064901 -0.111306 -0.140919 -0.011830 -0.432451 0.317580 -0.146394 0.002394
-0.305203 -0.534615 0.201823 -0.105062 -0.288843 -0.438817 0.340750 -0.240345 0.288657 -0.071441
-0.342617 -0.105564 -0.097053 0.542153 -0.086335 0.042038 0.553936 -0.244749 0.257347 -0.197120
-0.480623 -0.525605 0.127172 0.323156 -0.357681 -0.021229 0.578542 0.065645 0.643288 0.233612
-0.955238 -0.351965 0.031200 0.323294 0.152296 0.025809 0.388519 0.042298 0.580610 0.127521
0.385801 0.186018 -0.168331 0.081656 0.118226 0.450273 -0.359684 0.305683 -0.770481 0.388006
-0.356109 -0.538057 0.393055 -0.034282 0.183373 -0.442278 0.528119 0.542692 0.398552 0.381840
-0.571769 0.127499 -0.118760 -0.014835 -0.114300 -0.217291 0.277081 -0.319963 0.320284 -0.428334
-0.153029 0.144730 0.549374 0.031771 0.239889 0.327703 -0.107462 0.619588 -0.104074 0.110429
0.164718 0.379836 0.474885 0.498666 0.530675 0.264254 0.133596 -0.326181 0.048668 -0.060087
-0.239646 -0.426510 0.128358 0.511536 0.532192 0.071801 0.287665 -0.079308 -0.085241 0.367418
0.084599 0.090171 0.301359 0.431236 0.124258 0.590267 0.071399 -0.353665 -0.143544 0.199443
-0.332815 -0.538077 0.259195 -0.065111 -0.066634 0.065811 0.002597 0.357627 -0.793579 0.212178
0.206362 -1.186731 0.313264 -0.450730 -0.356707 0.080227 0.293017 -0.558604 -0.221196 -0.063813
0.143483 -0.785417 0.215312 0.474231 0.119761 -0.266675 0.616659 -0.000048 0.876545 -0.301207
-1.263606 -0.347887 -0.093292 0.313283 -0.228277 -0.186348 0.530841 -0.052012 0.459654 -0.117729
-0.514109 -0.284923 0.664271 -0.131804 0.017559 0.188847 0.871228 0.133128 0.575378 -0.118723
-0.235292 -0.359023 0.312179 0.403545 0.562056 -0.104321 0.488234 0.159300 0.346647 -0.500340
-0.090088 -0.031453 0.134448 -0.287407 0.487314 -0.105676 0.094910 0.349882 0.075216 -0.729071
-0.207811 -0.363339 0.073858 -0.505805 0.188931 0.256275 0.003915 -0.051590 -0.472091 -0.280443
-0.190392 -0.237389 -0.209543 -0.271048 0.136038 0.013631 -0.048143 0.246936 -0.070478 -0.770461
0.020396 0.125704 -0.049264 0.363546 0.030460 -0.015487 0.050998 -0.295624 -0.125551 -0.224221
-0.187943 0.584356 0.382866 0.565593 0.281314 0.519894 -0.365272 0.125817 0.422604 -0.000224
0.473386 -0.147805 0.304235 0.367542 0.058532 0.205494 0.086073 -0.252234 -0.179545 -0.829823
0.277913 -0.148834 -0.419798 -0.100543 -0.318060 0.231909 -0.339825 0.221055 0.180369 0.078022
-0.280553 0.243088 -0.155432 0.176596 -0.089423 -0.222256 0.104047 0.039931 0.039543 -0.255890
-0.001443 -0.271812 0.193245 0.322545 -1.093531 0.085501 0.192696 -0.769963 -0.099261 -0.456821
0.438802 0.284092 0.138300 0.287107 -0.314343 0.027196 0.181709 -0.278004 0.030531 -0.388731
-0.501505 0.435899 0.760554 0.612556 0.381298 -0.007095 0.452525 0.105851 0.047608 -0.492404
-0.490615 0.499330 1.212689 0.312876 0.393030 -0.734813 -0.278387 0.358098 -0.067552 -0.051018
-0.413976 -0.019968 0.479077 -0.456346 0.303980 -0.226139 -0.248256 0.111286 -0.579890 -0.039835
-0.194015 0.222321 0.557572 0.357299 -0.021170 0.081887 0.092287 0.126882 -0.149007 0.596989
0.606311 -0.872484 -0.648707 0.137277 0.196506 0.067396 -0.044842 0.573436 0.166929 -0.109296
0.375953 0.075772 0.391032 -0.228424 0.332179 -0.386125 0.124761 0.053120 0.406560 -0.123510
0.205778 -0.129455 -0.287985 -0.368880 -0.273715 -0.294222 0.017535 -0.183874 -0.045598 0.396521
0.128045 -0.799643 -0.216414 0.137460 -0.307893 0.304962 -0.475496 0.295822 0.261331 0.944245
0.404023 -0.077953 -0.357195 0.380142 -0.362943 0.670223 -0.178983 0.055249 0.011396 0.148072
0.326177 -0.847361 0.529483 0.250391 -0.874616 0.126568 -0.049098 -0.617176 0.049000 0.126912
0.602947 0.099736 0.357978 -0.163022 -0.262677 0.454668 0.364647 0.177444 -0.016741 0.103380
0.536984 0.288830 0.779514 0.474828 -0.163262 0.301463 1.071980 0.126643 0.109965 -0.024880
0.110829 0.346834 0.685830 -0.027174 0.288797 -0.333149 0.410414 0.673467 0.217714 0.167293
-0.729973 -0.389489 0.659287 -0.310267 0.721261 -0.565734 0.219340 -0.171606 -0.038734 0.547257
-0.206894 -0.497801 -0.707288 -0.035346 -0.441104 -0.483063 -0.192976 -0.268649 -0.181269 -0.243828
-0.089305 -0.222560 0.184555 0.031021 0.168817 0.521675 -0.108396 -0.226629 -0.160742 -0.353711
-0.615662 0.339025 0.264944 0.181766 -0.208258 0.293602 -0.437736 -0.034421 0.027633 0.274198
0.009361 0.082364 -0.058609 0.517415 0.322915 0.223364 0.569276 0.210563 -0.326300 0.404387
-0.269168 0.636479 0.092610 -0.573133 0.587017 -0.327266 -0.107834 0.304779 0.141227 -0.030741
0.557894 0.305140 -0.228835 -0.138170 -0.379186 0.220131 0.152145 0.009670 0.030544 -0.245772
-0.122187 -0.204893 0.128533 0.557110 -0.167366 0.494452 -0.391264 -0.721360 0.008500 0.150555
-0.380535 -0.285489 0.050896 -0.047252 0.386839 -0.539121 -0.314987 0.508772 -0.056837 0.265772
0.593923 0.004302 0.414908 0.466262 -0.409287 0.391426 -0.025289 -0.568202 0.046251 0.173422
-0.375925 -0.010543 0.146257 0.350713 0.457662 0.298773 -0.019876 0.549410 0.382226 -0.125850
0.216893 -0.543155 0.080192 0.078024 -0.071224 -0.033216 0.017462 -0.312219 0.215379 -0.099086
-0.248846 0.145736 0.221549 0.271633 0.106879 -0.303075 -0.648725 0.183751 0.291606 -0.284192
-0.089344 -0.021301 0.461944 0.306119 -0.162421 0.388977 0.422998 -0.221269 0.232049 0.163085
-0.105000 -0.018245 0.198111 -0.456080 -0.125985 -0.018847 0.076009 -0.320294 -0.040348 0.058019
-0.082284 -0.334946 0.320137 -0.285615 0.544798 0.105707 -0.156817 -0.157851 -0.798676 -0.161475
0.172491 0.017052 -0.167195 -0.871125 -0.067694 0.898894 -0.120658 -0.052999 -0.121192 0.041648
0.794155 0.415796 0.213208 0.592362 0.202603 0.300918 0.067519 -0.135319 -0.007345 0.077242
-0.106119 -0.007364 0.089883 0.275235 -0.543386 -0.141633 -0.147709 0.055866 0.329374 -0.209381
-0.519216 -0.051396 -0.208067 0.125758 -0.384712 -0.356564 0.139805 -0.547926 -0.186559 -0.065622
-0.738527 -0.012926 -0.013902 0.131442 0.383999 -0.294980 0.423356 0.014953 0.087186 -0.737915
-0.001526 0.331311 0.013015 -0.025328 0.563400 -0.285239 0.644598 -0.342800 0.312377 -0.256595
-0.430681 -0.271652 -0.510261 -0.590914 -0.076299 -0.566024 0.172330 -0.471127 0.083730 0.097084
-0.076101 0.529140 -0.464942 -0.854377 0.157922 -0.523909 0.844387 -0.011722 0.455645 -0.806955
-0.263810 -1.146628 -0.270915 -0.002393 -0.155321 0.571454 0.069450 -0.120407 -0.626180 0.007418
-0.275545 0.265573 0.001020 -0.109839 0.169502 0.066034 0.364395 -0.200942 -0.410565 -0.127607
0.105025 -0.033937 0.076333 0.220244 0.290595 -0.057254 0.169224 -0.494289 0.007882 0.320863
0.608827 0.250379 0.781303 0.125475 -0.458487 -0.299304 0.033756 -0.102565 0.104136 -0.219542
0.413515 0.377085 0.148554 -0.348064 -0.150054 -0.269969 0.636279 -0.302471 0.279348 -0.077523
-0.212547 0.294788 -0.176704 -0.063200 0.059616 0.181991 0.091636 0.622301 0.037014 -0.186243
-0.265870 -0.637858 -0.005338 -0.157283 0.117435 -0.062925 0.356182 0.527767 -0.405887 -0.094931
0.271344 0.317941 -0.422362 -0.429249 0.029237 -0.343399 0.091387 -0.340578 -0.188624 -0.788394
0.495542 0.546187 -0.078631 -0.445762 0.542128 0.112616 0.675505 0.117991 -0.389292 -0.245814
0.172525 -0.012690 -0.204478 -0.197742 0.108059 -0.974331 0.066265 0.178045 -0.144247 -0.932055
-0.099531 0.099737 -0.013102 -0.107448 0.144540 -1.033211 -0.077338 -0.628389 -0.230342 -0.221940
0.612685 0.351749 0.139158 0.410138 0.161516 -0.013952 -0.296160 -0.905483 -0.192129 -0.316683
0.497804 0.156790 0.126606 0.065767 0.428021 -0.698725 0.112132 0.362488 0.003700 0.223098
-0.462132 0.299516 -0.156308 -0.247464 0.143425 -0.722414 -0.133108 -0.395983 -0.145257 0.459904
0.076810 -0.264640 0.178154 -0.684095 -0.154377 -0.480160 -0.331386 -0.228851 -0.660268 0.143751
0.222598 0.054104 0.423222 -0.146047 0.370133 -0.644533 -0.275989 -0.082318 -0.206423 -0.262265
0.372925 0.025915 -0.096862 -0.212504 -0.533277 0.660214 -0.232959 -0.409619 -0.236448 -0.084105
0.304210 0.246510 0.350134 -0.082336 0.264390 -0.180950 0.096485 -0.049939 -0.672554 -0.126419
0.093627 -0.194145 0.124527 0.143861 0.163484 0.100282 0.352945 -0.075511 0.059135 0.752457
-0.132374 0.215554 0.272001 0.163392 0.431593 0.094303 -0.137531 0.246156 -0.055686 -0.866761
-0.052977 0.179318 0.747877 0.100969 0.735726 -0.327178 0.174414 -0.126489 -0.071122 -0.931947
-0.338279 0.358384 0.254036 -0.340381 0.822681 -0.082690 0.374684 0.289212 -0.286463 -0.770327
-0.448593 0.363571 0.584686 0.322771 0.710311 -0.059353 0.305562 -0.560157 -0.499558 -1.114002
-0.416976 0.125202 0.561765 0.084131 0.561531 -0.957709 -0.385922 -0.301316 -0.580717 -0.237261
0.147671 0.053009 -0.278510 -0.454577 -0.812918 1.431191 0.022547 0.028991 0.746184 0.055911
-0.488446 -0.238163 0.445301 0.309307 0.095092 -0.227184 -0.380813 0.503858 -0.110483 0.109032
-0.175745 0.028068 -0.531065 0.132942 -0.446951 -0.797680 -0.045099 0.469990 -0.108420 0.242646
-0.115113 -0.400149 -0.003655 0.189750 -0.199103 0.070592 0.099834 0.305250 0.238808 0.219398
0.298636 0.635411 0.013175 0.256270 0.257250 0.205297 0.084172 -0.198690 0.177928 0.032279
-0.439741 0.553466 0.390806 0.435482 0.053500 -0.208903 -0.228172 0.333096 0.016674 -0.220605
-0.676359 0.541315 0.028469 0.186300 0.757328 0.221313 0.293188 -0.276231 -0.189323 -0.907650
-0.826048 -0.131537 0.300112 0.000117 0.541600 -0.076039 0.268724 0.053342 -0.149451 -0.372716
0.368799 -0.463289 -0.230653 -0.933625 0.388933 -0.191924 -0.213368 -0.095599 -0.470247 -0.683368
0.326520 -0.801614 0.305575 -0.051690 0.330755 0.468215 -0.536904 -0.161910 -0.165174 -0.623664
-0.038642 0.264819 0.056173 -0.552820 0.560987 -0.211315 -0.066801 -0.608272 -0.358025 -0.074706
-0.415043 0.690259 -0.191180 0.153436 0.120867 -0.884561 0.782422 0.013607 -0.250379 -0.238598
-0.170106 0.131754 0.203224 0.008371 0.362840 -1.201197 -0.747262 0.105005 -0.189772 0.280677
-0.197650 -0.040166 -0.182405 0.094133 -0.350834 -0.166732 -1.025833 0.580447 -0.168403 -0.229063
0.156639 -0.267427 0.100121 0.201080 0.212760 -0.494475 -0.311906 0.652587 -0.355338 0.338848
0.366495 0.231428 -0.575666 0.539828 -0.280364 -0.134083 -0.358399 0.187662 -0.059728 0.034004
-0.638082 0.057827 0.611437 -0.106305 -0.220976 0.207816 0.476144 -0.207389 -0.015162 -0.516247
-0.049084 0.513534 -0.127351 -0.030433 0.193521 0.564458 -0.021854 -0.058799 -0.180127 -0.225757
0.232662 -0.024545 0.498354 0.790037 0.359288 -0.200768 0.541470 0.654678 0.043757 -0.042219
0.360272 0.000225 0.051828 -0.365682 0.220720 0.038117 -0.083762 -0.222210 -0.065219 0.135280
0.041996 -0.249586 -0.280491 -0.868449 0.107412 0.287840 0.028901 0.544015 0.167947 0.050428
-0.033785 -0.549762 0.026743 -1.128577 0.308907 0.502679 -0.056966 0.494859 -0.019522 -0.173670
0.264456 -0.060137 0.494222 -0.554384 -0.088230 -0.378705 -0.588939 -0.625070 -0.634663 -0.543780
0.790740 0.333582 -0.146250 -0.238278 -0.064284 -0.864281 -0.755358 0.480472 -0.097502 -0.383820
0.330288 0.170293 0.034630 -0.316399 0.615711 -0.629467 -0.707108 -0.097903 -0.341280 0.213479
0.404721 0.193924 0.203366 -0.019305 -0.020306 -0.869545 -1.053620 0.305143 -0.359703 0.222678
0.875811 -0.244388 -0.391087 -0.228995 0.055361 -0.085559 0.305749 0.506623 0.049180 0.225231
0.345945 0.221607 0.104260 -0.226346 0.013684 -0.507640 0.450736 0.490162 0.008049 0.130311
-0.104083 -0.504180 -0.019878 -0.087157 0.279241 0.116185 0.459615 0.144392 -0.213984 0.178682
-0.258986 -0.025591 -0.189245 0.058142 0.378835 -0.039277 -0.629974 -0.320082 0.563912 0.347630
0.170032 -0.223221 -0.505799 -0.067575 -0.298211 0.221855 0.149602 0.105431 0.408686 0.636250
0.232505 0.620221 -0.271891 0.692167 0.110241 -0.029417 -0.081131 -0.388301 1.078577 0.448625
0.266506 -0.332925 -1.191309 -0.260310 -0.136651 -0.562017 -0.407484 -0.778507 0.140207 -0.055874
0.348330 -0.587726 -0.289650 -0.646474 -0.135760 -0.147127 -0.192541 0.179343 0.057678 -0.477875
0.473640 0.460199 -0.162980 -0.747172 -0.109615 0.036026 -0.495364 -0.081557 -0.209541 -0.790884
0.290731 0.140424 -0.100911 -0.825739 -0.139949 0.215418 -0.197034 -0.025400 -0.384646 -0.287506
0.656278 0.954858 0.399127 -0.063172 0.338846 0.969294 -0.561850 0.144528 -0.623100 0.383849
0.075028 0.218117 -0.036717 -0.521290 0.654144 0.177117 -0.524186 0.331025 -0.197379 0.522533
0.143887 0.289557 -0.564357 -0.520617 0.143397 -0.063363 -0.477150 0.237451 -0.343757 0.200856
0.780839 0.136791 -0.230089 -0.775118 0.503017 -0.842918 0.134163 0.001226 -0.740436 0.159604
0.069019 0.023777 0.161849 0.165144 -0.101577 -0.044493 0.065015 0.083751 0.264630 0.172289
0.216509 -0.179343 0.001650 -0.466201 -0.325315 0.017348 0.233044 -0.197840 -0.097331 -0.339969
-0.250909 0.100237 -0.347426 0.483595 -1.043287 0.102822 0.380383 -0.112188 -0.286914 0.448574
-0.147544 -0.414471 -1.003541 0.543376 -0.411206 0.296837 -0.073825 0.113915 -0.132907 0.326268
0.028253 0.268486 -0.429404 0.332685 0.319430 0.077508 -0.256775 0.859344 -0.037816 0.253791
0.555867 0.143700 -0.042334 0.361288 0.379197 -0.341567 -0.571947 1.125561 -0.017903 0.154727
0.636843 0.412228 0.425240 -0.382072 -0.198804 0.729948 -0.342628 -0.342289 -0.370982 -0.039541
0.363527 -0.045456 -0.540611 -0.458464 0.135553 0.393169 0.463451 -0.410098 0.122053 0.172720
-0.653550 0.251839 -0.422669 0.025700 -0.536678 0.639993 -0.283922 0.066165 -0.176465 0.602203
0.257009 -0.869960 -0.174936 -0.173237 0.030894 -0.131358 0.376928 0.388538 -0.588461 0.469512
-0.211174 0.241211 -0.307265 0.191492 0.310942 0.357283 -0.081621 0.768826 -0.468246 0.262001
-0.165866 0.446506 -0.516816 0.026490 -0.521661 0.001881 -0.341949 -0.047230 -0.718503 -0.162265
-0.358245 0.886703 -0.079398 0.227342 -0.315875 -0.242202 -0.093866 -0.227281 0.358725 0.354199
-0.184665 0.211876 -0.133350 0.024556 0.038842 0.018887 1.056099 -0.663865 0.499990 0.132327
-0.223175 0.312455 -0.926919 -0.070938 -0.645589 -0.153989 0.131468 -0.051803 -0.428703 0.098202
0.108858 -0.257036 -0.505864 0.259491 -0.162941 -0.162187 -0.398832 0.609735 -0.469318 0.177258
0.177002 0.832952 -0.200653 0.028304 -0.684369 0.110719 -0.183688 0.528740 0.103212 -0.909451
0.432215 0.525385 0.021956 0.288298 -0.460601 0.137191 0.034636 0.185337 -0.221835 -0.614561
0.288604 0.785598 0.349578 -0.153987 0.102866 0.228781 -0.069579 0.228606 0.297499 0.243867
0.336837 0.258759 -0.494663 -0.390429 -0.745179 -0.217787 -0.332672 -0.850859 -0.125381 0.159624
-0.261635 -0.153788 -0.652571 0.374750 -0.063628 0.591429 0.070571 -0.498297 -0.063627 -0.443750
-0.146141 0.046279 -0.686142 0.008016 -0.249942 0.713749 0.353053 -0.085775 0.711387 -0.032955
0.080132 -0.354424 -0.421390 0.190659 0.702750 0.216689 -0.293921 -0.021239 0.062245 0.104958
0.005061 -0.610569 -0.223957 0.672910 0.342989 0.396405 -0.442555 0.335054 0.142272 0.565526
-0.251992 0.481731 -0.434388 0.140079 0.279929 0.420707 -0.383398 -0.201150 0.317963 0.673164
-0.261808 -0.742094 -0.697381 -0.105686 0.108302 -0.766036 -0.210531 -0.201276 -0.634170 0.229731
0.780792 -0.394317 0.023454 0.481962 0.124133 0.225801 -0.102539 0.886984 0.078433 0.221490
0.141300 -0.964803 -0.498176 -0.652345 0.228823 -0.267106 0.482418 0.323615 -0.247689 0.018763
-0.085545 0.178492 -0.664147 -0.342846 -0.643783 -0.638462 -0.617993 -0.033934 -0.093324 -0.276933
-0.029492 0.551438 -0.259867 0.152747 -0.060110 -0.387410 -0.288859 -0.131675 0.206587 -0.386464
-0.958874 0.164234 -0.425570 0.573462 0.117775 -0.008524 -0.034795 0.289601 0.452271 0.367673
-0.641063 -0.451997 0.080815 0.384103 0.422233 0.196870 0.194388 -0.050905 0.244884 0.448434
0.121454 0.518481 -0.548834 0.345527 0.477390 -0.049969 0.373528 -0.049961 0.623300 0.248726
-0.465041 -0.198710 -0.680281 0.173061 -0.131123 0.108425 -0.411209 -0.293522 0.265711 0.408854
-0.093267 -0.556449 -0.314016 -0.118237 -0.407733 -0.077129 -0.302744 0.499136 -0.429539 0.107052
-0.141348 -0.239362 -0.056946 0.533036 -0.029661 -0.190183 0.086954 0.159751 0.424015 0.232412
-0.003188 -0.174505 0.242582 0.372445 0.129083 0.303815 0.293208 -0.656829 -0.135371 -0.428005
0.269805 0.417594 -0.376815 -0.409241 0.293350 -0.719121 0.404960 0.228443 0.013754 -0.133452
0.069349 0.123896 -0.075716 0.235229 -0.054438 0.037056 -0.008303 0.054072 0.652509 0.248259
0.068566 -0.339291 0.019097 -0.531231 -0.537529 -0.369516 0.441150 0.042894 -0.148248 -0.457976
0.045768 0.618788 0.289273 0.218983 0.287914 -0.106950 0.348191 0.579810 0.138859 -0.377555
0.464933 -0.870671 0.540317 0.290183 -0.027958 0.428439 0.299736 -0.601092 0.064388 0.208107
-0.666293 0.389798 -0.315771 -0.874356 0.233988 -0.199747 -0.801021 0.353080 -0.061680 0.086686
-0.290818 0.140181 -0.158319 0.293396 0.522611 -0.081643 -0.101002 -0.050934 -0.134702 0.520012
-0.419837 0.529589 0.226089 -0.395600 0.806256 -0.154568 0.369030 -0.157214 -0.212460 0.103844
-0.363372 0.490074 0.319186 -0.334820 0.085865 -0.350392 -0.381559 0.118631 -0.017811 -0.062335
-0.910396 0.111392 -0.360687 -0.177396 -0.142640 -0.171224 -0.542814 -0.928047 0.052815 -0.448552
-0.330139 -0.324921 -0.005430 -0.671107 -0.104782 -0.077983 0.261374 -0.432080 0.042975 0.010183
0.123956 -0.256425 -0.639663 -0.074491 -0.090229 0.066749 0.295176 -0.383555 -0.537947 0.083701
-0.567901 -0.329094 -0.430180 0.356556 -0.406839 0.310775 0.016708 0.025452 0.301428 0.024149
0.003999 -0.632933 -0.197460 -0.237754 -0.452001 0.237698 -0.150319 0.047736 -0.207424 0.194576
1.004852 -0.213956 0.510016 -0.154870 -0.032192 -0.105514 -0.721588 0.426585 0.185575 0.031161
-0.194275 -1.009775 0.085477 0.118028 -0.305742 0.181395 -0.692535 -0.876887 0.178506 -0.529814
-0.222863 -0.032345 0.117407 -0.168045 0.336195 0.147757 0.762332 0.517597 -0.666351 0.134033
-0.078689 0.323894 -0.415793 0.228983 0.157709 -0.100795 0.115634 0.477564 -0.815563 0.739823
-1.154654 -0.055607 -0.248638 -0.282380 0.865592 -0.133424 -0.162196 0.942352 -0.021325 0.504107
-0.797522 -0.021914 0.165790 -0.389345 0.364096 -0.192306 -0.809002 0.418212 0.277685 0.738992
-0.539287 0.055647 0.561179 -0.432085 0.413304 -0.264838 -0.634938 0.399661 0.231577 0.311730
-0.648912 0.674210 0.254105 -0.329529 0.251336 -0.592477 0.155611 0.357046 0.016484 0.239336
0.280529 -0.679359 -0.019124 0.272457 0.314138 0.440893 0.094400 -0.138255 -0.006098 0.065729
0.552765 0.439660 0.341767 -0.195543 -0.505968 -0.149567 -0.397741 -0.050320 0.352897 -0.304747
0.247867 0.071593 0.394347 -0.365325 -0.042162 -0.277408 -0.163307 -0.485251 0.139527 0.201452
0.559256 0.152178 0.620797 -0.369712 0.586588 -0.178670 0.807307 0.089288 0.308741 -0.179928
0.063851 0.379144 -0.007696 -0.840733 0.128992 -0.352236 0.551282 0.334820 -0.201862 -0.096116
-0.126063 0.092005 -0.644901 -1.170925 0.206011 -0.599059 0.317670 0.523113 0.079035 0.186854
-0.706893 -0.277038 -0.894391 -1.133786 0.368592 -1.038443 -0.068450 0.320010 -0.265706 0.300517
-1.332322 -0.051070 -0.016370 -0.649625 0.331977 -0.477336 -0.254649 0.362746 0.059928 0.037904
0.984079 -0.077605 0.204454 0.489920 -0.100483 0.409992 0.102585 0.146682 -0.693915 -0.294351
1.459973 0.490804 -0.282457 0.560098 -0.320195 0.315681 0.519409 -0.076354 0.625442 0.026905
-0.355688 -0.076757 -0.107326 -0.315302 -0.148092 0.144464 0.229182 -0.027504 -0.178536 -0.044139
-0.187150 0.174643 -0.268998 0.050920 -0.243416 0.528809 0.308446 0.015401 -0.141279 0.311406
0.086895 -0.024163 -0.005199 -0.119900 -0.321828 0.012313 -0.027627 -0.181167 0.005971 -0.405567
0.286739 0.163204 -0.016491 0.149242 -0.034594 -0.043426 0.029671 0.287277 -0.017478 0.050876
0.168235 -0.244533 -0.076158 -0.162750 -0.023116 0.103722 -0.147291 0.247104 0.275217 0.203224
-0.298182 -0.206886 0.136931 -0.112462 0.334522 0.315294 -0.639952 0.459163 -0.242493 -0.297190
0.561842 -0.352865 -0.089623 0.245707 0.036778 -0.264846 0.475374 -0.058983 0.390223 0.390707
0.261686 -0.536062 -0.256984 -0.510342 0.392462 -0.261681 -0.308021 0.604042 -0.117680 -0.212699
0.222743 -0.086746 -0.464747 -0.178136 -0.155955 0.293642 -0.320057 -0.403636 -0.731141 -0.217147
0.297769 0.444832 -0.013810 0.619176 0.103141 -0.316045 -0.149239 0.013178 -0.075018 0.066320
0.427897 0.157761 0.478357 0.171523 0.521410 -0.357835 0.244860 0.441797 -0.475996 0.040448
0.046478 -0.184425 -0.046421 -0.000374 -0.033815 0.255078 0.125912 0.451403 0.234945 0.348319
0.289853 -0.136557 0.275586 -0.006187 -0.241922 -0.542157 -0.153338 0.237442 -0.143505 0.030844
0.293847 -0.015844 0.026685 -0.564472 -0.121750 0.242660 0.136328 -0.482387 -0.026908 0.131006
-0.102601 0.630181 0.019544 -0.013621 -0.081745 -0.141895 -0.165918 0.621251 -0.031709 -0.236409
-0.032310 -0.484885 -0.322839 0.058651 0.176277 0.205852 -0.060942 0.078669 -0.051834 -0.063048
0.135791 -0.392491 -0.371394 -0.012348 -0.341077 -0.218076 -0.245525 -0.156457 -0.476443 -0.166411
-0.021175 0.111425 0.570766 0.564112 -0.407806 -0.101909 -0.316117 -0.200797 0.119337 -0.154632
-0.236492 0.350377 0.060425 0.173178 0.414106 -0.287142 -0.711823 0.090117 -0.485150 0.260733
-0.605207 -0.691032 0.034991 -0.008618 -0.734509 -0.285500 -0.506928 -0.148788 0.151529 0.270901
-0.174947 -0.157486 0.502260 0.618012 -0.794237 -0.367438 -0.696220 -0.023827 0.098609 0.395208
-0.020684 -0.441989 -0.485986 -0.039315 -0.301200 -0.006597 0.328240 -0.466612 -0.178120 0.315309
-0.076036 -0.710260 -0.257499 -0.396346 -0.701427 0.117796 0.031745 0.204230 -0.142928 0.293694
-0.089561 0.367658 0.006891 0.004088 0.055591 -0.414470 0.628953 -0.018661 -0.498353 -0.226346
0.101737 -0.643575 -0.470369 -0.394837 -0.108550 0.373036 0.435830 -0.132762 0.221316 0.489754
-0.355666 0.170610 -0.558164 -0.393114 -0.371531 0.667425 0.500523 -0.435933 0.113897 -0.264848
0.294448 0.386060 -0.481080 -0.366670 0.073992 0.302519 -0.230201 0.737001 -0.039731 0.226113
0.515645 0.533646 -0.016261 -0.138178 -0.225233 0.152199 -0.530877 0.117285 -0.305544 0.445089
-0.030870 0.490867 0.189502 0.847202 0.289851 -0.431358 -0.064622 0.067384 0.146112 -0.024087
0.785144 0.013824 -0.226634 -0.103370 -0.245286 0.557807 0.228763 -0.345759 0.075138 -0.353232
-0.072911 -0.224732 0.577081 0.787423 -0.098234 -0.478562 -0.353997 0.172951 -0.059744 -0.109904
0.471267 0.350396 -1.049920 -0.809378 0.042995 0.289465 0.365123 -0.946294 -0.398444 -0.099321
0.242092 0.371365 -0.357107 -0.533272 0.182038 0.381107 0.145420 -0.784371 -0.093970 -0.282277
0.085293 -0.181758 0.548460 0.066499 -1.134032 -0.024817 0.116515 0.567980 -0.157868 0.055876
-0.500025 -0.704980 0.316630 -0.345005 -0.705972 0.391156 0.232713 -0.188033 0.093063 0.332595
-0.422914 -0.579480 -0.402004 -0.697668 -0.717320 0.212797 0.396072 -0.033539 0.046663 -0.163361
-0.581755 -0.453143 -0.737032 -0.639358 -0.269305 0.749990 0.387259 -0.093670 0.333919 -0.132389
-0.023808 -0.301317 0.329621 -0.100443 0.274890 0.696421 -0.077377 -0.811550 -0.017692 -0.318567
-0.495500 -0.296581 0.160261 -0.192885 0.411976 0.399914 0.453246 -0.521003 -0.273912 -0.389437
0.065933 0.975014 0.410992 0.404070 0.050699 -0.533056 -0.479709 0.018144 -0.107906 0.161060
-0.698274 -0.041166 0.631948 0.635517 0.161982 0.168088 0.474547 0.285000 0.272733 -0.085157
-0.024562 -0.094922 -0.513554 -0.479259 0.265977 0.733993 0.517574 -0.103268 0.241059 0.346446
-0.298438 0.207344 0.484205 0.383446 -0.337332 -0.797020 -0.398088 0.411647 -0.143087 -0.689295
-0.318113 -0.096439 0.343928 0.421143 -0.915423 -0.487671 -0.296441 0.573171 -0.108385 -0.052989
-0.359157 0.215297 0.218943 0.536739 -1.219504 -0.127951 0.079260 0.739368 -0.220672 -0.278004
0.050925 -0.254030 0.490434 0.128154 -0.983196 0.699853 0.663688 0.164382 -0.005184 0.108093
0.010563 0.032971 -0.158535 0.309995 -0.127963 0.192475 0.292289 -0.482805 -0.327341 -0.172395
-0.114450 -0.666391 -0.047234 0.186065 -0.598651 1.397529 0.443898 -0.570609 0.462965 0.274676
-0.665572 -0.763977 -0.872100 -0.340888 -0.562458 0.385604 0.774993 -0.010238 -0.034715 0.058522
-0.064230 0.152111 0.387004 0.423368 -0.352141 -0.101677 -0.413368 0.631409 0.436447 0.012544
-0.566983 0.328412 0.306527 -0.269463 0.782622 0.593900 0.097549 0.307475 -0.252145 -0.057125
0.894084 0.922090 0.210102 0.075153 0.410015 0.252246 0.190906 0.119723 0.144549 -0.198208
0.301961 0.000919 0.137929 0.072625 -0.081795 -0.272591 -0.694374 0.077045 -0.315066 -0.255044
-0.278188 0.438168 0.835639 0.925080 -0.155953 -0.405496 -0.644877 0.464256 -0.030743 -0.243024
-0.455906 0.001778 0.713439 0.169933 -0.119769 0.480575 -0.810858 0.518043 -0.638678 -0.505626
-0.198157 -0.267039 0.432028 0.599112 -0.503171 -0.045959 -0.552848 0.730314 -0.188501 -0.426267
0.025687 -0.243329 1.451941 0.342109 -0.048938 0.130684 0.540917 0.121481 0.031679 0.158584
-0.476311 0.258153 -0.162609 0.193019 -0.078780 0.508849 -0.726088 -0.439237 0.102379 0.202745
-0.385691 -1.197440 -0.027789 -0.312665 -0.828412 0.354899 0.288589 -0.433278 -0.129045 0.057595
-0.406638 -1.173837 -0.599133 0.002724 -1.008757 0.119215 0.637578 -0.356581 -0.203684 0.104575
-0.795441 -0.016469 -0.504364 -0.266347 -0.167336 0.213121 0.374442 0.160667 -0.166619 -0.726713
-0.496878 -0.114812 0.043728 0.778953 0.240564 0.969494 0.479052 -0.082642 0.501375 -0.035526
-0.138847 0.585701 0.371612 -0.183714 0.643302 0.413272 -0.385852 0.912863 0.288938 0.233362
-0.232688 0.169870 0.156980 0.068061 -0.383720 0.244116 -0.300136 -0.111554 0.119017 -0.428319
-0.727716 -0.000278 0.292376 0.331104 -0.788886 0.022357 -0.227310 0.000339 0.029354 -0.222166
0.052526 0.581481 0.845246 0.722932 0.003300 0.323705 -0.499719 0.572935 0.126185 -0.081597
-0.209138 0.294713 0.549118 0.145037 -0.435449 -0.103919 -0.747020 0.464483 -0.213140 -0.586095
0.381074 0.263000 -0.689893 -0.299374 0.192135 -0.076221 0.775263 -0.504467 0.835431 0.130366
-0.419251 -0.750175 0.073656 0.377662 -0.085925 0.151733 -0.863514 -0.232374 -0.841059 0.481549
-0.441030 -0.748256 -0.197231 0.229891 -0.589405 0.556163 0.203167 -0.325642 -0.226886 -0.526727
-0.258128 -0.319304 0.133913 0.493093 -0.721469 0.773617 0.628842 0.090684 0.691628 0.478521
0.092632 -0.275003 0.084527 0.665204 0.026768 1.016391 0.683480 -0.059294 0.389086 -0.076493
-0.306964 0.319125 -0.447263 0.315294 -0.255864 0.871280 0.040815 -0.095206 0.006848 -0.468508
-0.551681 0.022043 0.096920 0.120177 0.596826 0.506278 -1.122943 -0.137336 0.269919 -0.484497
-0.317913 0.133353 0.115278 0.146566 0.364518 0.450232 0.275701 0.189094 0.186691 0.367720
-0.391503 0.255638 -0.248181 0.100765 -0.527865 0.202498 -0.347108 0.368773 -0.042840 -0.182898
0.343617 0.219774 0.077834 -0.371626 -0.077628 0.562954 -0.513493 0.024420 -0.649344 -0.173588
-0.822370 -0.069705 -0.051913 0.804828 -0.184551 0.611024 -0.686633 0.255088 -0.148144 0.023625
-0.700947 0.790198 0.205764 0.157040 0.131405 0.082968 -1.252954 0.594130 -0.188748 -0.271417
-0.073478 -0.578062 0.947068 0.533849 -0.561309 0.102813 -0.656370 0.384791 -0.300684 -0.058432
-0.766999 -1.214085 -1.006048 0.158192 -0.021780 0.087033 -0.771783 -0.335241 -0.658077 0.471477
-0.579123 -0.079484 -0.455539 0.572757 -0.452928 0.514349 -0.046297 -0.098925 0.244697 0.169631
-0.191809 -0.267358 -0.113659 0.895356 -0.027553 0.401693 0.046870 -0.203259 0.133315 -0.334085
-0.462171 0.320265 0.221228 0.397444 1.193147 0.414710 -0.178000 0.366741 0.640504 0.264958
-0.241554 -0.573216 0.120489 -0.196438 0.106860 0.030218 -0.361527 -0.191819 0.334354 -0.434226
-0.226723 0.944904 0.185634 -0.398412 0.156228 -0.125100 -0.486791 -0.230411 0.266223 0.247271
-0.479710 0.049255 0.243898 -1.001908 0.015584 -0.824038 -0.052368 0.224938 -0.218802 -0.444822
0.101504 0.087082 -0.452279 -0.378456 -0.205146 0.448530 -0.066823 0.003120 0.300397 -0.034004
-0.496377 0.029983 -0.345716 -0.110124 -0.058205 0.526232 -0.372880 -0.167186 -0.359966 -0.115691
-0.880565 0.189169 -0.410679 0.401122 -0.014360 -0.091000 -0.611031 0.014763 -0.150162 -0.523559
-0.806495 0.346698 -0.381113 0.229423 0.327660 0.510478 -1.000690 0.708522 -0.298934 0.222126
-0.667272 -0.492079 -0.472212 0.208920 0.030110 0.172555 -1.009970 -0.111409 -0.430497 0.659354
-0.710208 -0.846290 0.118067 0.575360 -0.069885 -0.224755 -0.738263 -1.411275 -0.541796 -0.225368
-0.614725 0.024255 0.023643 0.527115 0.230275 0.532991 -0.310383 0.123686 0.380527 0.323137
-0.800685 -0.207661 -0.160552 0.525886 0.560230 0.220060 0.405458 -0.270121 0.704504 0.263147
0.049442 -0.647294 0.329532 -0.067288 -0.269133 -0.037661 -0.072576 0.029847 0.544564 -0.785570
0.335663 -0.577073 -0.471447 0.147940 -0.196409 -0.188589 -0.554637 -0.558013 -0.021287 0.423409
0.150191 0.021418 0.437969 -0.720582 0.085312 -0.157769 -0.131652 -0.184938 -0.452491 -0.584304
-0.342296 -0.272023 0.064813 -0.108141 0.011574 -0.457276 -0.397672 -0.213937 -0.806761 -0.518468
0.518921 0.520417 -0.161560 -0.391986 0.243617 0.355172 -0.102587 0.055751 -0.051159 0.194586
0.430334 -0.035202 -0.057425 -0.254649 -0.276064 -0.811778 0.135947 -0.233622 -0.447414 0.176781
-0.768507 -0.522828 0.175348 0.072026 0.225254 -0.204645 -0.198668 -0.352837 0.001414 0.142712
-0.546677 0.239661 -0.231084 0.467657 0.095472 0.693744 -0.613633 0.361371 -0.559578 0.238504
-0.491883 0.151361 0.557155 0.837671 -0.214026 0.345329 -0.952556 -0.277834 -0.419981 0.847913
0.036003 -0.236968 -0.034356 0.904449 0.226135 0.394202 -0.570866 -0.355866 -0.336953 0.192624
0.415269 0.337642 0.132222 0.616390 0.175346 0.170129 0.359724 -0.893601 0.133456 0.031175
0.428735 0.035138 0.165647 0.488143 -0.383753 0.366755 0.427168 -0.028714 -0.118560 -0.092065
0.257165 -0.375010 0.401645 -0.259996 -0.594988 -0.840075 0.159145 -0.591400 -0.561194 -0.689685
-0.196600 -0.799318 -0.457118 0.740675 -0.498417 0.482127 0.211192 0.208853 0.423816 0.476937
0.492405 0.612063 0.792705 -0.296747 0.446404 -0.200396 0.199886 0.308284 0.092229 -0.293046
0.058064 -0.557800 0.456118 0.091906 0.118378 -0.719633 -0.054945 0.207536 -0.351061 -0.093349
0.256885 -0.656817 -0.282628 0.138686 -0.481807 0.085838 0.225974 -0.011877 -0.135101 -0.580623
-0.841421 0.181342 -0.076640 -0.095607 0.250788 0.632236 -0.238842 0.594825 -0.298732 0.193536
-0.494545 -0.276098 -0.365761 0.014778 0.451929 0.437146 -0.047385 0.595326 -0.674344 0.166686
-0.553570 -0.317632 -0.532590 -0.067383 0.422822 0.387507 -0.488892 -0.038334 -0.662247 0.694269
-0.292480 -0.376867 -0.230641 0.626043 -0.009431 0.212318 -0.800016 -0.434989 -0.737790 0.668611
-0.143961 -0.113328 0.365557 0.754168 0.286590 0.166717 0.183042 -0.339457 -0.066917 0.118891
0.151753 -0.465366 -0.205635 0.164584 -0.448974 0.256366 -0.084243 -0.713192 -0.113541 -0.695048
-0.023540 0.379241 0.187769 -0.005963 0.120166 0.503686 0.195054 -0.527090 0.011484 -0.299268
0.357914 0.305898 0.760842 -0.288206 -0.263752 -0.277072 0.543410 -0.320088 -0.405036 -0.715565
0.247686 0.353558 0.526251 -0.429054 -0.173782 0.041397 -0.489314 -0.488314 -0.313840 -0.236842
-0.363463 -0.189952 0.289985 -0.565496 -0.142251 -0.537462 0.403702 0.088879 0.164163 -0.498919
-0.398409 -0.138117 0.550572 0.068591 -0.008963 0.145643 -0.435186 -0.092906 0.288708 0.285564
0.287431 0.927760 0.270074 -0.124958 0.233169 0.361365 0.189004 -0.503144 0.581387 0.317217
0.257807 0.115143 0.098203 -0.185651 0.234593 0.036123 -0.174451 -0.267512 0.143513 -0.187032
-0.682300 0.699110 -0.376299 0.061885 -0.071565 0.325188 -0.491892 -0.758066 -0.115359 -0.220261
0.022071 -0.047430 0.572534 0.330575 0.034749 0.881446 0.185558 -0.093814 -0.410557 0.090318
-0.206536 0.178899 0.189214 0.834859 -0.175000 0.334991 -0.411360 -0.966986 -0.058357 0.129170
0.130360 -0.040808 -0.041949 -0.338120 0.611350 -0.846462 -0.186194 0.235273 -0.004407 0.070665
0.114202 0.546495 0.439305 0.467907 -0.297680 -0.121257 -0.081750 -0.368711 -0.262932 -0.213166
0.798083 0.010166 0.324999 -0.054335 -0.149702 -0.008753 0.279210 -0.841967 -0.265438 0.183272
0.304763 0.443777 0.312919 -0.360003 -0.065434 -0.094490 -0.294100 -0.859898 -0.056836 -0.510642
0.607693 0.509536 0.431218 -0.402984 0.333987 -0.356359 0.507627 -0.367949 -0.152401 -0.772908
-0.369428 0.068233 0.050469 -0.037887 0.197409 -0.047701 -0.687652 0.338284 -0.065959 -0.537732
-0.516228 0.355656 -0.134349 -0.300241 -0.298493 -0.282148 -0.506410 -0.069787 -0.494511 0.325678
0.404339 0.155123 0.180348 0.290130 -0.697297 -0.218033 -0.173495 -0.371784 0.281313 -0.043319
0.127280 0.127379 0.195399 -0.083663 -0.223664 0.280605 -0.232270 0.098326 0.058406 -0.607394
0.106690 0.517728 -0.073053 -0.372783 -0.184686 0.058284 0.005075 0.020272 -0.311710 -0.297097
0.191268 -0.247039 0.249813 0.593856 -0.524283 0.467946 -0.317914 -0.418804 -0.276874 -0.374141
-0.604580 -0.893321 0.020022 -0.259370 -0.234877 -0.020171 0.022280 0.422957 0.345607 -0.370760
0.744308 -0.128639 0.130927 0.355980 -0.407430 0.470056 0.305006 -0.700961 -0.373512 -0.634004
-0.095283 0.265566 -0.590244 0.127965 -0.459492 0.163104 -0.656957 -0.195526 -0.557772 -0.244465
0.002002 0.239009 -0.340149 -0.225332 0.249823 0.041116 -0.211655 -0.159579 0.226472 0.116815
0.803440 0.228323 -0.257642 -0.498058 0.207835 0.280695 0.197150 0.204953 -0.142722 0.149005
-0.190187 0.361712 0.687801 0.209809 0.553564 -0.099739 0.117996 0.086788 -0.071533 -0.080926
-0.172917 -0.000211 0.343717 0.118242 0.167732 0.111608 -0.171386 -0.568414 -0.073138 -0.106722
-0.874666 -0.149689 0.392224 0.186453 -0.065751 -0.110939 -1.303472 -0.634269 0.167356 0.073468
-0.059278 -0.021009 0.029682 0.002984 -0.010266 -0.014883 -0.104865 -0.015773 0.082249 0.018774
