0.713351
-0.279600
-0.370635
-0.952466
-0.142994
-0.174158
0.048665
0.072353
-0.330451
-1.059645
-1.277508
-0.475031
-1.655494
-0.433899
0.611351
-1.100155
-0.186491
-1.731863
-1.427496
-0.036459
-0.247368
0.093011
-1.803313
-1.530728
-0.950040
0.175219
2.452951
1.642990
-0.146942
-1.321389
0.742221
-0.902268
-0.709634
1.066734
0.979011
-0.189358
-1.251421
-0.161912
1.166725
0.700673
1.102185
0.805343
-0.697976
0.284564
-0.791955
-0.720934
-0.763204
0.519048
-0.343381
1.607525
-1.342627
-1.677285
0.364571
0.920946
0.035746
1.343614
-1.960459
0.840890
-0.478997
-0.590943
-0.153679
-1.395557
-0.626577
-0.428251
-1.928912
-2.120673
-0.807945
-0.012893
-2.275691
1.036712
-0.482016
-0.898148
-0.781571
-0.180770
-0.164316
-0.366332
-0.432049
0.387673
0.236248
0.072559
