0.552750
-0.696991
1.475526
-0.408956
1.093313
-0.041609
-0.156613
-1.642038
0.107460
-0.742430
-0.846969
-0.049689
-0.075462
1.878498
1.144039
-0.614547
0.119400
1.035863
-0.319126
1.156391
-2.014730
0.446167
-0.489822
0.490214
-0.973267
-0.973547
0.649180
1.222739
0.004253
-1.869991
0.473524
-1.076585
-0.891024
-0.165701
-0.910791
-0.010712
-0.170521
-0.567357
-0.834423
-0.299820
-0.263227
1.834795
0.395505
-1.976794
-2.507079
0.023899
0.550039
-0.256200
-0.376693
-1.319198
-1.751014
-0.132644
-0.150850
-1.648050
0.540245
0.074665
-0.348614
1.047006
-0.389907
-1.132374
-0.017492
-1.015156
-1.069791
-0.009106
0.356115
-0.563377
-0.120905
2.535796
0.530835
0.407654
-0.705044
0.434768
0.062392
0.073274
0.311845
-3.409355
0.200108
-0.624242
-0.682533
-0.668301
-1.551157
0.582544
-1.041730
-1.870294
1.320045
-0.153072
0.257100
0.190960
-0.251546
0.041605
-2.075586
0.209650
-2.329355
0.435290
0.720403
-0.315886
-1.515116
-0.441111
0.177210
-1.750174
-1.403339
0.884234
0.238978
-1.498469
-0.032479
0.836689
1.035344
-1.123013
-0.282557
1.060249
-2.263474
1.053856
-1.091535
0.243568
0.421978
0.672052
-0.964968
-0.406475
-0.257174
0.272345
-1.968479
-0.185900
0.654044
1.189153
0.285158
-0.757839
-1.379054
0.764493
-1.029585
-0.058414
0.756352
-0.962958
-1.029542
-0.976873
-0.203146
-3.392709
0.640618
1.011407
-0.433938
0.340343
-0.156903
-2.082065
-0.080453
-1.194153
2.273587
-1.111126
-0.567137
-0.384851
-1.910770
0.013540
0.341754
-1.602720
-0.623704
-1.246586
1.042683
-0.402349
0.726272
-0.495929
0.223064
1.483503
-0.977074
0.643136
-1.093343
-0.364720
-0.842887
-0.955950
0.722187
-0.150770
-2.099661
-1.665648
-1.292323
-0.268215
1.934187
-1.535509
0.782575
-1.229654
1.943901
1.034257
-1.014652
1.533636
0.351107
-0.369097
-1.207803
0.258186
0.509506
1.589640
-2.191925
-0.125921
0.233570
0.261651
-0.735695
-1.579007
0.706228
-0.984335
-1.114748
0.373299
-1.019975
0.463657
1.952967
-0.564723
0.347018
1.701097
-0.863148
1.481959
-0.306601
0.934714
-0.883005
0.880439
2.789218
-1.736285
0.425222
0.677073
-0.525655
-0.162354
-1.988440
0.282112
-0.347241
-2.486200
0.898422
-0.754856
1.288939
-0.283900
-1.496055
0.687719
0.216705
0.664036
0.138726
-0.502363
0.749346
-0.804100
-0.942904
0.208232
-0.257283
-0.389695
-0.667871
0.384112
1.806266
0.544422
1.229006
-0.264872
-0.620617
-1.040403
-0.484130
-0.557116
2.388386
-2.205488
-0.168641
-0.523217
0.995956
0.340075
-0.250781
0.674825
0.167037
-1.668015
0.175455
-1.038253
-0.444663
-0.152585
-0.822813
2.097724
-1.238987
-0.707496
-0.119169
-1.594935
0.664839
-1.770918
-0.054612
-0.577261
0.731756
-0.098147
0.034293
-0.643359
-0.131555
0.266698
-0.803910
-0.275946
-0.713500
1.928606
2.755518
-0.037572
-1.033903
-0.183165
-2.077238
-1.447873
1.500589
-0.296588
0.882509
-1.938617
-1.080784
-0.573839
0.247779
-0.499481
1.556025
0.580736
1.173166
-0.672410
0.178795
-1.287741
1.054237
0.346016
0.636245
-0.299359
-0.257396
-0.885446
-0.749024
-0.557154
0.342630
0.140130
-0.145174
0.098543
2.235582
-0.539783
0.931946
2.795413
-0.771177
0.331786
0.210994
0.547800
0.255557
1.463948
-0.879536
-1.515697
-0.848633
0.680872
0.202308
-0.321838
2.202750
-0.146434
0.204314
0.103875
0.579674
-0.810451
0.057251
0.466371
2.096549
0.950726
1.228139
0.315925
-0.947873
-1.877240
-0.534404
-0.442064
1.214348
-1.546934
-0.469379
-1.979963
0.883478
-0.714739
-2.283870
-0.885534
1.680377
-1.541442
1.832399
-0.459936
0.511242
-0.484036
1.758246
-0.182192
-2.532765
1.394596
0.993903
0.915300
-0.533175
0.866448
0.814962
-1.039989
-0.495818
-0.408610
0.048892
0.554521
-1.490742
-1.024457
-1.796706
-1.878245
1.535560
-1.279644
-1.897515
0.409767
1.015630
1.392575
-0.767413
0.687805
1.154461
1.225867
-0.870447
0.204111
0.147008
1.594694
-0.364062
1.570486
-1.306185
3.408261
0.931824
1.443375
1.483832
0.524870
-0.276476
-0.737938
0.386282
1.622620
0.574449
1.012566
0.163410
-1.948415
-0.708922
-1.422795
0.617953
0.003627
-1.906020
-1.464227
-0.333869
-0.791414
-1.050978
0.486180
-2.037200
0.030285
-1.375261
2.212461
0.691139
-1.604624
2.452642
0.391050
0.465680
-3.370952
-0.479607
0.128206
1.738985
-1.248274
0.530967
2.367713
0.236789
-1.175062
0.308030
0.615353
0.237901
-1.370277
-0.422507
-1.403766
-0.961415
-1.569055
1.503122
-0.284336
-0.549163
0.765144
0.332943
-0.372447
-0.889187
1.762740
-1.252721
0.472732
-1.556548
-1.425254
0.859960
0.123801
-1.081362
-0.046281
-0.112823
2.494487
1.968925
2.111828
-1.047227
1.539600
-0.260772
-1.125379
-0.715685
0.971617
-1.378734
-0.027096
0.888368
0.079196
-1.881117
-0.427520
-0.926741
-0.880170
-0.427630
-2.133478
0.819828
1.199588
-0.106966
0.875848
-0.181756
-0.789854
0.322171
-0.301414
-0.200400
-0.587124
-1.024483
1.251325
-0.406339
1.167686
-1.337108
-1.182208
-0.569074
-0.761550
-1.031232
0.578073
-0.466711
0.425894
-1.300025
-0.559708
0.075302
-1.054038
-0.384300
-0.965531
0.469193
-1.608480
0.018959
-0.670017
1.013168
0.333783
0.428342
0.749716
-0.918653
-0.522854
0.276400
0.071385
-1.312051
0.584609
-0.390712
1.065516
-0.067826
0.013646
0.828206
-2.779570
0.250120
-1.519510
-0.427641
-1.523083
-0.280722
-1.043449
0.063613
-1.526308
0.273703
-1.012461
-1.867529
-2.322740
0.494612
-0.574602
-0.372988
-2.243730
-1.615995
-0.845472
0.345914
1.067050
0.247745
0.594138
-0.212123
2.337903
0.407755
1.243565
-2.044614
0.601700
-0.381971
-1.113796
-0.494661
-0.439051
1.147665
1.040248
-1.444401
1.292589
-0.190799
-0.174251
-0.495352
-0.291488
0.687410
0.033551
1.525416
0.520899
0.421946
0.097116
0.695905
1.151103
2.159030
0.795570
0.535239
0.962375
-0.601903
0.389039
-0.777743
0.154273
-0.269066
-1.699244
-0.561917
0.074552
0.216604
0.566583
-0.398573
-0.348516
-1.618738
1.321747
0.403396
-0.285970
-1.934480
-0.176931
-0.002519
-1.539292
-0.366307
-1.536039
0.639404
0.345903
-0.646990
-0.715578
-0.023665
-0.419339
0.020978
-0.969905
0.535148
0.221644
0.988143
-1.436062
-0.914338
-0.530075
0.707248
0.931832
0.656885
1.196182
-0.241339
-0.036210
0.366172
-1.111532
-1.340650
0.456399
-0.543572
0.142451
-0.987446
0.352286
-2.030213
0.072271
-0.457645
0.675380
2.921350
-1.211302
2.534687
-0.553640
0.328484
-0.326098
1.719443
-0.438493
-1.308152
0.037164
0.827222
1.543601
0.977025
2.717757
-2.419975
1.386890
-0.614752
-1.752183
2.202368
0.804518
0.128909
0.425699
0.389174
-0.258900
-0.383293
1.654473
-0.509257
0.255450
-1.676494
-0.959501
-1.280484
0.041181
0.809023
-1.992331
-0.997782
0.051770
1.699329
-0.434666
0.469762
0.093500
-0.360487
-1.107507
1.296309
1.331892
-0.117553
-0.870643
-0.094824
0.753523
1.316003
0.939527
2.392087
3.034565
0.181815
-1.286362
0.134991
0.156306
0.481183
1.380533
0.591220
-0.643939
-0.691028
0.575354
-0.020073
-0.751924
-1.225848
-1.030674
0.111446
0.238647
0.901993
0.474917
1.656085
1.607600
1.343690
0.929021
-0.178310
0.564733
1.493864
0.367894
0.665574
-1.039346
0.665782
0.139528
0.132988
-0.070402
-0.807269
0.315588
0.608136
-0.338576
0.564687
-2.746328
0.162415
0.601388
-2.461679
-0.445557
-0.237128
-1.469999
-0.375232
-1.565205
-0.774615
0.327534
1.840503
1.231088
-0.388939
-1.981352
-0.220223
-2.664575
-1.250927
-1.252894
0.817207
-0.855086
0.498928
0.389001
-0.112628
-1.845948
-0.143018
0.563230
-0.582350
0.559704
0.793241
-2.133717
0.273778
-0.416548
0.404827
1.138229
-1.021699
-0.697818
1.712785
-0.727109
0.956161
1.114198
1.206848
-0.658248
-0.519173
-0.085187
-0.214884
-0.838480
-0.649602
-0.541765
-0.728664
-0.268667
1.969511
1.566575
-1.464127
-0.216826
0.541779
-0.970605
0.844171
0.392296
1.453389
0.238358
0.403929
0.803160
2.612862
-1.032203
-0.517648
1.984349
0.446232
0.840860
-0.087899
1.506040
1.253838
1.561074
-0.287949
1.323888
0.030050
-0.669405
1.852359
1.473604
0.316762
-1.244364
-1.160746
0.802773
0.516092
0.591177
-2.944093
-0.992631
-0.393018
-1.924743
0.739152
1.136828
0.352163
1.808991
-1.198801
-0.007548
1.035224
0.721276
0.961934
0.964822
1.929697
0.125056
0.157254
0.027158
-1.008463
0.931559
-1.690077
2.710672
1.156681
-0.995883
0.292997
-0.964011
-1.598145
0.834736
1.474078
2.281758
0.792143
0.000492
1.136838
1.166471
1.281062
1.161661
1.210329
1.680094
-0.090013
-0.240700
-0.424176
0.135074
0.914171
1.295315
0.746448
-0.059270
-0.552179
1.078110
1.530883
-0.652409
1.053774
-0.529184
0.107769
-0.450197
2.083370
0.160827
-0.353517
2.257409
0.636622
-1.518206
0.074800
-0.553876
1.255093
-1.631468
-0.370899
-1.704910
-0.155759
0.012147
-1.257799
0.958274
0.212828
-2.122850
-1.670290
0.269087
1.036342
0.775660
1.260594
1.529222
-1.670299
-1.507467
-0.264232
0.126963
2.085283
-0.131845
2.138172
0.093505
0.401593
-0.380972
0.328939
-1.495655
-2.241853
1.109118
-0.010611
0.974631
0.397509
0.811631
1.058135
-0.167207
1.464468
0.587918
-0.116370
0.586912
-0.736748
-1.031986
-0.662560
-1.445594
0.897648
-1.803214
-0.980365
0.206146
-1.030534
-0.363988
0.424776
-0.172528
2.288317
-0.290266
-1.327653
1.320413
-0.162381
-1.156588
-1.076786
2.672563
0.125578
0.268001
1.972550
1.699458
-0.890068
1.396595
2.124857
-1.608802
1.577224
-1.182364
-1.282460
-0.039952
1.629682
0.935114
-1.698493
-0.631851
-0.436950
-0.329457
0.645202
0.869583
0.630163
0.410583
0.998727
0.299314
2.107254
-0.023699
-0.034282
-1.720081
-0.467089
-0.021915
-0.868424
-0.956318
-0.967250
0.389031
0.414592
1.972510
-0.333807
1.652899
0.568776
1.942509
-1.651787
0.138121
0.989732
0.837613
-0.384037
-1.265266
-0.491680
1.058634
-1.411749
0.659210
-0.000741
-1.198126
0.324546
-1.345474
0.142324
0.092879
0.362154
-0.670546
-0.149486
-0.161548
1.591009
-0.491978
0.046205
0.255154
0.267367
-0.191430
0.949823
0.417666
-1.571574
-0.341034
0.051157
-1.168681
-0.660071
-0.822166
-0.154069
-0.551260
-0.617172
-0.086633
-0.692844
0.754061
-0.171797
1.377355
-1.774575
-1.047248
0.919206
0.412387
1.093236
-0.167755
0.757317
-0.603684
1.565342
0.165488
-2.738837
-0.663320
-0.732917
-0.111036
-0.715491
-0.859343
-0.708781
-0.732612
0.270061
-0.014845
0.088971
-0.228002
-1.213483
-0.102531
0.275489
-0.531416
0.267264
-0.353408
-0.005765
-0.114712
-0.796636
1.082877
-0.047342
1.056597
0.749098
-0.317168
0.650759
2.178411
1.605083
-0.437555
0.567531
0.359086
-0.274275
-1.451796
-0.370684
1.082759
-1.579968
-0.208052
-2.399352
0.570456
0.063650
0.366162
-0.068002
0.293295
0.803537
2.283202
-0.812425
0.254862
-1.317443
0.883750
-0.765945
1.475662
-0.391088
0.885904
-1.057744
-1.719468
2.970609
1.676694
1.465881
1.577303
1.168659
1.338985
0.227768
-0.527526
0.285899
-0.250432
-0.563475
-1.524087
0.889831
-0.025678
0.317992
-0.950557
0.986173
-0.308730
-0.279961
-0.479196
0.135418
-1.076634
1.195123
1.321013
-1.377155
0.411141
-0.194259
-0.841092
0.783945
1.148306
0.684818
0.955915
-0.400953
-1.940924
0.382833
0.285382
-1.383371
0.132857
1.710935
0.881529
0.067466
0.786450
0.275123
1.776524
1.812625
0.394736
-0.178827
-0.948377
-0.184004
-1.637732
-1.482281
0.437703
1.225665
0.104651
-0.452971
1.188928
0.401285
0.628108
-0.421495
1.283738
-0.251537
-1.758818
-0.360802
0.965020
-1.120408
0.073971
-0.341296
0.830646
-1.558690
-1.056335
-0.403047
0.015208
-0.953137
-0.702777
1.326276
0.153174
-0.867501
0.174435
2.011614
-0.142518
0.378674
-1.110970
-1.520716
0.499494
0.385404
1.697142
-0.033570
1.523985
0.916644
0.088862
-0.468502
-0.200697
-0.128611
0.841938
0.909860
2.188546
-0.261852
-1.074479
0.188414
0.621135
-1.090917
-0.715705
-0.541689
-1.683168
-0.172091
-0.265930
2.059790
-0.662555
0.086209
0.989730
-0.696938
-0.491954
0.086873
0.198447
-1.444065
-1.850570
0.230121
1.378778
0.668589
0.843195
0.868503
-1.289021
-0.040161
-1.423836
0.232752
0.508496
1.394566
0.190900
0.794434
-0.810453
0.754183
1.052052
-0.376408
0.541795
-0.881881
0.053960
1.399704
-0.222619
-0.287084
1.476496
3.534966
-1.350166
1.775192
1.591186
1.276169
-1.091015
-0.433490
3.201055
-0.135550
0.664888
-1.453080
-0.278893
-0.658367
-0.815957
-1.079894
-0.179742
0.066897
0.106656
0.623792
-0.263776
0.260234
-3.353169
0.448308
1.066847
0.118362
0.162886
-1.598327
0.851395
0.655248
-0.000364
-1.095694
-2.084241
-0.116734
1.139339
-0.617345
-1.278457
-0.280414
0.833349
1.014960
2.022873
1.164102
1.764739
0.923267
-0.674014
1.111518
1.002436
-1.006971
-2.002685
-1.168925
-1.318581
-0.759709
0.595887
2.036001
-1.706148
-0.641933
1.051743
-0.012878
0.107748
-1.135445
2.145129
1.462079
-1.096476
-0.579214
0.267226
0.315157
0.275740
-0.483434
-1.676169
0.447683
-1.793557
-0.160777
-1.563005
-0.505021
-0.640020
-0.268648
-0.335298
-0.238583
-0.596657
-1.033322
-0.980648
-0.212702
-1.520162
1.939861
1.919790
0.703705
0.090370
0.579000
-0.549228
-1.074056
-0.087001
0.204043
-1.712389
0.188887
-2.212493
0.992000
-0.357401
-0.891262
0.328462
-0.336589
0.335276
-1.547729
0.951180
-0.865594
0.508405
-0.372863
0.466865
0.755524
-1.197278
0.860172
-0.031802
2.109463
0.243987
-1.555900
1.603993
1.644755
1.468376
-0.546383
1.059616
-1.376655
-2.429111
-0.368120
-0.639283
-0.397011
-0.631122
-1.031660
-2.130237
-0.196046
1.833016
0.780797
0.015901
-0.508544
-0.498836
-0.381754
-1.192741
-1.771249
-0.849437
-0.215412
0.041615
-1.992872
0.324918
1.129812
0.208366
-1.078026
-0.773020
1.017669
-1.409969
1.748276
0.260329
-0.529419
0.737226
-0.394626
0.266797
1.535066
1.736442
-1.504777
-0.840628
-0.833136
-0.252647
1.631565
0.888683
1.875274
0.132180
1.031086
0.320970
0.023947
1.167470
1.005597
-0.762407
-0.428435
-2.564413
2.319839
-2.063886
-2.553684
0.296176
-2.343713
-1.565864
-0.859316
0.619630
1.656277
0.320100
0.774713
0.435556
-0.243392
-2.104164
0.449542
1.433716
-0.295976
-0.725289
0.286374
1.911120
-0.767447
0.979655
-0.142154
-0.149489
-0.928975
-0.792253
-1.571448
-0.015936
0.134692
1.136496
-0.209683
-3.169253
-1.061578
2.532130
0.276951
0.859723
1.425561
1.843982
1.819803
-2.646402
-2.651302
-0.467105
0.468601
-1.397199
1.150107
-0.957280
0.973444
-0.202191
-0.815429
0.502052
-0.601917
-0.522879
-0.925318
-0.233691
-1.775986
2.032823
-1.042453
-0.607940
-0.168877
0.080471
0.701872
-0.555254
1.148007
0.077796
0.738360
-1.427127
1.537816
0.371563
-1.185123
0.049787
-0.188668
1.131608
-1.916398
-1.402523
0.462828
0.143617
-0.651856
1.512826
0.571481
-1.473645
1.317529
-0.091910
1.087442
-0.200195
-1.229636
1.684945
0.949339
0.364226
0.915054
1.231656
1.171680
0.342419
0.407058
0.123607
-0.753312
2.049306
-0.458072
-0.063610
-0.312384
0.550173
-0.005611
-0.514446
0.382945
0.754482
-0.923450
-0.457125
0.702847
0.170962
0.601861
0.401895
-0.250558
-1.454245
-0.843791
0.443839
0.299254
0.126174
-0.510517
-1.060592
-3.457295
-0.382931
-0.306851
-0.787326
-0.190384
0.663436
0.497571
0.153595
0.211435
-1.259729
0.120571
1.584095
0.253538
0.320137
-0.546666
1.964964
0.201838
-0.977823
0.524880
-0.263637
1.276470
-1.099992
0.691011
-0.783212
-2.887443
-0.813782
0.128209
0.507989
-1.033575
0.692359
0.099157
-1.000208
-0.771611
1.384321
-1.679077
-0.020261
2.148112
-1.257105
0.794387
1.422403
0.340099
-1.450251
0.204007
0.293599
-0.916740
-2.294713
0.162415
-0.569915
0.375234
-0.877117
0.098033
-1.578369
0.895319
1.455342
0.692037
-1.023814
-0.449386
-0.035911
-0.032808
-0.284116
1.203657
0.935394
-0.253643
0.876614
-2.106678
0.466952
0.137701
0.206162
0.787572
-1.000750
0.425323
-1.363329
0.165214
1.210357
1.013757
0.796016
0.659700
-0.132956
0.755585
-1.709575
0.983466
-0.546023
1.589710
0.242419
-0.218652
-0.556904
1.814195
-0.887866
-3.446662
1.933828
-1.918935
-1.294433
-0.761178
0.076398
1.361544
1.328237
1.070137
0.763914
0.409348
-2.939265
-0.783321
-0.020863
-1.506769
-1.800118
0.197416
-0.401378
-1.429302
-1.808547
2.701382
0.041657
-0.481739
1.291817
-0.199110
-2.522152
-2.116343
1.471521
-0.969871
-1.384528
-1.023872
-0.758555
-0.538888
-0.631217
0.766404
-1.353262
2.362751
-0.753074
0.178779
0.670491
-1.022226
1.492782
-1.304218
1.222329
0.785312
1.139913
-0.783380
-2.319018
2.175392
1.196667
-0.695237
0.176085
-0.028280
0.200720
-0.276400
1.337051
1.733592
0.470640
0.172142
-0.643680
0.267686
-1.339249
0.613572
-0.629728
0.010436
-0.352894
-0.694343
-0.998481
-1.849963
-0.465069
0.992734
-0.994933
-0.253112
0.749680
0.525325
-0.259604
-2.427050
0.988909
-0.378984
0.593154
0.637685
0.281581
-0.027432
-0.544059
1.400303
0.004894
0.832442
0.403610
-0.255693
-2.020750
-1.848639
0.327426
0.131081
0.689997
-2.169240
-0.718889
-0.505416
-0.207874
-1.633197
0.069341
1.191170
0.541602
0.233006
-1.632066
-0.736075
-0.300019
1.525268
-0.586977
0.669392
-0.709074
1.199216
-1.643490
-1.420300
0.103358
0.181830
0.203000
-0.459495
-1.422912
-0.834363
0.164677
0.234576
0.091223
1.117290
0.957724
0.545387
-1.019743
0.084680
1.540279
-1.518241
-1.088491
-0.562683
-0.562918
-0.601836
-1.329108
0.202153
1.757563
-0.289798
-1.591343
-1.394576
-0.007626
0.018454
-1.351888
0.118701
1.797527
0.033861
0.360960
-1.155308
0.656081
0.584406
1.625981
-0.052309
0.885123
0.085029
-0.017469
-1.450430
-0.617496
-1.000749
-1.004726
0.048313
2.197872
-0.410868
-0.582415
0.879018
-1.310144
-0.588044
-1.903324
0.142731
0.437823
-0.204015
-0.266040
0.440298
-0.310076
0.270571
0.257642
-0.388144
0.247452
-0.420152
-0.337218
-0.763333
-0.287792
-0.983900
-0.335870
1.331324
0.134918
0.133221
-1.288470
1.528278
-0.700292
-0.845131
0.022991
0.557449
0.198439
1.394801
0.199450
-0.184533
-0.904532
-0.025469
-1.044621
-0.235408
-0.694586
0.137250
-0.633524
0.707193
0.034377
-1.294728
-1.592854
0.973540
-0.127303
0.785397
1.652117
-1.490436
0.638920
1.337319
-0.638514
0.542203
-0.507930
0.175413
-0.346559
-1.739939
1.017530
-0.067247
-0.301725
-0.530300
-0.459977
-0.932953
-0.637681
-0.149163
-1.625827
-0.609704
1.187493
-1.822686
-1.963902
-1.499778
-0.740415
-0.252990
-1.703456
-0.246402
-0.353055
1.654376
-0.954131
-0.336509
0.306231
-0.172341
-0.959733
0.331830
-1.498016
-0.998740
-0.569583
-2.143316
-2.662521
0.089554
0.231594
0.205389
-0.105434
0.355707
0.335902
1.087666
-0.780024
-0.933644
-0.902019
0.450382
-0.743562
-0.953433
1.245542
0.108912
-0.883391
-1.131000
-0.348409
1.338332
0.695352
1.192738
-0.451143
-0.347828
-0.151796
-0.140873
-1.798305
-1.127950
0.415394
-2.329457
-0.488929
-1.665321
0.262301
0.011711
1.052314
1.571347
-1.605022
0.482602
-1.216214
0.117686
0.050654
1.039493
1.975862
0.322511
1.708763
1.381453
-2.167194
-1.148252
0.350367
-1.237288
-0.543849
-0.212498
-0.267009
-0.839872
-0.290322
0.150091
0.629935
-1.615128
0.820950
-0.552252
0.517204
1.139584
-0.215610
0.604464
0.596814
1.121214
-0.188252
0.029163
-0.944780
-1.191972
-0.836037
1.080678
-0.286316
0.411847
-0.028031
0.539628
-0.590039
-0.530114
0.589478
0.892721
-1.308535
-0.384968
-0.449123
0.271748
-0.567461
-1.364559
0.629680
0.410226
0.037226
-0.436550
-4.343413
-0.782866
-0.420238
-1.275205
1.425027
1.841426
-0.755749
-0.332562
-1.121560
-0.051154
2.629214
0.683175
0.051016
2.072745
2.039582
-0.326746
-0.342289
0.673768
0.292678
-0.597298
0.290171
0.699086
0.689511
-1.009981
-1.954563
-0.366548
1.475592
-0.364145
0.636503
-1.059004
-0.341115
-0.005384
-0.072555
-0.442567
-1.141232
-1.124756
-2.227180
0.115724
-0.731371
-0.446169
0.781289
0.555483
-0.794373
-0.473940
2.198075
-1.417576
0.068579
-0.110816
0.725637
0.072601
1.576537
-0.341950
-1.485150
0.369619
-0.697326
-0.091206
-0.148817
0.022607
-0.053856
-0.944054
1.024828
-0.579190
-1.609917
0.276222
0.245837
-0.937990
0.378393
-0.681682
-0.819076
0.467068
0.070844
0.750694
-1.061117
-0.253792
-0.121473
-0.571937
2.140626
0.483364
3.108345
1.632437
1.050596
2.023543
-0.247771
-0.053827
0.519072
-1.077957
-0.412879
-1.101969
-2.052961
1.528605
-0.033582
-0.230172
1.272123
0.923841
0.319518
-0.520366
0.706063
1.108611
0.594010
0.981623
0.816832
-0.112880
1.341556
1.730411
-0.568111
-0.513527
-0.809236
-0.613253
-0.016923
0.207079
-2.038831
-0.926329
0.828192
0.680895
0.076155
-0.174327
-2.371061
-2.303903
0.869570
-1.608343
1.141594
0.195172
-1.163042
0.669034
0.175990
-2.170079
-0.109208
1.601338
0.115300
2.535554
0.115593
-0.728433
-0.666179
0.729904
-1.527054
0.158090
0.458543
-0.571437
-0.252669
-0.038338
-0.854809
-0.064408
-0.310056
-0.380491
-0.046413
1.551170
-1.428277
-0.616352
2.320813
1.007819
-0.060489
0.401553
0.554111
-0.621374
-0.451274
1.157680
-1.667903
0.887622
-0.027663
-0.460758
-1.012764
-0.394981
1.057965
1.329021
2.732198
0.982956
-1.578704
0.044286
-1.049826
3.026603
1.356133
1.139337
0.097724
-0.400672
-0.818708
0.379541
0.815442
0.278716
0.665013
1.712574
-3.645920
-0.425128
-1.762870
-0.348962
0.960258
0.409759
0.734953
-1.763725
-1.482949
-0.986415
-1.159445
-0.140911
-1.237979
0.033732
-0.663238
0.277945
1.086466
-1.003016
1.412189
0.471975
-1.349712
0.644141
0.736296
0.115351
1.217409
1.734036
1.901775
-0.598772
1.322444
-0.194116
0.327027
-1.454231
0.750922
0.197182
0.569313
-0.742099
-1.594260
0.351690
0.357640
1.442078
-0.594316
-0.516186
-0.972060
0.507619
-0.040957
0.288807
0.368237
-0.121515
-0.430023
0.305702
0.938323
-0.552225
1.087245
-0.988541
0.240452
-2.694046
-0.264371
0.971024
-2.233234
-0.106239
-1.049175
0.474959
-0.590432
0.254601
0.902927
0.316162
-1.393633
-0.255990
0.317774
0.396885
-2.629373
-0.773536
-0.750266
0.236718
1.378999
-0.504844
1.171239
1.234875
1.052490
-0.403758
0.789202
-1.837335
0.556537
1.827518
0.394868
0.626227
0.037682
1.925325
-0.246488
-0.230833
0.178300
0.624036
-0.184892
-0.409181
0.788534
1.136119
0.465170
-0.709388
-1.096311
-0.710072
-0.258702
-1.329240
-0.659299
0.444608
1.359199
1.446291
-0.170200
0.000135
1.462061
-0.300259
-1.517542
0.317542
0.542202
-0.112360
0.465068
-2.191189
0.113062
-0.791040
-2.331311
-0.354210
-0.564334
-0.341620
-0.881968
-0.283002
-0.204447
0.709152
0.124130
0.842983
0.572990
2.406429
1.028669
0.478401
0.709886
-0.687114
-0.955070
-0.160444
-2.050544
-0.598463
-0.974396
-1.671353
-1.110685
-0.066702
-0.038387
-1.500594
-1.015048
2.196507
-0.263786
-0.860282
-0.338842
0.702613
1.524101
1.194753
-0.330727
-0.915588
-0.622109
2.061156
-0.402768
1.609105
0.550738
0.201269
-0.861553
-0.709073
-0.863665
2.104443
-0.383135
-1.948501
0.390382
0.982391
0.022184
0.831441
-1.987096
-0.959766
-0.336384
0.240757
1.503759
0.714557
-1.093666
-0.441396
0.311823
-1.675804
-0.360005
1.694362
0.637258
-0.510345
-1.572929
0.591007
1.748141
-1.650190
0.554377
-1.225769
0.206345
0.133485
0.058012
-0.226114
0.837252
-1.220754
0.332632
-0.449673
0.811966
-0.819273
-2.770725
0.650691
-0.526966
-0.063520
1.059876
2.319644
-0.130087
1.142200
0.213309
-1.879037
-0.021796
0.055123
-0.113913
-1.252270
-0.124915
-2.209716
-0.222665
0.384668
-0.348321
-1.863078
0.559251
1.124705
-0.256376
0.317046
0.701870
-1.034643
-0.194135
1.222646
1.981667
-0.959680
-0.789497
0.576053
-0.768753
-1.540515
-0.252700
-0.365402
-0.627837
-0.581048
1.169294
-0.204703
-0.659894
-0.099255
-0.519504
-2.467245
-0.006283
0.720300
-0.864580
-1.287822
0.600159
-2.050863
0.058690
-0.713139
-0.157255
-0.360452
-0.449176
-0.866618
-1.230764
-0.447697
0.361042
-2.128413
-0.196030
-1.801250
0.692542
-0.394054
0.525998
1.977877
1.546383
0.732738
-1.937969
0.220801
2.403886
-0.663010
0.711790
-0.592609
0.213472
-0.567624
-0.689868
1.783176
-2.123518
0.140539
0.600788
-0.441823
1.137615
-0.365411
-1.335107
-0.209052
0.086464
-1.331806
0.611315
0.197417
-0.044150
-1.725672
-1.160274
0.113585
-0.622341
-1.938843
-2.465952
-0.006872
-0.622586
-0.780420
-0.205896
-0.386327
1.589204
-1.464104
-1.087776
2.154915
0.205338
-0.273904
-1.715475
-1.574463
-1.398085
-0.836117
-0.511626
1.189523
-0.599062
0.937228
-0.910885
0.621967
-0.434680
-0.960522
0.571572
1.549110
0.120628
-1.624270
-0.124510
0.632339
-1.582624
-0.181983
1.528798
-0.510141
-1.187988
0.090900
0.453288
0.291486
-0.661081
-0.698142
0.418118
-0.687845
0.133942
0.117640
-0.260781
1.203122
-0.853313
-2.053356
-0.622729
0.826800
-0.128688
0.483305
0.231444
-1.210941
-0.569590
-1.615749
-0.844602
-1.474329
-0.384192
2.573945
-0.126121
1.333042
2.220554
0.671795
-2.226026
-0.939656
-1.488018
0.065192
-1.120045
0.557906
0.262181
0.025135
0.502520
-0.762330
-3.429314
0.454142
1.762487
-0.375597
1.396762
-1.575727
0.145532
1.690757
-0.045548
1.055055
-1.072355
0.588432
0.051428
0.944178
-1.228337
0.322839
-1.554204
-2.188100
0.005472
0.412523
-0.139945
0.187398
0.512505
-1.165898
1.917968
1.709899
-2.882348
0.745185
-0.698196
-0.751245
-2.312588
0.254926
-1.500469
-0.221817
0.419810
-0.461525
2.141165
-0.783504
-3.798289
0.229530
-0.533349
1.001700
2.381918
-0.061512
-0.776757
0.214791
0.667257
-1.531362
0.471987
2.063446
-1.065469
-1.870618
-0.217829
1.814417
-0.661248
0.431701
1.525530
1.363572
0.214612
-0.377206
0.445591
0.130887
0.116414
-2.129861
-1.429877
-1.401017
-2.832624
-0.214957
0.548609
-0.070332
0.394477
-0.624816
0.106205
-0.932373
0.751868
-2.595174
1.059182
0.565219
0.114841
-0.787054
-0.143984
-0.256250
-0.347353
0.042431
-0.606891
-0.555807
0.753302
-0.189563
-0.079858
-0.299636
1.249586
-0.031447
-0.993071
0.131387
-1.800561
-0.577698
-0.551153
0.297217
0.070944
0.749976
0.048859
-0.431043
0.008998
-0.265667
1.522095
-0.398220
-1.863393
0.444850
-1.439786
0.919283
1.334146
2.114486
-0.220781
-0.067138
0.641426
-0.246646
1.533315
-0.375283
-0.762334
-1.269858
0.783805
-0.820442
-2.764484
-2.142829
0.996400
-1.266782
0.119675
-0.619749
0.140505
2.280150
-0.293855
0.069688
-0.610624
-0.330748
-1.205959
-1.024002
0.390419
-0.279620
-1.729347
-0.040070
0.950717
-2.683633
1.182641
-1.127174
-0.561605
-2.667839
0.783942
0.022706
-0.572090
1.229121
-0.250406
-1.144705
0.041262
0.232271
-0.393188
-0.381186
0.199588
0.465023
1.849627
0.013059
0.748828
0.308331
-0.565488
-1.935640
-0.503492
-1.596839
0.066202
-0.290676
0.800208
-0.275351
1.167944
1.394940
2.745805
-0.472402
-1.403548
0.175097
0.347455
0.643625
1.286996
2.380410
-1.607493
-1.300245
-1.045207
1.513539
-4.436452
1.606179
0.518113
-0.015727
-1.081307
-0.024557
2.380992
0.016964
-1.427024
1.510942
-1.000273
2.107358
-0.085577
-0.014219
0.259032
1.445992
1.231318
1.051094
1.487010
1.559393
-0.513644
0.730241
-0.564018
-1.629740
0.296222
-1.688981
1.019551
0.746885
0.054913
-0.089897
-0.141106
0.695675
-0.152765
1.158539
-1.558944
0.423723
-1.258075
-0.014369
-0.357908
-2.147601
0.432458
-1.634813
0.791248
1.236866
0.467718
0.531661
0.867055
-0.544530
0.126813
-0.735938
-2.233133
1.142726
0.852699
0.012414
0.089421
1.142304
-0.341172
-0.166291
-0.336855
-1.407669
-0.751296
0.675993
-1.934579
-0.186995
-0.829674
-0.656818
-2.623688
-2.385818
-0.443570
-0.389762
0.501510
1.686567
2.096159
0.239218
-2.473389
-1.963382
0.386062
-2.643724
-1.170485
0.406012
0.226855
0.428264
-0.450550
1.193284
1.065892
0.601195
1.555800
-0.838591
0.709321
0.241890
-0.467408
-0.815135
1.135623
-0.347320
0.394684
-0.600230
0.172829
-0.317486
-1.236182
-1.052665
0.424656
1.551037
0.047744
-0.597044
0.444222
-0.314396
-0.769511
0.426167
-1.434269
-1.386499
-1.011837
0.460455
-0.318996
0.347288
0.301147
2.437521
2.809336
0.593798
1.054859
-2.121504
0.372773
0.200276
-0.679571
-0.747367
1.275901
-1.772292
1.424481
1.861131
1.168499
-1.027745
0.054684
3.110007
-0.115296
0.019942
0.532713
-0.311787
0.230730
-0.750424
-3.492225
-1.048765
-0.338093
-2.160393
-0.021774
-1.269263
2.865264
-1.836875
-0.445706
1.641885
0.272053
-0.023050
0.247630
0.086654
0.954567
0.349989
0.687909
0.730372
-1.437671
-0.814965
-0.482390
-0.822297
0.007325
0.953021
0.080380
-1.087457
0.528255
0.984113
0.121413
-0.730846
-0.744822
0.322590
0.509857
-0.072272
0.366300
-2.687013
-0.349001
-1.216048
-0.444141
0.084651
-0.271573
-3.410881
0.425562
-0.036250
-0.602858
0.427675
0.713351
1.478184
0.597719
-1.130139
0.165706
0.313450
-1.416511
-1.300595
2.107974
-0.408118
0.096969
1.363899
0.539369
1.646515
0.041749
-0.841171
-0.080434
0.673202
-3.129295
1.297565
0.875597
0.912803
0.792669
-0.060540
0.582224
2.048388
-2.097171
1.098269
0.739372
0.905300
0.053401
0.760171
-0.339878
2.654664
-1.877271
-0.899627
0.901098
-0.600858
-0.027904
1.521743
2.284180
-1.772527
-0.213826
1.215871
0.805004
0.076773
-0.725169
-0.143758
0.309775
-1.062684
-1.145807
-1.001710
-1.244393
-1.026574
-0.050900
0.750898
0.803543
1.289834
0.862373
1.756791
0.499439
1.733317
0.093810
0.367317
2.378350
-1.076845
-1.249100
-0.777655
1.295545
-0.394109
-0.751744
-0.656940
0.054845
0.188925
-1.032041
0.733089
1.631967
-0.966050
-0.196998
-0.568598
1.178950
-0.867360
-2.753497
-1.315149
0.648405
-0.729690
-0.188746
-1.138906
-0.038125
0.259009
0.381975
-0.612378
-1.326690
-0.864834
-1.670763
-0.269408
1.956892
1.706335
-0.907727
-0.185358
-0.615502
-0.241814
-1.306170
-1.554385
-1.919823
-1.129978
-1.200471
0.272853
1.493316
-0.126967
-0.663311
-1.090369
-0.667455
-0.297620
-0.494578
1.431121
-1.268123
-0.286697
-0.748486
0.802809
-0.570580
-0.307770
-0.330285
0.410021
-1.520918
-0.751593
-0.064189
-0.251661
0.185017
-0.809882
-2.136361
-0.240856
0.663993
1.268826
0.518722
2.507025
1.149482
0.552300
-0.168093
1.550539
0.562734
-0.023041
-1.264318
-1.091040
-0.420435
-0.854525
-1.047744
0.462545
-0.684302
-0.476880
-1.105826
1.238238
-0.982749
1.253397
-0.359917
-0.424630
0.682621
1.445967
-1.315440
0.513895
-1.687437
-1.953260
1.687174
0.363212
-0.255592
0.598981
0.424608
-0.668597
-1.136739
-0.003004
1.101155
-0.641591
-0.358649
1.193160
-0.223104
-2.512397
-0.399814
1.820818
0.461433
-1.175378
-0.440373
-1.854891
1.131311
-0.132487
0.570342
-0.183612
-1.332072
-0.296106
-2.188221
1.808672
1.764235
0.979856
1.354686
1.679458
0.259716
1.693931
1.295122
0.568916
2.085265
0.099335
2.607852
-0.297281
1.690070
0.631368
0.200885
-1.261025
-0.595541
-0.593369
0.714176
-0.089805
-2.031820
0.814745
-0.654804
-1.201562
-0.459503
-0.059935
-2.026056
-0.152941
0.304589
1.450180
-0.197765
-1.300482
0.917170
0.996072
-1.159519
-1.262252
0.373010
1.853347
-1.352353
-0.531632
-0.255311
-2.132774
-0.499725
-0.876219
1.192229
-0.611266
-1.942124
-0.840279
0.866885
-1.248354
-1.356412
-1.841811
-1.395858
0.124144
-1.007236
-0.543198
-1.794962
-1.641061
-1.156787
1.314836
1.491567
-1.422405
-0.474155
-1.124881
0.588622
1.414103
0.587624
2.843218
0.439798
1.050870
0.651566
-1.244275
-0.095383
2.051059
-0.623075
-0.316401
-1.178683
0.847184
0.128660
-0.331023
0.092768
1.233154
-1.089278
-0.468393
0.097275
-0.329390
0.093344
-1.320598
-1.831035
-0.837634
-0.885809
2.422879
-0.767172
-1.201136
-1.695826
0.193365
1.404329
-0.977061
-0.428403
1.099900
-0.683390
0.652463
-0.980624
0.271207
-0.192196
-2.059170
-1.230259
1.662049
-0.034567
-0.681662
-2.003366
-0.150039
-0.399245
-0.864320
-0.962573
-0.987047
1.188072
-0.017547
-1.761831
0.641248
-0.394963
-0.890661
0.303247
1.007748
-1.046548
-0.441481
2.553801
-0.059599
-1.366117
1.609189
-1.157502
-0.413996
1.479225
-0.070982
-0.694971
-0.028536
-0.518950
-1.289732
-1.161004
0.676505
-0.451283
1.543587
-1.581733
2.356859
0.935017
-0.311277
-1.271280
0.655510
1.380266
-0.181312
1.278762
1.437412
-0.162960
-0.042230
-0.613196
-0.602616
0.169564
0.373557
2.147019
-0.009377
1.089632
-0.581745
0.356738
1.371574
1.504704
0.856153
0.807193
0.678280
-0.466573
-0.744416
-0.354817
0.837020
0.306119
-0.616120
-1.015988
-0.281128
1.313975
-1.271333
-0.253749
-2.085159
-1.056155
1.110295
1.195832
0.045003
0.943751
-1.058644
-1.011390
-1.214844
-1.247397
-1.475676
1.764710
-0.135746
-0.247796
-0.848945
-0.601050
-0.148894
-0.887270
-0.030543
1.051176
2.655756
1.217548
0.092166
-0.401546
0.160124
-1.662324
-1.034754
-0.241719
0.594171
0.756065
2.003315
-0.103016
0.671947
-0.178657
0.448982
1.191182
2.110127
1.898058
-2.260941
-1.242665
-1.673238
0.258640
0.049952
0.299802
0.544959
-1.207215
0.374002
0.255952
2.073407
0.194201
-0.412811
0.229998
-1.437017
-0.557133
-1.882056
-0.725173
-0.120094
-1.622095
0.487650
-0.493136
0.295000
0.294945
0.404894
0.586880
-0.154881
0.742128
-0.280081
0.198298
-1.638304
0.714226
0.296544
-1.479665
-0.416321
1.184985
2.806153
1.719754
-1.484184
0.833848
1.068955
2.566592
-0.142414
-0.247835
0.012366
0.873130
2.408900
-1.901991
-0.007831
0.078108
-1.049995
0.999647
-1.122817
-0.271346
1.120285
0.136790
0.256746
2.746753
0.934587
2.027182
0.073273
0.221770
2.369383
-1.047329
-1.218374
-1.019767
-2.223474
-1.345202
-0.180754
-1.291610
-2.386868
0.384271
-1.465310
-1.461771
-0.850677
-0.607372
0.284378
-1.215471
-1.330573
-1.220729
-0.633644
-0.571130
-0.218417
1.212287
1.109572
-0.419996
0.987873
1.951735
0.159158
-0.674160
-1.519733
0.730603
-1.534565
1.006392
0.174913
-0.337375
-0.980767
0.267594
0.589116
0.871004
1.538131
-0.105208
2.461036
1.706523
-0.750262
-1.207044
-0.481882
-0.180288
0.927306
0.041656
-0.261478
-0.423470
-1.824935
0.581396
0.427896
-1.062202
1.125383
-0.001010
-1.701604
-0.391148
-0.028879
1.093478
0.938858
2.089491
0.277827
-1.066576
-0.816700
-1.218666
1.476206
-1.484342
0.565187
0.617825
0.931650
-0.203300
-2.464159
0.096802
-0.476909
-0.534477
-1.130921
0.614000
0.518349
0.162353
-0.345130
0.373080
0.208884
1.556876
0.155169
2.261742
1.785772
1.069617
-0.320466
1.319013
-1.166278
-0.300330
-0.804978
-1.145188
-0.877264
-0.310088
0.334385
-1.528545
1.271408
1.506850
0.322594
-1.099766
-0.745408
-1.129274
0.244886
1.272097
0.181114
-1.458048
0.812487
-1.378097
0.022481
-1.875679
-0.802351
-2.630231
0.712431
-0.384035
1.615052
1.494823
0.818766
0.142202
-1.089208
1.085573
-0.643349
-0.326856
0.006416
0.998926
-0.725776
1.566834
-0.489079
-1.907000
0.984689
0.731734
-0.391722
-0.814013
-1.282902
-0.152080
-0.057428
0.972386
1.241574
0.259665
0.064698
-0.175817
-0.256450
-0.174328
-1.495192
-1.004558
0.158036
1.884941
0.525691
0.832573
-0.212586
0.128106
0.843971
0.087341
-1.732472
1.952402
-1.617520
-0.734101
1.823477
1.506066
0.325025
-0.845428
0.429156
-1.472237
-0.878174
0.651718
0.732253
0.850133
-2.027261
1.042485
0.916238
2.617558
-0.991161
-1.240368
0.789411
1.116354
0.609560
0.046221
1.704320
1.126440
-0.064091
-0.463748
0.349157
1.102506
-2.485070
-0.348084
0.692368
1.051446
-0.132900
-1.779091
-1.294315
1.591953
0.696487
-3.481111
0.301720
1.314165
-1.783387
-1.008807
0.884904
-0.318009
-2.166924
0.163181
-1.952915
0.015642
-1.535734
-0.545390
-0.294586
0.574693
1.539475
2.424518
0.730990
1.342879
-1.009464
-0.082944
-1.022946
1.013813
0.375261
-0.898655
-0.544551
0.381985
-1.695592
0.461391
-0.345471
0.445864
-0.468155
-0.897147
0.630153
-1.962827
0.572571
0.473699
0.065186
-0.868844
0.472385
-1.772922
-1.648928
-1.050271
0.861512
0.712605
-2.187200
-0.465975
-0.607586
-0.436982
0.739120
-1.219096
0.266690
-1.291631
1.774139
2.111370
-1.972183
0.960565
1.677763
1.339029
0.000867
-0.182477
0.273195
1.519629
-0.412842
-1.224292
1.147428
-0.113549
0.190052
-0.375051
-0.035150
-1.201923
-1.957190
-1.284066
0.438507
1.486213
2.703001
-0.566499
-0.857240
-2.052000
0.130288
-0.285321
0.382283
0.847252
0.444268
0.481447
0.999145
-0.488508
-0.945423
-1.323969
0.255908
1.645882
0.208642
-1.272779
-0.134200
1.135795
1.025268
0.532794
0.907741
-1.113211
0.161495
-1.457588
-1.283231
-1.786346
1.780568
1.116894
0.903685
0.938194
1.138796
0.668674
-0.101400
0.516633
0.068130
-0.474728
-0.064191
0.918353
-1.354929
1.910523
0.180288
-0.209565
0.428583
-0.599902
0.001244
0.339031
2.201461
0.029468
-0.541411
-0.905449
-0.789757
0.514479
0.464149
-0.797163
0.515856
-0.994499
-0.441884
1.405042
-0.404549
2.017879
-0.129649
-1.354159
-0.864430
1.653250
-0.159942
-0.874259
0.316664
0.755651
0.758478
2.121277
-0.025490
1.126083
1.028447
-0.593607
0.473982
2.387713
1.397255
1.484637
2.334614
1.856351
0.634663
0.133564
-1.094714
0.226921
-1.708244
-0.533653
0.026920
0.288627
0.621880
0.014415
-1.237673
-1.834992
-1.132272
0.228797
0.685540
-2.013909
3.127936
2.353430
-0.418052
1.845510
2.169394
3.070827
0.835994
-1.750662
-1.050892
0.388222
-0.405247
2.087925
0.573835
1.691046
-2.300953
-0.516751
-0.770230
2.017027
-1.126907
-0.481141
0.754929
-0.552663
-0.753098
0.040653
-1.241893
0.079374
0.833023
-0.015630
1.139187
0.191653
-1.071393
-0.368341
-0.811286
-0.758158
1.094105
-2.149592
-0.570739
0.528798
0.885951
0.096658
0.221724
-0.001458
2.329826
-1.415203
-0.365787
-1.411703
0.394079
0.188349
0.736682
-0.162714
1.552985
-0.371619
-0.357008
-0.574864
1.967744
-0.313408
-2.456155
0.028701
-1.032526
-0.608300
0.481435
0.211097
-0.197601
2.050311
1.095698
-0.994420
0.697686
-1.925226
-0.147322
-0.359362
-1.158971
0.666387
0.054924
0.355455
-0.904620
0.246753
0.401572
-2.151437
1.112839
0.326046
1.569772
-0.648920
0.416225
-0.479511
-1.167182
-0.180857
0.454933
-0.592747
0.253937
-0.935678
0.122380
-0.014580
2.075138
0.293711
1.346130
0.018058
-0.144157
-1.499171
-0.179305
0.950558
-1.809368
-0.031426
0.192844
0.253081
-1.759847
-1.107474
0.928575
-0.887630
-0.162647
1.125570
-0.720894
0.287928
1.471409
-1.396366
-1.250448
-1.211165
0.823117
0.005907
0.703907
0.398619
2.299417
0.274583
-0.953602
-1.422256
1.155481
1.198962
0.315986
0.192234
1.244025
0.343555
0.364466
-0.628512
1.177035
-1.347301
-0.584092
-0.296730
-0.878600
-0.410392
-1.471647
0.376014
0.884782
0.482134
-1.301706
-0.348935
-0.013417
-0.122862
-0.327462
0.049511
1.304631
-0.625769
1.781989
0.080487
-0.917461
0.169520
-0.925392
0.292411
0.402539
-1.062115
-0.675306
-0.296270
-2.483137
0.777679
-1.399075
0.381999
-0.204337
0.874903
-2.073248
0.266998
0.551526
0.504013
-3.139071
0.196821
-2.007455
-0.198862
-1.824281
-0.037919
-0.426344
-0.112544
-2.766774
-0.991475
0.017008
-0.616936
0.759282
-0.736959
-0.059945
0.128792
1.871762
0.091282
-0.175538
1.960597
-0.816151
0.782423
0.106737
0.775254
0.318044
0.546553
-0.126068
2.034334
0.218508
-0.755321
-0.421077
1.280019
-0.720604
1.776206
-0.264043
-2.108105
1.799526
0.709628
-0.051351
-0.867928
1.756698
-0.380884
-1.751466
0.430901
-1.161780
-0.482639
0.706748
-0.905082
-1.585514
0.717754
0.465706
1.034594
1.177926
0.467459
0.469074
1.356784
-0.086767
0.569889
-0.406293
-2.189890
0.220392
-0.218106
-1.581155
-1.518729
1.310926
1.058991
-1.401930
0.983727
0.496752
0.399029
0.927310
0.302449
-0.295397
0.755332
-1.159044
-1.594061
0.666895
-0.283728
0.820573
0.557949
-0.367146
1.966834
-0.063419
1.497201
0.146217
-0.320721
0.474738
0.125799
0.814802
1.291754
1.467378
-0.622100
-1.259140
1.008264
0.191834
-0.308642
-1.230801
-0.814826
0.230863
-0.913355
-1.545918
-0.555296
-1.518023
-0.060041
-1.027080
-0.947852
-0.206295
0.571487
2.036923
-1.611317
0.281249
0.675311
-1.585819
0.599498
-0.938876
-0.790899
0.109883
-0.472233
-0.317899
-0.218014
-0.678492
-1.257462
-1.432848
-1.320250
-0.853495
-0.554654
-0.004064
0.949791
-2.400472
-0.583578
1.015454
-1.228177
-0.397617
-1.050450
-0.676109
1.761871
1.027114
0.833075
1.030343
-0.242997
-1.722363
0.431249
0.850669
0.623122
0.176669
-1.679528
-0.736680
0.520550
-0.984838
1.347037
0.450829
-0.243661
0.694973
1.159556
-0.223730
-1.888213
1.727864
0.162702
-2.542567
1.441700
1.738337
-1.322268
0.064976
-0.702067
-0.398465
0.038773
2.587633
-0.864375
0.189600
1.062284
-2.653665
-1.112988
-0.027183
2.241494
-0.580155
-0.452505
-0.097785
-0.391981
-1.324994
1.300744
-1.057844
-0.093995
2.083953
-0.626113
-1.810231
0.009637
0.097653
0.059232
-0.655688
0.677403
0.646622
2.180971
-1.781292
-0.401155
2.414679
-1.074727
0.045659
-0.264582
-0.213128
0.678181
-1.480651
1.162286
0.775697
0.556262
2.145507
0.041215
-0.270636
-0.717779
-2.423552
-1.553769
-0.727633
-0.691057
-0.011427
0.248906
-1.162338
2.523646
0.421389
-0.690659
-0.593111
-0.432905
0.192755
0.858659
0.622291
-0.048084
-0.315848
-0.061196
1.798965
0.899497
-2.786894
1.319569
-2.509619
0.531420
0.088585
-0.215041
1.094649
1.470001
1.041849
0.330927
-0.216487
-0.191659
-0.113231
0.942284
-0.383710
-0.600826
-1.342049
1.675520
-0.087865
-1.723379
-1.589299
-0.271869
-0.035941
-1.201330
0.721412
-0.186160
-1.319562
2.404880
-0.321219
1.411660
-0.810893
2.894522
1.077424
-1.476921
-0.886604
-0.560051
0.215050
-1.583248
0.428201
0.735271
-0.079714
-0.247378
-1.758667
0.194526
0.323756
0.098466
-0.061541
0.243473
-0.234909
-0.379934
2.940156
0.020612
-1.234630
-0.205082
-2.155374
-0.734048
-1.270940
-0.739037
0.692992
0.809123
-0.462813
0.791702
0.028735
-0.477139
0.244154
0.436405
2.125290
-0.945388
1.945613
-1.200860
-1.253142
1.476511
0.446982
0.494614
-0.326757
0.815662
0.162399
0.075731
-0.311262
-1.230245
-1.255017
0.804853
0.112992
-0.366618
0.940022
2.108975
2.441485
0.524053
0.041668
-1.084048
0.989182
-0.185824
-0.542802
0.326169
0.192283
0.377643
0.175547
1.917306
1.434698
0.875182
0.848787
0.412436
-2.986606
-1.625493
-0.978275
0.509043
1.931014
0.804164
-0.517618
-0.382718
1.221470
-0.906964
-3.632880
0.303283
1.501049
0.699600
-0.357811
-0.834565
0.416485
0.888580
0.280026
-0.716273
1.081241
-0.623882
1.477736
0.691782
0.775373
-1.383080
0.041780
-0.586919
1.009502
-2.589039
-0.513970
-0.140734
-1.066788
-0.578598
-0.894762
-0.292499
0.112282
0.984794
-0.783438
1.126459
1.269221
2.808997
-1.548265
0.247159
0.536831
-2.326485
-1.846371
0.428210
-0.330647
1.264215
1.664838
-0.675162
0.609404
0.104378
-2.025018
-0.023412
1.580924
0.722957
0.739899
0.288857
0.271094
-0.724330
2.314951
2.529549
-0.616965
0.480446
0.017948
0.441259
-0.649910
-0.373833
-1.907848
2.190928
0.173567
-0.224331
0.562270
-0.765818
-0.474485
-1.683457
-2.087078
-2.145802
0.755596
-0.198642
1.191288
0.759219
-0.472141
-0.925206
0.611120
0.958750
-1.545524
0.521434
-0.156733
-1.188385
0.538283
0.256759
-1.868938
-1.118136
0.793728
-0.065382
-0.377392
-0.341698
0.144092
1.072612
-0.259920
0.566130
0.111639
0.643343
0.348455
-0.601414
-0.308495
-0.103420
0.026917
0.426656
-0.199391
0.312726
-2.155738
-1.021117
0.092290
0.261047
0.931733
0.654375
-1.287290
-1.516379
-1.074814
-1.808687
-0.423910
-0.252961
0.998173
-0.767086
0.382872
-0.096336
-0.783460
0.854831
-1.065310
-0.912226
-1.065538
0.771258
-0.336052
-2.540894
0.989650
-0.976759
-1.120621
-0.485575
1.344719
-0.242517
0.289978
1.442959
0.315792
-0.334852
0.339353
0.746960
0.702072
0.972875
-1.323791
-0.206835
0.182166
0.468153
-0.981601
-0.560799
1.125125
-0.265018
1.902588
-1.123620
0.076537
-0.699636
-0.490318
-1.061807
-0.745623
-1.583929
-0.194340
0.197650
-0.499048
0.793280
1.792962
0.088008
-0.687239
-0.704011
1.054913
-1.500980
0.547338
1.709458
-0.834776
1.851497
-0.877178
-0.186082
0.515849
0.086060
1.698092
-0.204392
0.311195
2.303503
-1.106519
-0.487164
-0.793695
0.813826
1.010714
-0.587118
0.783459
1.331128
-0.601723
-1.827035
0.099624
1.695381
-0.648778
2.591432
-1.296669
-0.342243
-1.858623
0.626386
0.443621
1.001074
-0.056716
-1.640479
-0.486298
0.344699
1.021266
0.580308
-1.286216
1.142501
-1.563296
2.713214
1.707656
1.291787
0.805725
0.287318
0.752858
0.048308
0.190504
-0.927686
0.548362
-0.484337
1.549397
0.465704
0.228030
-1.829592
0.703982
0.190821
-0.320606
-1.042217
1.406038
0.601097
0.382898
1.068655
-1.521506
1.297192
-0.501342
0.138124
-1.797855
1.138760
-1.506637
-1.297965
0.700133
-0.193404
-0.163178
0.362514
0.540158
-0.031399
-1.336476
-0.242673
0.228846
1.506940
-0.618917
0.905652
1.093529
1.638219
-2.749256
-0.292231
0.939823
1.958084
1.433812
-0.795228
-1.029324
-0.127074
0.308138
1.947244
2.480525
-1.296131
1.083841
-1.133981
0.774459
0.074235
-2.116321
0.400253
0.021593
1.605493
-0.093524
0.121039
-0.438404
-0.623630
0.600941
-0.424729
0.299808
2.322880
0.352937
0.694441
0.211721
-0.206713
1.373678
-0.046464
-0.337761
0.313833
0.951710
0.847437
0.145292
-0.618182
-1.185334
-0.305873
-2.474200
0.595728
-0.132279
0.523223
-0.869782
0.364537
1.479840
-0.762211
-0.305996
2.092234
0.875908
-0.849035
1.665074
1.046522
-0.525649
-0.080768
0.589264
-0.411140
2.566319
-0.551978
-0.634852
1.817988
0.686754
1.414066
0.159897
-0.759909
0.876764
-1.326222
-1.648345
-1.240055
0.956075
0.222197
1.498432
1.238022
0.354659
0.484031
-1.263652
-0.015284
0.343353
-0.447896
1.463979
-0.453396
2.019250
0.048082
2.641648
0.524032
0.193825
1.719360
-1.112556
-0.977639
-1.024174
0.153452
-0.913788
-0.189132
0.032423
1.032460
1.002141
1.517956
-1.315285
-0.998966
-2.766683
0.100352
0.488263
-1.227290
-1.852121
0.316685
1.158407
0.407764
-1.403741
1.072038
-1.315938
-1.697776
-0.701252
-1.191635
0.836920
-0.460341
2.427502
-1.940216
1.375741
-2.247159
-1.433431
-0.049499
-0.981762
1.414360
1.464115
0.145462
0.626433
-0.443094
0.460653
-0.273770
-0.142613
-0.286149
0.528395
0.707298
-1.426347
-1.090277
2.980226
-0.124383
0.406271
0.996189
1.731720
0.250528
-0.161866
0.446025
1.122426
-0.374595
0.640015
-0.375080
1.186653
0.023811
-1.421551
-1.149440
0.293567
0.136743
-0.208950
0.216939
0.731246
0.679055
-0.659735
1.016546
-0.188480
-0.244327
0.051517
0.014446
-0.041730
0.431175
0.274123
0.073065
-0.147880
0.323758
0.158374
-0.114320
-0.249024
0.170379
-0.232105
0.047536
-0.290171
0.041952
-0.146462
0.336319
0.060067
-0.336609
-0.088468
-0.118559
0.035003
0.435835
-0.189627
0.158820
0.269370
0.212896
0.096605
0.219168
