0.2533951997756958
0.10448678582906723
0.5002419352531433
-0.3381096124649048
-0.38007429242134094
-0.23742146790027618
0.29505014419555664
0.4764656722545624
-0.036054447293281555
-0.5005034804344177
-0.5588825941085815
-1.0045487880706787
-0.13516215980052948
-0.01583450846374035
-0.8452041745185852
-1.0050485134124756
-0.30337393283843994
-0.14821724593639374
0.07007721066474915
0.11817173659801483
0.5671497583389282
-0.6704555153846741
-0.49048912525177
0.10501141846179962
0.15399129688739777
-0.5718168020248413
-0.5290184617042542
-0.02399415336549282
-0.2241923213005066
-0.17802146077156067
0.23273980617523193
0.4383271038532257
0.6006526947021484
-0.10346139222383499
-0.17682434618473053
0.052338000386953354
-0.161134734749794
0.04714082553982735
-0.22518259286880493
-0.37929239869117737
-0.2563035190105438
-0.3197091221809387
-0.09562177956104279
-0.17212165892124176
-0.17631803452968597
0.39621469378471375
-0.1936400979757309
-0.23969897627830505
0.8183298110961914
0.25336718559265137
0.2638905644416809
-0.2546473741531372
0.5951030850410461
0.3574596643447876
0.5279899835586548
0.2681928873062134
