0.804947 1.780882
-0.137664 -2.127015
-1.917869 -0.123281
0.318821 -2.040589
-0.026955 -1.681128
2.012435 -1.541516
0.882626 0.316761
-0.623597 -2.036148
0.520091 -0.510381
-0.242136 -1.459618
0.208829 -1.092963
0.095155 -0.471942
2.023696 -0.374576
-0.735220 0.951285
-0.471241 0.119345
0.344690 -0.090123
-0.638999 -1.806948
-0.612037 -2.258117
-0.885198 -1.112143
1.405194 0.595180
0.531772 -0.442938
-0.154914 -1.081605
0.441521 0.011747
0.543670 0.403331
0.117832 0.166048
0.695483 0.466229
-2.352929 -0.746777
-0.070934 -0.418171
0.542128 0.267778
-0.119168 -2.204652
1.121179 -0.917888
1.169093 -0.523949
0.594336 -1.245320
0.093673 -1.159463
0.529087 -0.695163
1.056904 -0.995797
1.687208 0.401788
1.196204 -0.129738
0.487583 -1.728550
-0.170411 0.921444
-1.944964 0.337545
0.359125 -1.293402
1.326103 -1.849298
1.437341 -0.364730
1.657649 0.701702
0.251179 -1.808459
-0.640009 -1.718356
0.895947 -0.749824
0.844236 -0.565788
-0.425426 -1.385185
0.069051 -0.204794
0.113523 -1.240771
0.888925 -0.010109
0.648315 -0.836697
-0.117949 -2.251377
0.336720 -1.333444
-1.725318 -1.974568
1.285850 0.598960
-0.278209 -0.885024
0.621733 -0.049099
0.139673 0.374868
0.217987 -1.023434
0.799460 -0.106895
0.343246 -1.147719
2.035992 1.141168
-0.527008 -0.087856
0.530504 -0.012618
0.229118 0.800575
2.561701 -0.682941
0.690257 0.366954
2.414931 0.122739
2.433045 0.714743
0.102439 -0.460586
-0.845162 -1.591842
-0.136366 0.358702
0.597593 0.421809
0.779852 0.114115
0.855853 0.154576
0.758244 0.799394
0.530091 -0.991352
-1.445313 -1.007047
-0.544310 -1.374733
1.271015 0.503358
0.802425 -1.415512
0.486942 0.384258
2.226711 1.761327
-0.427558 -0.449064
-0.271594 -1.369567
1.299273 0.420701
-0.821729 -0.912048
1.896702 0.042864
-1.293812 -0.967072
-0.968705 0.217396
1.160933 -0.247389
0.232308 -2.538984
-0.197617 -2.166650
0.796166 -0.860791
0.679647 0.051759
1.536622 -0.253439
1.006638 -0.952772
-0.247404 -0.824863
0.271301 -0.462155
-0.685236 -2.172381
0.068692 -1.243437
1.176243 -1.884874
0.630822 0.790765
-0.230019 0.176890
1.514267 -1.761977
2.070531 0.103561
0.442874 -0.905668
0.043444 -0.981026
1.864597 -0.432608
0.727175 -0.808630
0.756299 -0.149592
1.701114 -0.087564
0.606291 -1.146605
1.683030 -0.575001
-0.769444 0.075042
0.157945 0.556286
1.387745 0.331339
0.088622 -1.401205
-0.116504 0.238450
0.352907 0.007410
-0.557415 -1.974463
0.601788 -0.747646
0.868028 -1.204873
1.533700 -0.827776
2.130151 0.099815
1.017867 -1.357372
1.064312 -0.596117
-0.015885 1.301294
0.355534 -1.391485
0.066498 0.167430
0.477852 -1.888081
1.627695 0.468430
2.364968 -0.525602
1.283233 -0.524339
1.426385 -0.379655
1.427696 -0.798621
1.296939 -0.053481
2.252349 -0.027607
0.098650 -1.350784
0.469423 0.890179
-0.803466 -1.066632
-0.205304 -0.533715
-0.430187 -0.437066
0.967831 -0.408198
0.848105 1.028610
-0.993391 -0.612172
0.425503 -1.675121
0.419370 -0.043145
0.000010 -1.002804
1.019644 0.002751
1.046046 -0.966281
0.355328 0.466686
2.095825 1.840983
0.063600 2.083591
0.372220 0.426976
-1.062840 0.104811
0.041468 0.514735
-0.343799 0.293734
-1.129796 -1.715582
0.691000 -0.505231
-0.528730 0.730603
0.056536 0.320435
-1.068388 0.370509
1.060408 0.096489
1.890435 -0.567639
-0.202579 1.309588
1.072030 -1.077619
0.692289 -1.535661
1.127343 -0.787953
1.711221 -1.491196
1.126768 -0.889218
0.377051 -2.475471
1.491993 -1.699406
1.782302 -1.055075
2.391010 -2.461213
0.625023 -1.385562
-0.818418 2.626150
-0.726620 -1.024557
-0.655475 2.096982
1.341683 0.782195
-0.086025 -1.026558
1.478873 0.768092
-0.799064 -1.558407
1.931284 -0.194847
1.612294 -0.663329
1.303284 -1.157834
-0.145769 -0.387425
0.520654 -1.427562
-1.094028 -4.047804
0.464582 1.354262
0.855340 2.061208
0.802174 0.047931
1.195403 0.061690
0.482563 0.694545
0.939881 0.045824
1.304636 0.327121
0.797749 0.020727
0.437146 -0.404650
0.597449 -0.023459
1.190717 -2.369845
-0.063293 -1.400812
0.061625 0.546477
0.930437 -1.553364
-0.885869 0.655003
-0.310379 1.170415
0.035023 -1.612722
0.761868 0.095705
1.068609 0.357552
1.108062 -0.698229
0.465492 -0.606350
1.605630 -0.377594
1.123832 0.846817
0.651153 -0.809252
2.852274 -1.580965
1.444589 0.629206
0.211626 -0.620583
0.996301 1.549203
-0.754915 -0.357455
0.083685 -0.855053
1.534591 -0.411302
-0.004676 -0.705322
2.845356 1.381691
0.190742 -0.182269
1.124309 -0.268035
2.121851 0.295929
0.819537 -0.108416
1.100901 -0.090870
0.564550 -1.274769
-0.028427 1.673724
-0.183523 -0.279044
-2.359166 0.460167
1.562734 0.224635
0.434636 -0.268694
0.241402 -1.185208
1.524346 -0.053377
1.160135 0.633110
0.041060 -0.617485
1.455228 -1.007397
1.291386 -1.236450
1.451623 -0.607822
0.914317 -2.118093
0.779108 0.009526
-1.333448 0.887110
-0.647145 -0.533549
0.778561 -0.733343
0.922318 -0.060110
1.630506 0.808328
0.709298 -0.940153
0.907565 0.606766
-0.063418 -0.964138
1.594282 0.956697
0.593845 -1.448615
1.339593 -1.005512
0.216973 -0.417773
-0.439026 0.526100
0.702217 0.798249
-0.635619 -1.857482
0.097108 -1.069372
-0.785618 -1.191042
0.001935 -0.292710
0.964603 -1.243185
1.195860 -0.287449
0.521287 -0.059967
0.887306 1.475584
-0.854431 -1.325708
1.308761 0.188267
0.069574 -2.577134
-0.257185 0.510538
-1.655174 -0.172863
-1.091041 0.402138
1.372019 -1.610714
1.125337 -0.855534
1.083068 0.365497
0.563230 0.899463
0.405687 -1.133473
1.555108 -0.596825
0.593919 -1.258116
0.174940 -1.912389
-0.213230 -0.050799
-1.661524 -0.121492
-2.782518 0.926113
0.075723 0.017292
-2.326352 -0.279855
-0.207740 0.000726
0.610159 -0.712470
0.130949 0.574768
-0.292809 0.302247
-0.061406 0.387628
-0.413972 -0.664622
1.189428 1.217104
0.825869 -0.763991
-1.158294 1.822691
0.030222 0.927363
0.989019 0.853215
-0.375697 -0.513527
0.203253 1.617905
-0.761351 1.371944
0.384589 -0.277106
-0.376077 -1.271399
0.567314 0.735276
-1.562357 1.369239
1.037849 0.471491
-0.921465 0.934484
-1.553521 -1.072323
-0.034025 0.294679
1.014864 -0.897051
-2.769141 -0.858263
0.043480 1.821665
-1.358038 0.115661
-0.681266 0.993034
-0.599173 -1.185831
-0.844316 0.309165
-0.515213 0.084787
-2.339338 0.279546
0.343676 0.517830
0.757814 -1.458848
-0.382675 0.523257
-0.022166 1.106697
-1.802372 -0.632241
-1.724640 0.505099
-0.025867 0.895756
-1.639835 1.384141
-0.230068 -0.489720
0.617073 -0.653042
-0.651218 -1.024127
-1.127015 -2.325267
-1.347639 1.724856
-1.339560 1.196427
0.206182 0.700670
-0.390924 1.248866
0.068322 -0.030646
0.108894 -0.436411
0.377595 -1.220791
0.068715 0.283788
-1.713990 1.666189
-3.107756 3.107756
