-0.3463565707206726
0.6197928786277771
0.7237979173660278
-0.8486729264259338
-0.7969991564750671
-0.07337737828493118
0.7478156089782715
-0.10331316292285919
-0.6430357098579407
-0.0023592780344188213
-0.34158313274383545
-0.49062395095825195
0.28948888182640076
0.26665276288986206
-0.027944037690758705
0.09151480346918106
0.35325154662132263
-0.0531974695622921
0.41069379448890686
0.4294091761112213
-0.024116339161992073
-0.23880913853645325
-0.17612650990486145
-0.4097001254558563
0.027956876903772354
0.3842475414276123
0.3906216323375702
-0.05546681210398674
-0.0019703530706465244
-0.30720624327659607
0.2962031662464142
0.2498113363981247
0.0749206393957138
-0.16278140246868134
-0.2569379210472107
-0.06456954032182693
-0.3637222945690155
0.6539638042449951
-0.1686019003391266
-0.4326937198638916
-0.16968095302581787
0.6034722924232483
0.018616072833538055
-0.5012286901473999
0.3723507225513458
0.16122689843177795
-0.3984141945838928
0.33814743161201477
0.24242240190505981
0.1303596943616867
-0.34989482164382935
-0.22883716225624084
0.36030077934265137
-0.2709311246871948
0.013875540345907211
0.20014825463294983
-0.2718806564807892
0.30638694763183594
-0.2722829282283783
-0.042669255286455154
-0.07890933752059937
-0.1808445155620575
0.2016877382993698
0.40697041153907776
-0.2444096803665161
-0.3127422034740448
0.07829597592353821
-0.2364109605550766
-0.18081851303577423
-0.46277496218681335
0.23730072379112244
-0.20436543226242065
5.5792675993870944e-05
-0.12750481069087982
-0.10160575807094574
0.6624194979667664
