-0.115131 0.489211
-1.134242 -0.937642
0.332284 0.440008
0.131184 -0.142209
0.232490 -1.580555
-0.182067 0.114092
0.420277 -0.497576
-0.046559 0.069421
-0.666275 0.067722
0.291193 0.612703
-0.206751 -0.869214
-0.223747 0.381909
-1.741897 -0.372955
-1.046538 0.869245
1.580384 0.286027
-0.570565 -0.685774
2.027224 -0.886014
-2.083756 -0.530075
1.796932 0.353877
1.132367 -0.590185
0.448916 -0.004732
1.583060 -0.389580
1.802544 0.910152
-0.129288 -1.034536
0.874906 -0.691692
-0.683861 -0.802900
0.413509 -1.664501
-0.221998 -1.956356
0.721683 0.495337
1.506805 0.375364
-0.251974 0.707934
-1.538915 -0.981294
-1.496456 -0.322408
-0.561888 -1.868077
-1.353161 -0.964357
0.406874 -0.656802
0.491501 -0.700792
-0.335253 -1.121495
-0.109115 -1.678913
1.551184 -0.653346
1.784618 -1.314580
1.170844 -0.160985
0.194184 -0.877840
0.921195 -2.676296
1.561785 -2.583458
-3.019710 0.632805
-0.922122 -0.684377
-0.895294 -0.620760
-0.682799 0.541685
0.524950 -1.536734
0.990081 -2.466211
0.733669 -1.861854
0.667471 -1.731210
1.221958 -0.506133
0.940432 0.517281
0.536316 0.016420
0.548408 -0.029093
0.085241 -0.473951
0.048012 -0.551948
0.578343 -0.155678
0.574518 -0.509213
0.753523 -0.577229
0.508897 -1.204312
1.077312 0.545969
0.493460 -1.360869
0.126113 -1.919778
1.290724 0.227203
1.938431 0.098530
1.357441 -0.239854
0.482934 -0.697203
0.067474 -0.819871
0.278765 0.866337
0.647381 -1.344896
1.775997 -0.141845
-0.176140 0.144653
1.147116 -0.384011
-0.451934 -1.484558
1.103646 -0.605398
0.287897 -1.374022
2.251830 -0.405554
-0.071425 -1.167459
1.626267 0.537724
0.106945 -1.178167
0.803428 -0.322987
0.041871 -1.998211
-0.060438 -1.173805
0.217112 -1.093801
1.058510 -0.006256
1.896438 -1.007972
0.552654 -1.363662
-0.191981 -0.296099
0.955845 0.593724
0.593460 -0.571366
-0.012573 -0.450037
1.531727 0.309927
0.657351 -0.240596
-0.310717 -2.317314
1.199255 -0.086560
0.149548 -0.639549
0.422823 0.132312
-1.048409 -1.601965
-1.004031 -1.594325
1.093394 -0.539105
0.394298 -0.454117
1.570745 0.908645
1.521116 -0.215096
-0.315222 1.243722
-0.177579 -0.056619
-0.091272 -0.470437
0.627922 -1.266617
1.692836 -0.499154
0.190633 -1.018745
0.334208 -0.890468
2.009873 0.001055
0.889893 -0.340248
0.705780 -0.613741
0.111368 -1.290698
1.977650 -0.115946
1.602228 -0.550634
1.237662 -0.849945
-1.226500 -1.852989
0.320856 0.328406
1.608367 0.795358
-0.870733 1.131606
1.958783 -0.013229
0.360575 -1.136161
1.060896 -0.877023
2.624593 0.343131
0.058524 -1.012898
0.919387 -2.046842
1.490879 -1.936131
0.588108 -0.202454
-0.436790 -2.079431
-0.907987 -2.047713
0.941287 -2.545040
-0.758539 0.467128
-0.846196 -1.328967
0.026047 -0.318402
0.447452 -0.846559
2.008839 -0.669886
2.221147 -0.546356
2.756918 -0.385965
0.886647 -1.277105
0.236647 -1.416830
-0.590286 -1.633573
0.591004 -0.805506
1.607102 -0.413742
1.645105 -0.239826
1.121651 -0.787971
0.627220 -0.834231
-0.664129 0.304912
0.114731 -0.790261
-0.917455 0.051838
-0.647972 0.044754
1.454793 -1.130781
0.836410 -0.445603
-0.235422 -1.880413
-0.339665 -2.344289
1.794309 0.237977
0.765779 -0.975702
0.553286 -1.416938
1.500521 -0.887651
0.841277 -0.807761
1.659675 0.348899
2.606507 -0.942476
-0.745813 -0.405978
0.541766 -1.862722
0.805548 0.335710
-0.181196 -0.587383
-0.306631 -0.597123
0.624489 -1.775972
-0.923862 -1.695268
0.399520 -0.552966
0.588978 -0.435579
-0.180104 -0.446832
0.942644 -0.574750
0.657677 -0.834805
0.093801 0.170539
0.372568 0.245680
-0.118639 -0.787130
-0.661531 0.767398
1.357147 0.578666
-0.258527 -0.773665
1.232551 -0.937728
-0.759035 -1.434021
2.054513 0.566004
-0.456820 -1.232466
0.089622 -0.537214
1.671926 -0.010757
1.251326 1.739378
0.117664 -0.464764
-0.192065 1.007567
0.563544 1.211397
0.406592 -0.774558
-0.288875 1.317269
-0.060202 -0.232354
0.547169 -1.732376
-0.149818 0.004783
0.845993 0.878693
1.054649 -0.991503
0.580283 -1.234641
-1.612016 -0.684864
0.781249 -0.407820
1.205632 -1.944903
0.396805 -1.669607
1.162899 -0.587744
1.620092 0.047456
-0.059183 -1.787970
-0.352999 -0.987959
0.324558 -1.041595
-0.053677 -1.330750
0.340756 0.765891
0.175159 1.002551
0.195757 0.733656
-0.110916 1.016845
0.375855 -0.156816
-0.726901 0.004683
-0.146900 0.106199
1.050544 0.033678
-1.284964 -0.946618
0.372451 0.982837
-0.910826 0.516827
0.117288 0.771757
-0.668399 0.586922
0.394608 1.519536
-3.110788 3.110788
