0.250046 -0.667662
-0.661441 -1.248620
-0.683314 0.347102
-0.811092 -0.394146
-0.289548 -0.661068
-0.102411 0.321303
0.566010 -1.918719
-0.252302 -1.630362
0.902965 -0.058638
0.732688 -0.688642
1.195035 0.342931
-0.160847 -0.543075
-0.470623 0.516213
1.539627 1.087372
-1.068801 1.600966
-1.078291 0.911229
0.443132 -0.993895
0.957978 -1.939769
2.336643 0.013657
0.319714 -1.114190
-1.231496 0.209241
0.139890 0.275247
1.079801 0.792523
0.714696 0.479172
-0.276454 -1.069049
1.374273 1.203455
-0.544086 -0.184524
-0.876317 -1.157262
-0.184834 0.463252
0.214069 -0.585246
0.828450 0.001901
-0.686775 -1.155016
0.742298 0.238138
1.766437 -0.326700
0.057794 -1.503195
0.127919 0.207265
0.719865 0.861317
0.215769 -0.604650
1.924725 1.082246
1.957916 0.750955
1.596294 1.137738
0.721919 -0.229856
1.402289 -0.989047
0.234785 -1.264157
0.216509 -0.711075
-0.114491 -0.847171
1.721297 -0.226563
1.544555 -0.473528
1.017438 -0.832445
-0.996480 -1.285610
0.440591 -0.631534
-0.623436 -0.114234
1.134627 -0.152875
0.636473 0.119857
-0.707808 -2.213739
1.039878 0.039811
1.241607 0.389157
1.258347 -0.133123
-0.259596 -0.851845
0.635258 -0.702473
-0.040726 -0.858181
0.955591 -0.035662
0.357406 0.060508
0.969090 -0.352544
1.466616 -0.286474
0.100817 -0.725040
0.214247 -0.871900
0.541751 -0.659439
0.885192 -0.308083
-0.300441 -1.685171
1.002310 0.319273
0.421020 -0.295758
0.142831 -0.514189
0.168204 -1.082968
0.813030 -1.084122
0.763979 1.721725
0.555149 -0.886497
0.871847 -1.071661
0.196300 -0.573150
0.027876 -0.640675
0.084656 -0.804293
-1.010084 -1.901005
-0.428638 -1.320667
0.283997 -0.459331
0.890257 -0.409396
-0.464166 -1.405208
-0.499271 -1.957568
-1.154544 -2.027436
0.147370 -0.699536
0.314481 -0.656453
0.437858 -1.247033
0.944943 -0.051618
-0.213088 -1.172902
0.445111 -0.182143
1.231813 0.027079
0.503174 -0.262445
0.089406 -1.079646
0.897784 -0.395292
0.889871 0.573343
0.063364 -1.167620
-0.691595 -1.440917
1.625808 0.068918
0.438371 -0.807400
1.639280 -0.731175
0.183708 -0.694611
-0.940213 -2.209814
-0.446088 -1.255444
1.038550 -0.147623
-0.187833 -1.174299
0.322866 -0.700378
-0.500628 -0.634798
-1.031209 -2.118149
0.498540 -0.337878
1.727456 0.366967
1.709904 0.488561
1.556009 -0.497916
0.290311 -0.046756
0.687693 -0.867647
0.632360 -0.589628
0.469221 0.093296
-0.722899 -1.815830
0.611432 -0.869879
1.464646 0.547195
-0.668899 -1.666377
1.506494 -0.491780
1.048405 0.433024
0.292402 -1.173640
-0.398637 -1.943819
1.139673 -1.099544
0.413946 0.272360
0.262437 -0.567777
0.466392 -0.555648
0.665504 -0.719199
-0.451830 -1.087038
1.522738 0.070680
0.421285 0.294910
1.336674 0.201806
-0.732069 -1.416272
0.447066 -0.556322
1.375384 1.130502
-0.837417 -0.139144
0.551311 0.517774
-0.908832 -0.320649
-0.163116 -1.394694
0.307936 -0.116560
0.750267 0.191965
0.234343 -0.385681
2.471424 1.174171
1.042116 0.542833
1.471099 -0.223740
0.231765 -0.404297
-0.158666 -0.991371
0.414162 -0.688200
0.942686 -0.081194
-1.925547 -1.241951
-0.428043 0.567753
0.634052 -0.804180
0.791975 -0.547090
1.685038 0.612388
-0.612916 -2.069846
1.025101 0.186279
1.688304 0.591914
1.837359 0.866538
1.676366 -0.100996
1.034309 -0.380862
0.268199 -0.872146
0.295959 -0.200226
-1.461535 -0.327489
-0.437948 -0.330472
-3.359075 3.359075
