# x(1-9),y
-0.05560 1.07415 -0.05866 -0.91628 -0.00232 0.00000
0.02235 1.05318 0.00368 -1.04064 -0.06246 0.00000
-0.08385 1.04769 -0.01174 -1.06834 0.07599 0.00000
-0.04518 0.98285 -0.04078 -0.97424 0.01597 0.00000
0.01999 0.95316 -0.04306 -1.04928 -0.03449 0.00000
-0.07117 0.93312 0.09279 -0.90795 -0.06232 0.00000
-0.09514 0.94091 0.03997 -0.94410 -0.09541 0.00000
0.01553 0.90033 0.00309 -0.97204 0.09712 0.00000
-0.04818 1.06050 0.07410 -0.91545 -0.09956 0.00000
-0.00610 1.09629 -0.02021 -0.93725 0.00929 0.00000
0.05417 0.99699 -0.09418 -1.08269 -0.07771 0.00000
-0.04975 1.09298 0.02635 -0.93667 0.01322 0.00000
0.02707 1.06238 0.08534 -0.91747 0.06496 0.00000
-0.08116 0.97221 -0.09290 -0.99073 0.05923 0.00000
-0.08977 0.93773 -0.02690 -1.05114 0.05902 0.00000
-0.02958 1.02778 -0.00132 -0.98330 0.08786 0.00000
0.08871 0.92234 0.06871 -1.03079 -0.07983 0.00000
-0.02332 1.00207 0.09222 -1.02570 -0.09753 0.00000
0.07194 0.92222 -0.00433 -0.93000 0.00295 0.00000
-0.01068 1.06010 -0.09592 -0.98548 -0.01772 0.00000
0.09703 1.06028 -0.08921 -1.06190 -0.00952 0.00000
0.04059 0.96641 -0.02800 -0.91571 0.09073 0.00000
-0.01846 1.07971 -0.03395 -1.08345 0.00534 0.00000
0.03217 1.07860 0.09303 -0.94601 0.05182 0.00000
0.04201 1.04031 0.05347 -0.90513 -0.02526 0.00000
-0.08339 0.94793 -0.05570 -1.02728 0.06206 0.00000
-0.08798 0.98995 0.06263 -1.04715 -0.08732 0.00000
-0.05158 0.91701 0.06156 -1.06595 -0.06093 0.00000
0.06293 1.06206 0.01787 -0.91705 -0.08804 0.00000
0.09300 1.01420 -0.03950 -0.93486 0.03188 0.00000
0.09730 0.92150 0.01618 -1.00543 0.03045 0.00000
-0.05163 0.90623 0.00885 -1.02706 0.07847 0.00000
-0.00813 0.98373 0.02658 -0.99456 0.09224 0.00000
0.05780 0.99934 -0.05777 -0.97920 0.04972 0.00000
0.05117 1.09870 -0.05630 -1.01487 -0.01523 0.00000
-0.03627 0.97307 -0.00441 -0.99158 -0.04695 0.00000
-0.07313 0.96038 -0.07270 -1.03646 0.03584 0.00000
0.02027 1.09945 0.01218 -0.99025 0.02847 0.00000
0.04536 1.02316 0.01770 -0.97900 -0.02904 0.00000
0.05548 1.02092 -0.03815 -1.05087 -0.08575 0.00000
-0.03045 0.90257 -0.06687 -1.08793 -0.04437 0.00000
-0.03033 1.01824 0.05500 -0.97505 -0.06806 0.00000
0.07875 1.04612 -0.00045 -0.97127 0.00190 0.00000
-0.06636 1.02829 0.09763 -0.94593 -0.06370 0.00000
-0.07605 1.08607 0.08202 -0.95016 0.05211 0.00000
-0.07142 1.06239 -0.06154 -1.06905 -0.01858 0.00000
-0.09992 1.06910 -0.06777 -0.95215 0.01658 0.00000
0.05405 1.02000 0.09229 -1.02404 -0.00060 0.00000
-0.03233 1.04855 -0.03990 -0.94024 -0.08281 0.00000
-0.05287 0.98763 -0.07479 -1.05939 0.06831 0.00000
-0.02551 0.94374 0.06923 -0.98493 0.02674 0.00000
0.07779 1.04279 -0.04698 -1.09806 0.00989 0.00000
0.04151 1.06114 -0.06187 -0.97316 0.08771 0.00000
-0.04836 0.95850 -0.01487 -0.98576 0.09801 0.00000
0.01764 1.07758 0.03124 -1.00544 -0.03889 0.00000
-0.02996 1.05543 -0.06450 -1.07241 -0.05739 0.00000
0.03378 0.97428 -0.05870 -1.03386 -0.08367 0.00000
-0.01269 1.06224 -0.01084 -1.01054 -0.09449 0.00000
-0.04420 0.91503 -0.09045 -0.92728 0.04286 0.00000
0.06609 0.92658 -0.02694 -0.91736 -0.01332 0.00000
0.08513 1.09227 -0.09868 -1.01341 0.01662 0.00000
-0.03023 0.97521 -0.02884 -1.05379 -0.09479 0.00000
0.04624 1.09970 -0.09233 -0.92818 0.00886 0.00000
-0.09610 0.91376 0.00509 -1.07909 -0.04080 0.00000
-0.04503 1.09412 -0.00607 -1.04296 0.08765 0.00000
0.09335 1.04388 -0.07262 -0.92202 -0.01175 0.00000
0.05723 1.04430 0.03063 -0.94661 0.06237 0.00000
-0.00767 0.99692 -0.08052 -1.02583 0.07723 0.00000
-0.05595 1.04978 0.06133 -1.06069 0.05292 0.00000
0.03147 1.09509 -0.02234 -0.94865 0.06879 0.00000
-0.02419 0.94474 -0.02635 -0.96943 -0.04852 0.00000
0.07170 0.95904 0.05281 -1.03579 0.00086 0.00000
0.07484 0.99708 0.02484 -1.03144 -0.00629 0.00000
-0.08772 1.00395 -0.01017 -1.04020 -0.06542 0.00000
-0.03187 0.95897 -0.02749 -0.93825 0.07912 0.00000
0.08301 0.98431 0.07969 -0.98258 0.09932 0.00000
-0.07515 1.05137 0.01765 -0.99709 0.05164 0.00000
0.06666 1.06622 -0.03118 -1.02386 0.01906 0.00000
-0.09143 1.06294 0.01720 -1.01130 0.02763 0.00000
0.09107 1.06084 0.03123 -1.05849 0.09435 0.00000
-0.02258 1.08105 0.00021 -0.96552 0.07748 0.00000
-0.08832 0.95895 -0.06446 -1.09069 -0.03164 0.00000
0.08308 0.95054 -0.07739 -0.91163 -0.00134 0.00000
-0.00564 1.03757 0.06342 -1.05462 -0.05953 0.00000
-0.01510 1.06952 0.08542 -1.06192 0.03789 0.00000
-0.01083 1.07562 -0.04088 -1.04596 -0.09561 0.00000
0.07427 0.93321 -0.04429 -1.05073 0.08441 0.00000
-0.08367 0.96733 0.03609 -1.06689 0.01553 0.00000
-0.01507 0.90263 0.02132 -1.03062 -0.05769 0.00000
0.09503 1.06780 -0.01026 -1.03575 -0.09718 0.00000
0.04561 0.95326 0.00234 -0.97480 0.05058 0.00000
-0.06837 0.91826 0.05481 -1.08971 -0.01868 0.00000
-0.09280 0.94156 -0.06212 -0.93202 0.04859 0.00000
-0.05106 1.01723 -0.00108 -1.08177 -0.02844 0.00000
0.05014 0.92575 -0.05202 -1.02872 -0.09920 0.00000
0.05469 0.97902 0.02773 -0.99479 0.05587 0.00000
0.03177 0.97975 -0.07527 -1.01520 -0.09894 0.00000
-0.08437 1.06596 0.00335 -0.94221 0.04782 0.00000
0.00556 1.04546 0.08876 -0.91031 -0.04911 0.00000
0.08168 0.99421 -0.05832 -1.01797 0.01679 0.00000
0.07780 1.08067 0.01196 -0.93857 0.00582 0.00000
-0.08098 0.98715 0.03983 -0.94909 0.03557 0.00000
-0.09958 1.03647 0.09600 -1.05740 0.04264 0.00000
-0.06046 1.05330 0.08716 -1.05836 0.06587 0.00000
-0.04015 1.07614 -0.09365 -0.94895 -0.05693 0.00000
-0.02662 0.93154 0.06149 -1.05979 -0.02908 0.00000
-0.02688 0.95350 -0.05522 -0.95048 0.01548 0.00000
0.05477 0.93139 0.00901 -1.08406 -0.08032 0.00000
-0.01361 1.01845 0.04333 -0.98634 -0.08459 0.00000
-0.02462 1.04759 0.09011 -0.91893 -0.00168 0.00000
0.08711 0.95028 0.02338 -0.94744 -0.09966 0.00000
-0.08358 0.96424 -0.05673 -1.06505 0.01037 0.00000
0.02793 0.99701 0.03991 -1.03637 -0.02681 0.00000
-0.07340 0.94339 -0.00264 -0.93472 -0.00529 0.00000
0.07664 1.08739 0.05429 -0.94420 -0.09707 0.00000
0.03857 0.90686 0.05097 -1.01501 -0.08327 0.00000
0.08609 0.93704 0.09208 -0.94319 0.08454 0.00000
0.02520 0.97036 0.03982 -1.00790 0.04693 0.00000
0.09075 0.91135 -0.06689 -1.01393 -0.09451 0.00000
-0.02808 0.98464 -0.06509 -1.09160 0.02702 0.00000
-0.05260 1.04000 -0.01664 -0.92039 -0.04042 0.00000
0.00816 0.95700 0.08972 -1.04445 0.03525 0.00000
-0.02913 1.03670 0.02398 -0.94540 0.02525 0.00000
-0.00878 0.99011 -0.06873 -1.07649 -0.06905 0.00000
0.08591 1.03409 0.08097 -0.97706 -0.05744 0.00000
-0.09750 1.00674 0.09460 -0.94126 -0.08621 0.00000
-0.02722 0.92668 -0.04592 -0.96448 -0.03487 0.00000
0.00189 0.95785 -0.01806 -1.02443 0.01668 0.00000
-0.08421 1.09872 -0.07285 -1.08924 0.08201 0.00000
-0.02697 0.90089 -0.04983 -0.93833 0.04856 0.00000
0.02903 1.06513 -0.00543 -0.91622 -0.04607 0.00000
-0.00067 1.06588 0.00877 -1.05203 -0.03327 0.00000
0.07211 1.00580 -0.03085 -0.97520 -0.07040 0.00000
0.04827 0.97278 0.00335 -1.03067 0.07146 0.00000
-0.06469 1.07382 0.03237 -1.06369 -0.06868 0.00000
-0.04805 0.98873 0.08884 -0.94308 -0.04239 0.00000
-0.00486 0.90850 0.05521 -0.95705 0.02844 0.00000
0.02061 0.91490 0.00480 -0.97984 0.02388 0.00000
0.07953 0.96605 -0.05114 -1.01240 0.02344 0.00000
0.07032 1.04866 0.00352 -1.02207 0.04929 0.00000
-0.02588 0.98486 -0.09633 -0.99845 -0.05901 0.00000
0.09327 0.91850 -0.09168 -0.99658 0.09669 0.00000
-0.04521 0.92661 -0.08189 -1.09930 0.02314 0.00000
-0.02935 1.06400 -0.05566 -0.99040 -0.08912 0.00000
-0.03542 1.08151 0.02068 -1.00725 0.08623 0.00000
-0.03012 0.91449 -0.00895 -0.98217 0.05990 0.00000
-0.02632 1.00394 0.07771 -0.97342 -0.04528 0.00000
0.08633 1.01395 0.06759 -0.93870 0.03433 0.00000
-0.04021 1.03063 -0.07692 -0.96603 0.00503 0.00000
-0.03541 0.98846 -0.04299 -1.00602 -0.01479 0.00000
-0.00156 0.90538 -0.07829 -0.92922 -0.06484 0.00000
-0.03787 1.03913 -0.02301 -1.01922 -0.09241 0.00000
-0.01308 1.01415 -0.01170 -1.02368 -0.06541 0.00000
-0.02256 0.91016 -0.04336 -1.09833 -0.06737 0.00000
-0.08695 1.08569 0.00561 -1.05414 0.02309 0.00000
-0.04752 1.02975 0.00298 -1.02078 0.08094 0.00000
0.03701 1.08936 -0.04542 -1.02324 0.03399 0.00000
0.02454 0.95436 -0.08099 -0.93429 -0.03218 0.00000
-0.09977 1.03848 -0.03384 -0.95363 -0.07597 0.00000
-0.04855 1.08253 0.02251 -1.01891 0.07139 0.00000
0.03460 0.93585 -0.04583 -0.92389 0.08733 0.00000
0.04046 1.00641 0.08215 -0.96793 0.08790 0.00000
0.04106 0.94340 0.07528 -0.99298 -0.03165 0.00000
-0.05347 0.95420 0.00869 -1.09071 -0.02711 0.00000
-0.04896 0.91945 0.00054 -1.02885 0.07564 0.00000
0.00534 0.92917 -0.08451 -0.98627 0.05588 0.00000
-0.01797 1.00695 0.06128 -0.96967 0.02146 0.00000
0.07872 0.93292 -0.06545 -0.91104 0.06146 0.00000
0.09535 1.00517 -0.01500 -0.90928 0.02417 0.00000
-0.01666 0.98687 -0.00424 -1.08794 -0.06866 0.00000
0.02695 1.03794 0.07680 -0.98511 -0.07059 0.00000
0.03771 0.93227 0.00637 -1.05967 -0.04473 0.00000
0.07412 1.01089 0.04962 -1.06958 -0.01082 0.00000
-0.02151 1.09534 0.04827 -0.93540 0.03611 0.00000
-0.08658 1.05666 0.04511 -0.96021 -0.01446 0.00000
-0.04551 0.99886 -0.01879 -1.07881 0.05452 0.00000
0.03239 0.93010 0.02261 -0.91003 0.00650 0.00000
-0.09103 1.09341 0.02981 -1.00392 0.09067 0.00000
-0.01084 0.94280 -0.09928 -0.94099 -0.07034 0.00000
0.05939 0.91626 0.02668 -1.09531 0.04416 0.00000
-0.09720 1.07935 0.01761 -0.94144 0.08479 0.00000
0.01568 1.01012 0.08567 -0.96171 0.05849 0.00000
0.00129 1.09885 0.01251 -1.07180 -0.09184 0.00000
0.06832 0.91843 0.01736 -1.00020 0.06292 0.00000
-0.02608 0.93309 -0.06428 -1.07650 0.00386 0.00000
-0.08577 0.98412 -0.05386 -1.07155 0.04618 0.00000
0.05971 1.04820 -0.02106 -1.00522 0.04380 0.00000
0.02862 1.00687 -0.05208 -1.04972 0.01005 0.00000
0.05770 0.97543 0.01257 -0.90215 -0.02875 0.00000
0.05869 1.01718 -0.02239 -0.99798 -0.08646 0.00000
0.01719 1.06651 -0.08628 -0.97060 -0.08981 0.00000
-0.07739 1.02527 0.00694 -1.06212 -0.03117 0.00000
-0.07726 1.03821 0.03606 -0.90758 0.03765 0.00000
0.08357 1.06055 0.01648 -0.99170 -0.08022 0.00000
-0.06549 1.02072 -0.02417 -1.07641 0.06186 0.00000
-0.02576 0.91423 -0.07893 -1.08819 -0.05656 0.00000
0.01073 1.00065 -0.05997 -1.07465 -0.00533 0.00000
0.02420 0.99781 0.00161 -0.91601 0.06768 0.00000
0.04951 0.97926 0.01412 -0.95468 -0.01254 0.00000
-0.09057 1.03314 0.07392 -1.03792 0.05812 0.00000
0.94440 0.07415 -1.05866 0.08372 0.99768 1.00000
1.02235 0.05318 -0.99632 -0.04064 0.93754 1.00000
0.91615 0.04769 -1.01174 -0.06834 1.07599 1.00000
0.95482 -0.01715 -1.04078 0.02576 1.01597 1.00000
1.01999 -0.04684 -1.04306 -0.04928 0.96551 1.00000
0.92883 -0.06688 -0.90721 0.09205 0.93768 1.00000
0.90486 -0.05909 -0.96003 0.05590 0.90459 1.00000
1.01553 -0.09967 -0.99691 0.02796 1.09712 1.00000
0.95182 0.06050 -0.92590 0.08455 0.90044 1.00000
0.99390 0.09629 -1.02021 0.06275 1.00929 1.00000
1.05417 -0.00301 -1.09418 -0.08269 0.92229 1.00000
0.95025 0.09298 -0.97365 0.06333 1.01322 1.00000
1.02707 0.06238 -0.91466 0.08253 1.06496 1.00000
0.91884 -0.02779 -1.09290 0.00927 1.05923 1.00000
0.91023 -0.06227 -1.02690 -0.05114 1.05902 1.00000
0.97042 0.02778 -1.00132 0.01670 1.08786 1.00000
1.08871 -0.07766 -0.93129 -0.03079 0.92017 1.00000
0.97668 0.00207 -0.90778 -0.02570 0.90247 1.00000
1.07194 -0.07778 -1.00433 0.07000 1.00295 1.00000
0.98932 0.06010 -1.09592 0.01452 0.98228 1.00000
1.09703 0.06028 -1.08921 -0.06190 0.99048 1.00000
1.04059 -0.03359 -1.02800 0.08429 1.09073 1.00000
0.98154 0.07971 -1.03395 -0.08345 1.00534 1.00000
1.03217 0.07860 -0.90697 0.05399 1.05182 1.00000
1.04201 0.04031 -0.94653 0.09487 0.97474 1.00000
0.91661 -0.05207 -1.05570 -0.02728 1.06206 1.00000
0.91202 -0.01005 -0.93737 -0.04715 0.91268 1.00000
0.94842 -0.08299 -0.93844 -0.06595 0.93907 1.00000
1.06293 0.06206 -0.98213 0.08295 0.91196 1.00000
1.09300 0.01420 -1.03950 0.06514 1.03188 1.00000
1.09730 -0.07850 -0.98382 -0.00543 1.03045 1.00000
0.94837 -0.09377 -0.99115 -0.02706 1.07847 1.00000
0.99187 -0.01627 -0.97342 0.00544 1.09224 1.00000
1.05780 -0.00066 -1.05777 0.02080 1.04972 1.00000
1.05117 0.09870 -1.05630 -0.01487 0.98477 1.00000
0.96373 -0.02693 -1.00441 0.00842 0.95305 1.00000
0.92687 -0.03962 -1.07270 -0.03646 1.03584 1.00000
1.02027 0.09945 -0.98782 0.00975 1.02847 1.00000
1.04536 0.02316 -0.98230 0.02100 0.97096 1.00000
1.05548 0.02092 -1.03815 -0.05087 0.91425 1.00000
0.96955 -0.09743 -1.06687 -0.08793 0.95563 1.00000
0.96967 0.01824 -0.94500 0.02495 0.93194 1.00000
1.07875 0.04612 -1.00045 0.02873 1.00190 1.00000
0.93364 0.02829 -0.90237 0.05407 0.93630 1.00000
0.92395 0.08607 -0.91798 0.04984 1.05211 1.00000
0.92858 0.06239 -1.06154 -0.06905 0.98142 1.00000
0.90008 0.06910 -1.06777 0.04785 1.01658 1.00000
1.05405 0.02000 -0.90771 -0.02404 0.99940 1.00000
0.96767 0.04855 -1.03990 0.05976 0.91719 1.00000
0.94713 -0.01237 -1.07479 -0.05939 1.06831 1.00000
0.97449 -0.05626 -0.93077 0.01507 1.02674 1.00000
1.07779 0.04279 -1.04698 -0.09806 1.00989 1.00000
1.04151 0.06114 -1.06187 0.02684 1.08771 1.00000
0.95164 -0.04150 -1.01487 0.01424 1.09801 1.00000
1.01764 0.07758 -0.96876 -0.00544 0.96111 1.00000
0.97004 0.05543 -1.06450 -0.07241 0.94261 1.00000
1.03378 -0.02572 -1.05870 -0.03386 0.91633 1.00000
0.98731 0.06224 -1.01084 -0.01054 0.90551 1.00000
0.95580 -0.08497 -1.09045 0.07272 1.04286 1.00000
1.06609 -0.07342 -1.02694 0.08264 0.98668 1.00000
1.08513 0.09227 -1.09868 -0.01341 1.01662 1.00000
0.96977 -0.02479 -1.02884 -0.05379 0.90521 1.00000
1.04624 0.09970 -1.09233 0.07182 1.00886 1.00000
0.90390 -0.08624 -0.99491 -0.07909 0.95920 1.00000
0.95497 0.09412 -1.00607 -0.04296 1.08765 1.00000
1.09335 0.04388 -1.07262 0.07798 0.98825 1.00000
1.05723 0.04430 -0.96937 0.05339 1.06237 1.00000
0.99233 -0.00308 -1.08052 -0.02583 1.07723 1.00000
0.94405 0.04978 -0.93867 -0.06069 1.05292 1.00000
1.03147 0.09509 -1.02234 0.05135 1.06879 1.00000
0.97581 -0.05526 -1.02635 0.03057 0.95148 1.00000
1.07170 -0.04096 -0.94719 -0.03579 1.00086 1.00000
1.07484 -0.00292 -0.97516 -0.03144 0.99371 1.00000
0.91228 0.00395 -1.01017 -0.04020 0.93458 1.00000
0.96813 -0.04103 -1.02749 0.06175 1.07912 1.00000
1.08301 -0.01569 -0.92031 0.01742 1.09932 1.00000
0.92485 0.05137 -0.98235 0.00291 1.05164 1.00000
1.06666 0.06622 -1.03118 -0.02386 1.01906 1.00000
0.90857 0.06294 -0.98280 -0.01130 1.02763 1.00000
1.09107 0.06084 -0.96877 -0.05849 1.09435 1.00000
0.97742 0.08105 -0.99979 0.03448 1.07748 1.00000
0.91168 -0.04105 -1.06446 -0.09069 0.96836 1.00000
1.08308 -0.04946 -1.07739 0.08837 0.99866 1.00000
0.99436 0.03757 -0.93658 -0.05462 0.94047 1.00000
0.98490 0.06952 -0.91458 -0.06192 1.03789 1.00000
0.98917 0.07562 -1.04088 -0.04596 0.90439 1.00000
1.07427 -0.06679 -1.04429 -0.05073 1.08441 1.00000
0.91633 -0.03267 -0.96391 -0.06689 1.01553 1.00000
0.98493 -0.09737 -0.97868 -0.03062 0.94231 1.00000
1.09503 0.06780 -1.01026 -0.03575 0.90282 1.00000
1.04561 -0.04674 -0.99766 0.02520 1.05058 1.00000
0.93163 -0.08174 -0.94519 -0.08971 0.98132 1.00000
0.90720 -0.05844 -1.06212 0.06798 1.04859 1.00000
0.94894 0.01723 -1.00108 -0.08177 0.97156 1.00000
1.05014 -0.07425 -1.05202 -0.02872 0.90080 1.00000
1.05469 -0.02098 -0.97227 0.00521 1.05587 1.00000
1.03177 -0.02025 -1.07527 -0.01520 0.90106 1.00000
0.91563 0.06596 -0.99665 0.05779 1.04782 1.00000
1.00556 0.04546 -0.91124 0.08969 0.95089 1.00000
1.08168 -0.00579 -1.05832 -0.01797 1.01679 1.00000
1.07780 0.08067 -0.98804 0.06143 1.00582 1.00000
0.91902 -0.01285 -0.96017 0.05091 1.03557 1.00000
0.90042 0.03647 -0.90400 -0.05740 1.04264 1.00000
0.93954 0.05330 -0.91284 -0.05836 1.06587 1.00000
0.95985 0.07614 -1.09365 0.05105 0.94307 1.00000
0.97338 -0.06846 -0.93851 -0.05979 0.97092 1.00000
0.97312 -0.04650 -1.05522 0.04952 1.01548 1.00000
1.05477 -0.06861 -0.99099 -0.08406 0.91968 1.00000
0.98639 0.01845 -0.95667 0.01366 0.91541 1.00000
0.97538 0.04759 -0.90989 0.08107 0.99832 1.00000
1.08711 -0.04972 -0.97662 0.05256 0.90034 1.00000
0.91642 -0.03576 -1.05673 -0.06505 1.01037 1.00000
1.02793 -0.00299 -0.96009 -0.03637 0.97319 1.00000
0.92660 -0.05661 -1.00264 0.06528 0.99471 1.00000
1.07664 0.08739 -0.94571 0.05580 0.90293 1.00000
1.03857 -0.09314 -0.94903 -0.01501 0.91673 1.00000
1.08609 -0.06296 -0.90792 0.05681 1.08454 1.00000
1.02520 -0.02964 -0.96018 -0.00790 1.04693 1.00000
1.09075 -0.08865 -1.06689 -0.01393 0.90549 1.00000
0.97192 -0.01536 -1.06509 -0.09160 1.02702 1.00000
0.94740 0.04000 -1.01664 0.07961 0.95958 1.00000
1.00816 -0.04300 -0.91028 -0.04445 1.03525 1.00000
0.97087 0.03670 -0.97602 0.05460 1.02525 1.00000
0.99122 -0.00989 -1.06873 -0.07649 0.93095 1.00000
1.08591 0.03409 -0.91903 0.02294 0.94256 1.00000
0.90250 0.00674 -0.90540 0.05874 0.91379 1.00000
0.97278 -0.07332 -1.04592 0.03552 0.96513 1.00000
1.00189 -0.04215 -1.01806 -0.02443 1.01668 1.00000
0.91579 0.09872 -1.07285 -0.08924 1.08201 1.00000
0.97303 -0.09911 -1.04983 0.06167 1.04856 1.00000
1.02903 0.06513 -1.00543 0.08378 0.95393 1.00000
0.99933 0.06588 -0.99123 -0.05203 0.96673 1.00000
1.07211 0.00580 -1.03085 0.02480 0.92960 1.00000
1.04827 -0.02722 -0.99665 -0.03067 1.07146 1.00000
0.93531 0.07382 -0.96763 -0.06369 0.93132 1.00000
0.95195 -0.01127 -0.91116 0.05692 0.95761 1.00000
0.99514 -0.09150 -0.94479 0.04295 1.02844 1.00000
1.02061 -0.08510 -0.99520 0.02016 1.02388 1.00000
1.07953 -0.03395 -1.05114 -0.01240 1.02344 1.00000
1.07032 0.04866 -0.99648 -0.02207 1.04929 1.00000
0.97412 -0.01514 -1.09633 0.00155 0.94099 1.00000
1.09327 -0.08150 -1.09168 0.00342 1.09669 1.00000
0.95479 -0.07339 -1.08189 -0.09930 1.02314 1.00000
0.97065 0.06400 -1.05566 0.00960 0.91088 1.00000
0.96458 0.08151 -0.97932 -0.00725 1.08623 1.00000
0.96988 -0.08551 -1.00895 0.01783 1.05990 1.00000
0.97368 0.00394 -0.92229 0.02658 0.95472 1.00000
1.08633 0.01395 -0.93241 0.06130 1.03433 1.00000
0.95979 0.03063 -1.07692 0.03397 1.00503 1.00000
0.96459 -0.01154 -1.04299 -0.00602 0.98521 1.00000
0.99844 -0.09462 -1.07829 0.07078 0.93516 1.00000
0.96213 0.03913 -1.02301 -0.01922 0.90759 1.00000
0.98692 0.01415 -1.01170 -0.02368 0.93459 1.00000
0.97744 -0.08984 -1.04336 -0.09833 0.93263 1.00000
0.91305 0.08569 -0.99439 -0.05414 1.02309 1.00000
0.95248 0.02975 -0.99702 -0.02078 1.08094 1.00000
1.03701 0.08936 -1.04542 -0.02324 1.03399 1.00000
1.02454 -0.04564 -1.08099 0.06571 0.96782 1.00000
0.90023 0.03848 -1.03384 0.04637 0.92403 1.00000
0.95145 0.08253 -0.97749 -0.01891 1.07139 1.00000
1.03460 -0.06415 -1.04583 0.07611 1.08733 1.00000
1.04046 0.00641 -0.91785 0.03207 1.08790 1.00000
1.04106 -0.05660 -0.92472 0.00702 0.96835 1.00000
0.94653 -0.04580 -0.99131 -0.09071 0.97289 1.00000
0.95104 -0.08055 -0.99946 -0.02885 1.07564 1.00000
1.00534 -0.07083 -1.08451 0.01373 1.05588 1.00000
0.98203 0.00695 -0.93872 0.03033 1.02146 1.00000
1.07872 -0.06708 -1.06545 0.08896 1.06146 1.00000
1.09535 0.00517 -1.01500 0.09072 1.02417 1.00000
0.98334 -0.01313 -1.00424 -0.08794 0.93134 1.00000
1.02695 0.03794 -0.92320 0.01489 0.92941 1.00000
1.03771 -0.06773 -0.99363 -0.05967 0.95527 1.00000
1.07412 0.01089 -0.95038 -0.06958 0.98918 1.00000
0.97849 0.09534 -0.95173 0.06460 1.03611 1.00000
0.91342 0.05666 -0.95489 0.03979 0.98554 1.00000
0.95449 -0.00114 -1.01879 -0.07881 1.05452 1.00000
1.03239 -0.06990 -0.97739 0.08997 1.00650 1.00000
0.90897 0.09341 -0.97019 -0.00392 1.09067 1.00000
0.98916 -0.05720 -1.09928 0.05901 0.92966 1.00000
1.05939 -0.08374 -0.97332 -0.09531 1.04416 1.00000
0.90280 0.07935 -0.98239 0.05856 1.08479 1.00000
1.01568 0.01012 -0.91433 0.03829 1.05849 1.00000
1.00129 0.09885 -0.98749 -0.07180 0.90816 1.00000
1.06832 -0.08157 -0.98264 -0.00020 1.06292 1.00000
0.97392 -0.06691 -1.06428 -0.07650 1.00386 1.00000
0.91423 -0.01588 -1.05386 -0.07155 1.04618 1.00000
1.05971 0.04820 -1.02106 -0.00522 1.04380 1.00000
1.02862 0.00687 -1.05208 -0.04972 1.01005 1.00000
1.05770 -0.02457 -0.98743 0.09785 0.97125 1.00000
1.05869 0.01718 -1.02239 0.00202 0.91354 1.00000
1.01719 0.06651 -1.08628 0.02940 0.91019 1.00000
0.92261 0.02527 -0.99306 -0.06212 0.96883 1.00000
0.92274 0.03821 -0.96394 0.09242 1.03765 1.00000
1.08357 0.06055 -0.98352 0.00830 0.91978 1.00000
0.93451 0.02072 -1.02417 -0.07641 1.06186 1.00000
0.97424 -0.08577 -1.07893 -0.08819 0.94344 1.00000
1.01073 0.00065 -1.05997 -0.07465 0.99467 1.00000
1.02420 -0.00219 -0.99839 0.08399 1.06768 1.00000
1.04951 -0.02074 -0.98588 0.04532 0.98746 1.00000
0.90943 0.03314 -0.92608 -0.03792 1.05812 1.00000
0.94440 -0.92585 0.94134 -0.91628 0.99768 2.00000
1.02235 -0.94682 1.00368 -1.04064 0.93754 2.00000
0.91615 -0.95231 0.98826 -1.06834 1.07599 2.00000
0.95482 -1.01715 0.95922 -0.97424 1.01597 2.00000
1.01999 -1.04684 0.95694 -1.04928 0.96551 2.00000
0.92883 -1.06688 1.09279 -0.90795 0.93768 2.00000
0.90486 -1.05909 1.03997 -0.94410 0.90459 2.00000
1.01553 -1.09967 1.00309 -0.97204 1.09712 2.00000
0.95182 -0.93950 1.07410 -0.91545 0.90044 2.00000
0.99390 -0.90371 0.97979 -0.93725 1.00929 2.00000
1.05417 -1.00301 0.90582 -1.08269 0.92229 2.00000
0.95025 -0.90702 1.02635 -0.93667 1.01322 2.00000
1.02707 -0.93762 1.08534 -0.91747 1.06496 2.00000
0.91884 -1.02779 0.90710 -0.99073 1.05923 2.00000
0.91023 -1.06227 0.97310 -1.05114 1.05902 2.00000
0.97042 -0.97222 0.99868 -0.98330 1.08786 2.00000
1.08871 -1.07766 1.06871 -1.03079 0.92017 2.00000
0.97668 -0.99793 1.09222 -1.02570 0.90247 2.00000
1.07194 -1.07778 0.99567 -0.93000 1.00295 2.00000
0.98932 -0.93990 0.90408 -0.98548 0.98228 2.00000
1.09703 -0.93972 0.91079 -1.06190 0.99048 2.00000
1.04059 -1.03359 0.97200 -0.91571 1.09073 2.00000
0.98154 -0.92029 0.96605 -1.08345 1.00534 2.00000
1.03217 -0.92140 1.09303 -0.94601 1.05182 2.00000
1.04201 -0.95969 1.05347 -0.90513 0.97474 2.00000
0.91661 -1.05207 0.94430 -1.02728 1.06206 2.00000
0.91202 -1.01005 1.06263 -1.04715 0.91268 2.00000
0.94842 -1.08299 1.06156 -1.06595 0.93907 2.00000
1.06293 -0.93794 1.01787 -0.91705 0.91196 2.00000
1.09300 -0.98580 0.96050 -0.93486 1.03188 2.00000
1.09730 -1.07850 1.01618 -1.00543 1.03045 2.00000
0.94837 -1.09377 1.00885 -1.02706 1.07847 2.00000
0.99187 -1.01627 1.02658 -0.99456 1.09224 2.00000
1.05780 -1.00066 0.94223 -0.97920 1.04972 2.00000
1.05117 -0.90130 0.94370 -1.01487 0.98477 2.00000
0.96373 -1.02693 0.99559 -0.99158 0.95305 2.00000
0.92687 -1.03962 0.92730 -1.03646 1.03584 2.00000
1.02027 -0.90055 1.01218 -0.99025 1.02847 2.00000
1.04536 -0.97684 1.01770 -0.97900 0.97096 2.00000
1.05548 -0.97908 0.96185 -1.05087 0.91425 2.00000
0.96955 -1.09743 0.93313 -1.08793 0.95563 2.00000
0.96967 -0.98176 1.05500 -0.97505 0.93194 2.00000
1.07875 -0.95388 0.99955 -0.97127 1.00190 2.00000
0.93364 -0.97171 1.09763 -0.94593 0.93630 2.00000
0.92395 -0.91393 1.08202 -0.95016 1.05211 2.00000
0.92858 -0.93761 0.93846 -1.06905 0.98142 2.00000
0.90008 -0.93090 0.93223 -0.95215 1.01658 2.00000
1.05405 -0.98000 1.09229 -1.02404 0.99940 2.00000
0.96767 -0.95145 0.96010 -0.94024 0.91719 2.00000
0.94713 -1.01237 0.92521 -1.05939 1.06831 2.00000
0.97449 -1.05626 1.06923 -0.98493 1.02674 2.00000
1.07779 -0.95721 0.95302 -1.09806 1.00989 2.00000
1.04151 -0.93886 0.93813 -0.97316 1.08771 2.00000
0.95164 -1.04150 0.98513 -0.98576 1.09801 2.00000
1.01764 -0.92242 1.03124 -1.00544 0.96111 2.00000
0.97004 -0.94457 0.93550 -1.07241 0.94261 2.00000
1.03378 -1.02572 0.94130 -1.03386 0.91633 2.00000
0.98731 -0.93776 0.98916 -1.01054 0.90551 2.00000
0.95580 -1.08497 0.90955 -0.92728 1.04286 2.00000
1.06609 -1.07342 0.97306 -0.91736 0.98668 2.00000
1.08513 -0.90773 0.90132 -1.01341 1.01662 2.00000
0.96977 -1.02479 0.97116 -1.05379 0.90521 2.00000
1.04624 -0.90030 0.90767 -0.92818 1.00886 2.00000
0.90390 -1.08624 1.00509 -1.07909 0.95920 2.00000
0.95497 -0.90588 0.99393 -1.04296 1.08765 2.00000
1.09335 -0.95612 0.92738 -0.92202 0.98825 2.00000
1.05723 -0.95570 1.03063 -0.94661 1.06237 2.00000
0.99233 -1.00308 0.91948 -1.02583 1.07723 2.00000
0.94405 -0.95022 1.06133 -1.06069 1.05292 2.00000
1.03147 -0.90491 0.97766 -0.94865 1.06879 2.00000
0.97581 -1.05526 0.97365 -0.96943 0.95148 2.00000
1.07170 -1.04096 1.05281 -1.03579 1.00086 2.00000
1.07484 -1.00292 1.02484 -1.03144 0.99371 2.00000
0.91228 -0.99605 0.98983 -1.04020 0.93458 2.00000
0.96813 -1.04103 0.97251 -0.93825 1.07912 2.00000
1.08301 -1.01569 1.07969 -0.98258 1.09932 2.00000
0.92485 -0.94863 1.01765 -0.99709 1.05164 2.00000
1.06666 -0.93378 0.96882 -1.02386 1.01906 2.00000
0.90857 -0.93706 1.01720 -1.01130 1.02763 2.00000
1.09107 -0.93916 1.03123 -1.05849 1.09435 2.00000
0.97742 -0.91895 1.00021 -0.96552 1.07748 2.00000
0.91168 -1.04105 0.93554 -1.09069 0.96836 2.00000
1.08308 -1.04946 0.92261 -0.91163 0.99866 2.00000
0.99436 -0.96243 1.06342 -1.05462 0.94047 2.00000
0.98490 -0.93048 1.08542 -1.06192 1.03789 2.00000
0.98917 -0.92438 0.95912 -1.04596 0.90439 2.00000
1.07427 -1.06679 0.95571 -1.05073 1.08441 2.00000
0.91633 -1.03267 1.03609 -1.06689 1.01553 2.00000
0.98493 -1.09737 1.02132 -1.03062 0.94231 2.00000
1.09503 -0.93220 0.98974 -1.03575 0.90282 2.00000
1.04561 -1.04674 1.00234 -0.97480 1.05058 2.00000
0.93163 -1.08174 1.05481 -1.08971 0.98132 2.00000
0.90720 -1.05844 0.93788 -0.93202 1.04859 2.00000
0.94894 -0.98277 0.99892 -1.08177 0.97156 2.00000
1.05014 -1.07425 0.94798 -1.02872 0.90080 2.00000
1.05469 -1.02098 1.02773 -0.99479 1.05587 2.00000
1.03177 -1.02025 0.92473 -1.01520 0.90106 2.00000
0.91563 -0.93404 1.00335 -0.94221 1.04782 2.00000
1.00556 -0.95454 1.08876 -0.91031 0.95089 2.00000
1.08168 -1.00579 0.94168 -1.01797 1.01679 2.00000
1.07780 -0.91933 1.01196 -0.93857 1.00582 2.00000
0.91902 -1.01285 1.03983 -0.94909 1.03557 2.00000
0.90042 -0.96353 1.09600 -1.05740 1.04264 2.00000
0.93954 -0.94670 1.08716 -1.05836 1.06587 2.00000
0.95985 -0.92386 0.90635 -0.94895 0.94307 2.00000
0.97338 -1.06846 1.06149 -1.05979 0.97092 2.00000
0.97312 -1.04650 0.94478 -0.95048 1.01548 2.00000
1.05477 -1.06861 1.00901 -1.08406 0.91968 2.00000
0.98639 -0.98155 1.04333 -0.98634 0.91541 2.00000
0.97538 -0.95241 1.09011 -0.91893 0.99832 2.00000
1.08711 -1.04972 1.02338 -0.94744 0.90034 2.00000
0.91642 -1.03576 0.94327 -1.06505 1.01037 2.00000
1.02793 -1.00299 1.03991 -1.03637 0.97319 2.00000
0.92660 -1.05661 0.99736 -0.93472 0.99471 2.00000
1.07664 -0.91261 1.05429 -0.94420 0.90293 2.00000
1.03857 -1.09314 1.05097 -1.01501 0.91673 2.00000
1.08609 -1.06296 1.09208 -0.94319 1.08454 2.00000
1.02520 -1.02964 1.03982 -1.00790 1.04693 2.00000
1.09075 -1.08865 0.93311 -1.01393 0.90549 2.00000
0.97192 -1.01536 0.93491 -1.09160 1.02702 2.00000
0.94740 -0.96000 0.98336 -0.92039 0.95958 2.00000
1.00816 -1.04300 1.08972 -1.04445 1.03525 2.00000
0.97087 -0.96330 1.02398 -0.94540 1.02525 2.00000
0.99122 -1.00989 0.93127 -1.07649 0.93095 2.00000
1.08591 -0.96591 1.08097 -0.97706 0.94256 2.00000
0.90250 -0.99326 1.09460 -0.94126 0.91379 2.00000
0.97278 -1.07332 0.95408 -0.96448 0.96513 2.00000
1.00189 -1.04215 0.98194 -1.02443 1.01668 2.00000
0.91579 -0.90128 0.92715 -1.08924 1.08201 2.00000
0.97303 -1.09911 0.95017 -0.93833 1.04856 2.00000
1.02903 -0.93487 0.99457 -0.91622 0.95393 2.00000
0.99933 -0.93412 1.00877 -1.05203 0.96673 2.00000
1.07211 -0.99420 0.96915 -0.97520 0.92960 2.00000
1.04827 -1.02722 1.00335 -1.03067 1.07146 2.00000
0.93531 -0.92618 1.03237 -1.06369 0.93132 2.00000
0.95195 -1.01127 1.08884 -0.94308 0.95761 2.00000
0.99514 -1.09150 1.05521 -0.95705 1.02844 2.00000
1.02061 -1.08510 1.00480 -0.97984 1.02388 2.00000
1.07953 -1.03395 0.94886 -1.01240 1.02344 2.00000
1.07032 -0.95134 1.00352 -1.02207 1.04929 2.00000
0.97412 -1.01514 0.90367 -0.99845 0.94099 2.00000
1.09327 -1.08150 0.90832 -0.99658 1.09669 2.00000
0.95479 -1.07339 0.91811 -1.09930 1.02314 2.00000
0.97065 -0.93600 0.94434 -0.99040 0.91088 2.00000
0.96458 -0.91849 1.02068 -1.00725 1.08623 2.00000
0.96988 -1.08551 0.99105 -0.98217 1.05990 2.00000
0.97368 -0.99606 1.07771 -0.97342 0.95472 2.00000
1.08633 -0.98605 1.06759 -0.93870 1.03433 2.00000
0.95979 -0.96937 0.92308 -0.96603 1.00503 2.00000
0.96459 -1.01154 0.95701 -1.00602 0.98521 2.00000
0.99844 -1.09462 0.92171 -0.92922 0.93516 2.00000
0.96213 -0.96087 0.97699 -1.01922 0.90759 2.00000
0.98692 -0.98585 0.98830 -1.02368 0.93459 2.00000
0.97744 -1.08984 0.95664 -1.09833 0.93263 2.00000
0.91305 -0.91431 1.00561 -1.05414 1.02309 2.00000
0.95248 -0.97025 1.00298 -1.02078 1.08094 2.00000
1.03701 -0.91064 0.95458 -1.02324 1.03399 2.00000
1.02454 -1.04564 0.91901 -0.93429 0.96782 2.00000
0.90023 -0.96152 0.96616 -0.95363 0.92403 2.00000
0.95145 -0.91747 1.02251 -1.01891 1.07139 2.00000
1.03460 -1.06415 0.95417 -0.92389 1.08733 2.00000
1.04046 -0.99359 1.08215 -0.96793 1.08790 2.00000
1.04106 -1.05660 1.07528 -0.99298 0.96835 2.00000
0.94653 -1.04580 1.00869 -1.09071 0.97289 2.00000
0.95104 -1.08055 1.00054 -1.02885 1.07564 2.00000
1.00534 -1.07083 0.91549 -0.98627 1.05588 2.00000
0.98203 -0.99305 1.06128 -0.96967 1.02146 2.00000
1.07872 -1.06708 0.93455 -0.91104 1.06146 2.00000
1.09535 -0.99483 0.98500 -0.90928 1.02417 2.00000
0.98334 -1.01313 0.99576 -1.08794 0.93134 2.00000
1.02695 -0.96206 1.07680 -0.98511 0.92941 2.00000
1.03771 -1.06773 1.00637 -1.05967 0.95527 2.00000
1.07412 -0.98911 1.04962 -1.06958 0.98918 2.00000
0.97849 -0.90466 1.04827 -0.93540 1.03611 2.00000
0.91342 -0.94334 1.04511 -0.96021 0.98554 2.00000
0.95449 -1.00114 0.98121 -1.07881 1.05452 2.00000
1.03239 -1.06990 1.02261 -0.91003 1.00650 2.00000
0.90897 -0.90659 1.02981 -1.00392 1.09067 2.00000
0.98916 -1.05720 0.90072 -0.94099 0.92966 2.00000
1.05939 -1.08374 1.02668 -1.09531 1.04416 2.00000
0.90280 -0.92065 1.01761 -0.94144 1.08479 2.00000
1.01568 -0.98988 1.08567 -0.96171 1.05849 2.00000
1.00129 -0.90115 1.01251 -1.07180 0.90816 2.00000
1.06832 -1.08157 1.01736 -1.00020 1.06292 2.00000
0.97392 -1.06691 0.93572 -1.07650 1.00386 2.00000
0.91423 -1.01588 0.94614 -1.07155 1.04618 2.00000
1.05971 -0.95180 0.97894 -1.00522 1.04380 2.00000
1.02862 -0.99313 0.94792 -1.04972 1.01005 2.00000
1.05770 -1.02457 1.01257 -0.90215 0.97125 2.00000
1.05869 -0.98282 0.97761 -0.99798 0.91354 2.00000
1.01719 -0.93349 0.91372 -0.97060 0.91019 2.00000
0.92261 -0.97473 1.00694 -1.06212 0.96883 2.00000
0.92274 -0.96179 1.03606 -0.90758 1.03765 2.00000
1.08357 -0.93945 1.01648 -0.99170 0.91978 2.00000
0.93451 -0.97928 0.97583 -1.07641 1.06186 2.00000
0.97424 -1.08577 0.92107 -1.08819 0.94344 2.00000
1.01073 -0.99935 0.94003 -1.07465 0.99467 2.00000
1.02420 -1.00219 1.00161 -0.91601 1.06768 2.00000
1.04951 -1.02074 1.01412 -0.95468 0.98746 2.00000
0.90943 -0.96686 1.07392 -1.03792 1.05812 2.00000
0.44440 0.57415 0.44134 0.58372 0.49768 3.00000
0.52235 0.55318 0.50368 0.45936 0.43754 3.00000
0.41615 0.54769 0.48826 0.43166 0.57599 3.00000
0.45482 0.48285 0.45922 0.52576 0.51597 3.00000
0.51999 0.45316 0.45694 0.45072 0.46551 3.00000
0.42883 0.43312 0.59279 0.59205 0.43768 3.00000
0.40486 0.44091 0.53997 0.55590 0.40459 3.00000
0.51553 0.40033 0.50309 0.52796 0.59712 3.00000
0.45182 0.56050 0.57410 0.58455 0.40044 3.00000
0.49390 0.59629 0.47979 0.56275 0.50929 3.00000
0.55417 0.49699 0.40582 0.41731 0.42229 3.00000
0.45025 0.59298 0.52635 0.56333 0.51322 3.00000
0.52707 0.56238 0.58534 0.58253 0.56496 3.00000
0.41884 0.47221 0.40710 0.50927 0.55923 3.00000
0.41023 0.43773 0.47310 0.44886 0.55902 3.00000
0.47042 0.52778 0.49868 0.51670 0.58786 3.00000
0.58871 0.42234 0.56871 0.46921 0.42017 3.00000
0.47668 0.50207 0.59222 0.47430 0.40247 3.00000
0.57194 0.42222 0.49567 0.57000 0.50295 3.00000
0.48932 0.56010 0.40408 0.51452 0.48228 3.00000
0.59703 0.56028 0.41079 0.43810 0.49048 3.00000
0.54059 0.46641 0.47200 0.58429 0.59073 3.00000
0.48154 0.57971 0.46605 0.41655 0.50534 3.00000
0.53217 0.57860 0.59303 0.55399 0.55182 3.00000
0.54201 0.54031 0.55347 0.59487 0.47474 3.00000
0.41661 0.44793 0.44430 0.47272 0.56206 3.00000
0.41202 0.48995 0.56263 0.45285 0.41268 3.00000
0.44842 0.41701 0.56156 0.43405 0.43907 3.00000
0.56293 0.56206 0.51787 0.58295 0.41196 3.00000
0.59300 0.51420 0.46050 0.56514 0.53188 3.00000
0.59730 0.42150 0.51618 0.49457 0.53045 3.00000
0.44837 0.40623 0.50885 0.47294 0.57847 3.00000
0.49187 0.48373 0.52658 0.50544 0.59224 3.00000
0.55780 0.49934 0.44223 0.52080 0.54972 3.00000
0.55117 0.59870 0.44370 0.48513 0.48477 3.00000
0.46373 0.47307 0.49559 0.50842 0.45305 3.00000
0.42687 0.46038 0.42730 0.46354 0.53584 3.00000
0.52027 0.59945 0.51218 0.50975 0.52847 3.00000
0.54536 0.52316 0.51770 0.52100 0.47096 3.00000
0.55548 0.52092 0.46185 0.44913 0.41425 3.00000
0.46955 0.40257 0.43313 0.41207 0.45563 3.00000
0.46967 0.51824 0.55500 0.52495 0.43194 3.00000
0.57875 0.54612 0.49955 0.52873 0.50190 3.00000
0.43364 0.52829 0.59763 0.55407 0.43630 3.00000
0.42395 0.58607 0.58202 0.54984 0.55211 3.00000
0.42858 0.56239 0.43846 0.43095 0.48142 3.00000
0.40008 0.56910 0.43223 0.54785 0.51658 3.00000
0.55405 0.52000 0.59229 0.47596 0.49940 3.00000
0.46767 0.54855 0.46010 0.55976 0.41719 3.00000
0.44713 0.48763 0.42521 0.44061 0.56831 3.00000
0.47449 0.44374 0.56923 0.51507 0.52674 3.00000
0.57779 0.54279 0.45302 0.40194 0.50989 3.00000
0.54151 0.56114 0.43813 0.52684 0.58771 3.00000
0.45164 0.45850 0.48513 0.51424 0.59801 3.00000
0.51764 0.57758 0.53124 0.49456 0.46111 3.00000
0.47004 0.55543 0.43550 0.42759 0.44261 3.00000
0.53378 0.47428 0.44130 0.46614 0.41633 3.00000
0.48731 0.56224 0.48916 0.48946 0.40551 3.00000
0.45580 0.41503 0.40955 0.57272 0.54286 3.00000
0.56609 0.42658 0.47306 0.58264 0.48668 3.00000
0.58513 0.59227 0.40132 0.48659 0.51662 3.00000
0.46977 0.47521 0.47116 0.44621 0.40521 3.00000
0.54624 0.59970 0.40767 0.57182 0.50886 3.00000
0.40390 0.41376 0.50509 0.42091 0.45920 3.00000
0.45497 0.59412 0.49393 0.45704 0.58765 3.00000
0.59335 0.54388 0.42738 0.57798 0.48825 3.00000
0.55723 0.54430 0.53063 0.55339 0.56237 3.00000
0.49233 0.49692 0.41948 0.47417 0.57723 3.00000
0.44405 0.54978 0.56133 0.43931 0.55292 3.00000
0.53147 0.59509 0.47766 0.55135 0.56879 3.00000
0.47581 0.44474 0.47365 0.53057 0.45148 3.00000
0.57170 0.45904 0.55281 0.46421 0.50086 3.00000
0.57484 0.49708 0.52484 0.46856 0.49371 3.00000
0.41228 0.50395 0.48983 0.45980 0.43458 3.00000
0.46813 0.45897 0.47251 0.56175 0.57912 3.00000
0.58301 0.48431 0.57969 0.51742 0.59932 3.00000
0.42485 0.55137 0.51765 0.50291 0.55164 3.00000
0.56666 0.56622 0.46882 0.47614 0.51906 3.00000
0.40857 0.56294 0.51720 0.48870 0.52763 3.00000
0.59107 0.56084 0.53123 0.44151 0.59435 3.00000
0.47742 0.58105 0.50021 0.53448 0.57748 3.00000
0.41168 0.45895 0.43554 0.40931 0.46836 3.00000
0.58308 0.45054 0.42261 0.58837 0.49866 3.00000
0.49436 0.53757 0.56342 0.44538 0.44047 3.00000
0.48490 0.56952 0.58542 0.43808 0.53789 3.00000
0.48917 0.57562 0.45912 0.45404 0.40439 3.00000
0.57427 0.43321 0.45571 0.44927 0.58441 3.00000
0.41633 0.46733 0.53609 0.43311 0.51553 3.00000
0.48493 0.40263 0.52132 0.46938 0.44231 3.00000
0.59503 0.56780 0.48974 0.46425 0.40282 3.00000
0.54561 0.45326 0.50234 0.52520 0.55058 3.00000
0.43163 0.41826 0.55481 0.41029 0.48132 3.00000
0.40720 0.44156 0.43788 0.56798 0.54859 3.00000
0.44894 0.51723 0.49892 0.41823 0.47156 3.00000
0.55014 0.42575 0.44798 0.47128 0.40080 3.00000
0.55469 0.47902 0.52773 0.50521 0.55587 3.00000
0.53177 0.47975 0.42473 0.48480 0.40106 3.00000
0.41563 0.56596 0.50335 0.55779 0.54782 3.00000
0.50556 0.54546 0.58876 0.58969 0.45089 3.00000
0.58168 0.49421 0.44168 0.48203 0.51679 3.00000
0.57780 0.58067 0.51196 0.56143 0.50582 3.00000
0.41902 0.48715 0.53983 0.55091 0.53557 3.00000
0.40042 0.53647 0.59600 0.44260 0.54264 3.00000
0.43954 0.55330 0.58716 0.44164 0.56587 3.00000
0.45985 0.57614 0.40635 0.55105 0.44307 3.00000
0.47338 0.43154 0.56149 0.44021 0.47092 3.00000
0.47312 0.45350 0.44478 0.54952 0.51548 3.00000
0.55477 0.43139 0.50901 0.41594 0.41968 3.00000
0.48639 0.51845 0.54333 0.51366 0.41541 3.00000
0.47538 0.54759 0.59011 0.58107 0.49832 3.00000
0.58711 0.45028 0.52338 0.55256 0.40034 3.00000
0.41642 0.46424 0.44327 0.43495 0.51037 3.00000
0.52793 0.49701 0.53991 0.46363 0.47319 3.00000
0.42660 0.44339 0.49736 0.56528 0.49471 3.00000
0.57664 0.58739 0.55429 0.55580 0.40293 3.00000
0.53857 0.40686 0.55097 0.48499 0.41673 3.00000
0.58609 0.43704 0.59208 0.55681 0.58454 3.00000
0.52520 0.47036 0.53982 0.49210 0.54693 3.00000
0.59075 0.41135 0.43311 0.48607 0.40549 3.00000
0.47192 0.48464 0.43491 0.40840 0.52702 3.00000
0.44740 0.54000 0.48336 0.57961 0.45958 3.00000
0.50816 0.45700 0.58972 0.45555 0.53525 3.00000
0.47087 0.53670 0.52398 0.55460 0.52525 3.00000
0.49122 0.49011 0.43127 0.42351 0.43095 3.00000
0.58591 0.53409 0.58097 0.52294 0.44256 3.00000
0.40250 0.50674 0.59460 0.55874 0.41379 3.00000
0.47278 0.42668 0.45408 0.53552 0.46513 3.00000
0.50189 0.45785 0.48194 0.47557 0.51668 3.00000
0.41579 0.59872 0.42715 0.41076 0.58201 3.00000
0.47303 0.40089 0.45017 0.56167 0.54856 3.00000
0.52903 0.56513 0.49457 0.58378 0.45393 3.00000
0.49933 0.56588 0.50877 0.44797 0.46673 3.00000
0.57211 0.50580 0.46915 0.52480 0.42960 3.00000
0.54827 0.47278 0.50335 0.46933 0.57146 3.00000
0.43531 0.57382 0.53237 0.43631 0.43132 3.00000
0.45195 0.48873 0.58884 0.55692 0.45761 3.00000
0.49514 0.40850 0.55521 0.54295 0.52844 3.00000
0.52061 0.41490 0.50480 0.52016 0.52388 3.00000
0.57953 0.46605 0.44886 0.48760 0.52344 3.00000
0.57032 0.54866 0.50352 0.47793 0.54929 3.00000
0.47412 0.48486 0.40367 0.50155 0.44099 3.00000
0.59327 0.41850 0.40832 0.50342 0.59669 3.00000
0.45479 0.42661 0.41811 0.40070 0.52314 3.00000
0.47065 0.56400 0.44434 0.50960 0.41088 3.00000
0.46458 0.58151 0.52068 0.49275 0.58623 3.00000
0.46988 0.41449 0.49105 0.51783 0.55990 3.00000
0.47368 0.50394 0.57771 0.52658 0.45472 3.00000
0.58633 0.51395 0.56759 0.56130 0.53433 3.00000
0.45979 0.53063 0.42308 0.53397 0.50503 3.00000
0.46459 0.48846 0.45701 0.49398 0.48521 3.00000
0.49844 0.40538 0.42171 0.57078 0.43516 3.00000
0.46213 0.53913 0.47699 0.48078 0.40759 3.00000
0.48692 0.51415 0.48830 0.47632 0.43459 3.00000
0.47744 0.41016 0.45664 0.40167 0.43263 3.00000
0.41305 0.58569 0.50561 0.44586 0.52309 3.00000
0.45248 0.52975 0.50298 0.47922 0.58094 3.00000
0.53701 0.58936 0.45458 0.47676 0.53399 3.00000
0.52454 0.45436 0.41901 0.56571 0.46782 3.00000
0.40023 0.53848 0.46616 0.54637 0.42403 3.00000
0.45145 0.58253 0.52251 0.48109 0.57139 3.00000
0.53460 0.43585 0.45417 0.57611 0.58733 3.00000
0.54046 0.50641 0.58215 0.53207 0.58790 3.00000
0.54106 0.44340 0.57528 0.50702 0.46835 3.00000
0.44653 0.45420 0.50869 0.40929 0.47289 3.00000
0.45104 0.41945 0.50054 0.47115 0.57564 3.00000
0.50534 0.42917 0.41549 0.51373 0.55588 3.00000
0.48203 0.50695 0.56128 0.53033 0.52146 3.00000
0.57872 0.43292 0.43455 0.58896 0.56146 3.00000
0.59535 0.50517 0.48500 0.59072 0.52417 3.00000
0.48334 0.48687 0.49576 0.41206 0.43134 3.00000
0.52695 0.53794 0.57680 0.51489 0.42941 3.00000
0.53771 0.43227 0.50637 0.44033 0.45527 3.00000
0.57412 0.51089 0.54962 0.43042 0.48918 3.00000
0.47849 0.59534 0.54827 0.56460 0.53611 3.00000
0.41342 0.55666 0.54511 0.53979 0.48554 3.00000
0.45449 0.49886 0.48121 0.42119 0.55452 3.00000
0.53239 0.43010 0.52261 0.58997 0.50650 3.00000
0.40897 0.59341 0.52981 0.49608 0.59067 3.00000
0.48916 0.44280 0.40072 0.55901 0.42966 3.00000
0.55939 0.41626 0.52668 0.40469 0.54416 3.00000
0.40280 0.57935 0.51761 0.55856 0.58479 3.00000
0.51568 0.51012 0.58567 0.53829 0.55849 3.00000
0.50129 0.59885 0.51251 0.42820 0.40816 3.00000
0.56832 0.41843 0.51736 0.49980 0.56292 3.00000
0.47392 0.43309 0.43572 0.42350 0.50386 3.00000
0.41423 0.48412 0.44614 0.42845 0.54618 3.00000
0.55971 0.54820 0.47894 0.49478 0.54380 3.00000
0.52862 0.50687 0.44792 0.45028 0.51005 3.00000
0.55770 0.47543 0.51257 0.59785 0.47125 3.00000
0.55869 0.51718 0.47761 0.50202 0.41354 3.00000
0.51719 0.56651 0.41372 0.52940 0.41019 3.00000
0.42261 0.52527 0.50694 0.43788 0.46883 3.00000
0.42274 0.53821 0.53606 0.59242 0.53765 3.00000
0.58357 0.56055 0.51648 0.50830 0.41978 3.00000
0.43451 0.52072 0.47583 0.42359 0.56186 3.00000
0.47424 0.41423 0.42107 0.41181 0.44344 3.00000
0.51073 0.50065 0.44003 0.42535 0.49467 3.00000
0.52420 0.49781 0.50161 0.58399 0.56768 3.00000
0.54951 0.47926 0.51412 0.54532 0.48746 3.00000
0.40943 0.53314 0.57392 0.46208 0.55812 3.00000
0.05560 -1.07415 0.05866 0.91628 0.00232 0.00000
-0.02235 -1.05318 -0.00368 1.04064 0.06246 0.00000
0.08385 -1.04769 0.01174 1.06834 -0.07599 0.00000
0.04518 -0.98285 0.04078 0.97424 -0.01597 0.00000
-0.01999 -0.95316 0.04306 1.04928 0.03449 0.00000
0.07117 -0.93312 -0.09279 0.90795 0.06232 0.00000
0.09514 -0.94091 -0.03997 0.94410 0.09541 0.00000
-0.01553 -0.90033 -0.00309 0.97204 -0.09712 0.00000
0.04818 -1.06050 -0.07410 0.91545 0.09956 0.00000
0.00610 -1.09629 0.02021 0.93725 -0.00929 0.00000
-0.05417 -0.99699 0.09418 1.08269 0.07771 0.00000
0.04975 -1.09298 -0.02635 0.93667 -0.01322 0.00000
-0.02707 -1.06238 -0.08534 0.91747 -0.06496 0.00000
0.08116 -0.97221 0.09290 0.99073 -0.05923 0.00000
0.08977 -0.93773 0.02690 1.05114 -0.05902 0.00000
0.02958 -1.02778 0.00132 0.98330 -0.08786 0.00000
-0.08871 -0.92234 -0.06871 1.03079 0.07983 0.00000
0.02332 -1.00207 -0.09222 1.02570 0.09753 0.00000
-0.07194 -0.92222 0.00433 0.93000 -0.00295 0.00000
0.01068 -1.06010 0.09592 0.98548 0.01772 0.00000
-0.09703 -1.06028 0.08921 1.06190 0.00952 0.00000
-0.04059 -0.96641 0.02800 0.91571 -0.09073 0.00000
0.01846 -1.07971 0.03395 1.08345 -0.00534 0.00000
-0.03217 -1.07860 -0.09303 0.94601 -0.05182 0.00000
-0.04201 -1.04031 -0.05347 0.90513 0.02526 0.00000
0.08339 -0.94793 0.05570 1.02728 -0.06206 0.00000
0.08798 -0.98995 -0.06263 1.04715 0.08732 0.00000
0.05158 -0.91701 -0.06156 1.06595 0.06093 0.00000
-0.06293 -1.06206 -0.01787 0.91705 0.08804 0.00000
-0.09300 -1.01420 0.03950 0.93486 -0.03188 0.00000
-0.09730 -0.92150 -0.01618 1.00543 -0.03045 0.00000
0.05163 -0.90623 -0.00885 1.02706 -0.07847 0.00000
0.00813 -0.98373 -0.02658 0.99456 -0.09224 0.00000
-0.05780 -0.99934 0.05777 0.97920 -0.04972 0.00000
-0.05117 -1.09870 0.05630 1.01487 0.01523 0.00000
0.03627 -0.97307 0.00441 0.99158 0.04695 0.00000
0.07313 -0.96038 0.07270 1.03646 -0.03584 0.00000
-0.02027 -1.09945 -0.01218 0.99025 -0.02847 0.00000
-0.04536 -1.02316 -0.01770 0.97900 0.02904 0.00000
-0.05548 -1.02092 0.03815 1.05087 0.08575 0.00000
0.03045 -0.90257 0.06687 1.08793 0.04437 0.00000
0.03033 -1.01824 -0.05500 0.97505 0.06806 0.00000
-0.07875 -1.04612 0.00045 0.97127 -0.00190 0.00000
0.06636 -1.02829 -0.09763 0.94593 0.06370 0.00000
0.07605 -1.08607 -0.08202 0.95016 -0.05211 0.00000
0.07142 -1.06239 0.06154 1.06905 0.01858 0.00000
0.09992 -1.06910 0.06777 0.95215 -0.01658 0.00000
-0.05405 -1.02000 -0.09229 1.02404 0.00060 0.00000
0.03233 -1.04855 0.03990 0.94024 0.08281 0.00000
0.05287 -0.98763 0.07479 1.05939 -0.06831 0.00000
0.02551 -0.94374 -0.06923 0.98493 -0.02674 0.00000
-0.07779 -1.04279 0.04698 1.09806 -0.00989 0.00000
-0.04151 -1.06114 0.06187 0.97316 -0.08771 0.00000
0.04836 -0.95850 0.01487 0.98576 -0.09801 0.00000
-0.01764 -1.07758 -0.03124 1.00544 0.03889 0.00000
0.02996 -1.05543 0.06450 1.07241 0.05739 0.00000
-0.03378 -0.97428 0.05870 1.03386 0.08367 0.00000
0.01269 -1.06224 0.01084 1.01054 0.09449 0.00000
0.04420 -0.91503 0.09045 0.92728 -0.04286 0.00000
-0.06609 -0.92658 0.02694 0.91736 0.01332 0.00000
-0.08513 -1.09227 0.09868 1.01341 -0.01662 0.00000
0.03023 -0.97521 0.02884 1.05379 0.09479 0.00000
-0.04624 -1.09970 0.09233 0.92818 -0.00886 0.00000
0.09610 -0.91376 -0.00509 1.07909 0.04080 0.00000
0.04503 -1.09412 0.00607 1.04296 -0.08765 0.00000
-0.09335 -1.04388 0.07262 0.92202 0.01175 0.00000
-0.05723 -1.04430 -0.03063 0.94661 -0.06237 0.00000
0.00767 -0.99692 0.08052 1.02583 -0.07723 0.00000
0.05595 -1.04978 -0.06133 1.06069 -0.05292 0.00000
-0.03147 -1.09509 0.02234 0.94865 -0.06879 0.00000
0.02419 -0.94474 0.02635 0.96943 0.04852 0.00000
-0.07170 -0.95904 -0.05281 1.03579 -0.00086 0.00000
-0.07484 -0.99708 -0.02484 1.03144 0.00629 0.00000
0.08772 -1.00395 0.01017 1.04020 0.06542 0.00000
0.03187 -0.95897 0.02749 0.93825 -0.07912 0.00000
-0.08301 -0.98431 -0.07969 0.98258 -0.09932 0.00000
0.07515 -1.05137 -0.01765 0.99709 -0.05164 0.00000
-0.06666 -1.06622 0.03118 1.02386 -0.01906 0.00000
0.09143 -1.06294 -0.01720 1.01130 -0.02763 0.00000
-0.09107 -1.06084 -0.03123 1.05849 -0.09435 0.00000
0.02258 -1.08105 -0.00021 0.96552 -0.07748 0.00000
0.08832 -0.95895 0.06446 1.09069 0.03164 0.00000
-0.08308 -0.95054 0.07739 0.91163 0.00134 0.00000
0.00564 -1.03757 -0.06342 1.05462 0.05953 0.00000
0.01510 -1.06952 -0.08542 1.06192 -0.03789 0.00000
0.01083 -1.07562 0.04088 1.04596 0.09561 0.00000
-0.07427 -0.93321 0.04429 1.05073 -0.08441 0.00000
0.08367 -0.96733 -0.03609 1.06689 -0.01553 0.00000
0.01507 -0.90263 -0.02132 1.03062 0.05769 0.00000
-0.09503 -1.06780 0.01026 1.03575 0.09718 0.00000
-0.04561 -0.95326 -0.00234 0.97480 -0.05058 0.00000
0.06837 -0.91826 -0.05481 1.08971 0.01868 0.00000
0.09280 -0.94156 0.06212 0.93202 -0.04859 0.00000
0.05106 -1.01723 0.00108 1.08177 0.02844 0.00000
-0.05014 -0.92575 0.05202 1.02872 0.09920 0.00000
-0.05469 -0.97902 -0.02773 0.99479 -0.05587 0.00000
-0.03177 -0.97975 0.07527 1.01520 0.09894 0.00000
0.08437 -1.06596 -0.00335 0.94221 -0.04782 0.00000
-0.00556 -1.04546 -0.08876 0.91031 0.04911 0.00000
-0.08168 -0.99421 0.05832 1.01797 -0.01679 0.00000
-0.07780 -1.08067 -0.01196 0.93857 -0.00582 0.00000
0.08098 -0.98715 -0.03983 0.94909 -0.03557 0.00000
0.09958 -1.03647 -0.09600 1.05740 -0.04264 0.00000
0.06046 -1.05330 -0.08716 1.05836 -0.06587 0.00000
0.04015 -1.07614 0.09365 0.94895 0.05693 0.00000
0.02662 -0.93154 -0.06149 1.05979 0.02908 0.00000
0.02688 -0.95350 0.05522 0.95048 -0.01548 0.00000
-0.05477 -0.93139 -0.00901 1.08406 0.08032 0.00000
0.01361 -1.01845 -0.04333 0.98634 0.08459 0.00000
0.02462 -1.04759 -0.09011 0.91893 0.00168 0.00000
-0.08711 -0.95028 -0.02338 0.94744 0.09966 0.00000
0.08358 -0.96424 0.05673 1.06505 -0.01037 0.00000
-0.02793 -0.99701 -0.03991 1.03637 0.02681 0.00000
0.07340 -0.94339 0.00264 0.93472 0.00529 0.00000
-0.07664 -1.08739 -0.05429 0.94420 0.09707 0.00000
-0.03857 -0.90686 -0.05097 1.01501 0.08327 0.00000
-0.08609 -0.93704 -0.09208 0.94319 -0.08454 0.00000
-0.02520 -0.97036 -0.03982 1.00790 -0.04693 0.00000
-0.09075 -0.91135 0.06689 1.01393 0.09451 0.00000
0.02808 -0.98464 0.06509 1.09160 -0.02702 0.00000
0.05260 -1.04000 0.01664 0.92039 0.04042 0.00000
-0.00816 -0.95700 -0.08972 1.04445 -0.03525 0.00000
0.02913 -1.03670 -0.02398 0.94540 -0.02525 0.00000
0.00878 -0.99011 0.06873 1.07649 0.06905 0.00000
-0.08591 -1.03409 -0.08097 0.97706 0.05744 0.00000
0.09750 -1.00674 -0.09460 0.94126 0.08621 0.00000
0.02722 -0.92668 0.04592 0.96448 0.03487 0.00000
-0.00189 -0.95785 0.01806 1.02443 -0.01668 0.00000
0.08421 -1.09872 0.07285 1.08924 -0.08201 0.00000
0.02697 -0.90089 0.04983 0.93833 -0.04856 0.00000
-0.02903 -1.06513 0.00543 0.91622 0.04607 0.00000
0.00067 -1.06588 -0.00877 1.05203 0.03327 0.00000
-0.07211 -1.00580 0.03085 0.97520 0.07040 0.00000
-0.04827 -0.97278 -0.00335 1.03067 -0.07146 0.00000
0.06469 -1.07382 -0.03237 1.06369 0.06868 0.00000
0.04805 -0.98873 -0.08884 0.94308 0.04239 0.00000
0.00486 -0.90850 -0.05521 0.95705 -0.02844 0.00000
-0.02061 -0.91490 -0.00480 0.97984 -0.02388 0.00000
-0.07953 -0.96605 0.05114 1.01240 -0.02344 0.00000
-0.07032 -1.04866 -0.00352 1.02207 -0.04929 0.00000
0.02588 -0.98486 0.09633 0.99845 0.05901 0.00000
-0.09327 -0.91850 0.09168 0.99658 -0.09669 0.00000
0.04521 -0.92661 0.08189 1.09930 -0.02314 0.00000
0.02935 -1.06400 0.05566 0.99040 0.08912 0.00000
0.03542 -1.08151 -0.02068 1.00725 -0.08623 0.00000
0.03012 -0.91449 0.00895 0.98217 -0.05990 0.00000
0.02632 -1.00394 -0.07771 0.97342 0.04528 0.00000
-0.08633 -1.01395 -0.06759 0.93870 -0.03433 0.00000
0.04021 -1.03063 0.07692 0.96603 -0.00503 0.00000
0.03541 -0.98846 0.04299 1.00602 0.01479 0.00000
0.00156 -0.90538 0.07829 0.92922 0.06484 0.00000
0.03787 -1.03913 0.02301 1.01922 0.09241 0.00000
0.01308 -1.01415 0.01170 1.02368 0.06541 0.00000
0.02256 -0.91016 0.04336 1.09833 0.06737 0.00000
0.08695 -1.08569 -0.00561 1.05414 -0.02309 0.00000
0.04752 -1.02975 -0.00298 1.02078 -0.08094 0.00000
-0.03701 -1.08936 0.04542 1.02324 -0.03399 0.00000
-0.02454 -0.95436 0.08099 0.93429 0.03218 0.00000
0.09977 -1.03848 0.03384 0.95363 0.07597 0.00000
0.04855 -1.08253 -0.02251 1.01891 -0.07139 0.00000
-0.03460 -0.93585 0.04583 0.92389 -0.08733 0.00000
-0.04046 -1.00641 -0.08215 0.96793 -0.08790 0.00000
-0.04106 -0.94340 -0.07528 0.99298 0.03165 0.00000
0.05347 -0.95420 -0.00869 1.09071 0.02711 0.00000
0.04896 -0.91945 -0.00054 1.02885 -0.07564 0.00000
-0.00534 -0.92917 0.08451 0.98627 -0.05588 0.00000
0.01797 -1.00695 -0.06128 0.96967 -0.02146 0.00000
-0.07872 -0.93292 0.06545 0.91104 -0.06146 0.00000
-0.09535 -1.00517 0.01500 0.90928 -0.02417 0.00000
0.01666 -0.98687 0.00424 1.08794 0.06866 0.00000
-0.02695 -1.03794 -0.07680 0.98511 0.07059 0.00000
-0.03771 -0.93227 -0.00637 1.05967 0.04473 0.00000
-0.07412 -1.01089 -0.04962 1.06958 0.01082 0.00000
0.02151 -1.09534 -0.04827 0.93540 -0.03611 0.00000
0.08658 -1.05666 -0.04511 0.96021 0.01446 0.00000
0.04551 -0.99886 0.01879 1.07881 -0.05452 0.00000
-0.03239 -0.93010 -0.02261 0.91003 -0.00650 0.00000
0.09103 -1.09341 -0.02981 1.00392 -0.09067 0.00000
0.01084 -0.94280 0.09928 0.94099 0.07034 0.00000
-0.05939 -0.91626 -0.02668 1.09531 -0.04416 0.00000
0.09720 -1.07935 -0.01761 0.94144 -0.08479 0.00000
-0.01568 -1.01012 -0.08567 0.96171 -0.05849 0.00000
-0.00129 -1.09885 -0.01251 1.07180 0.09184 0.00000
-0.06832 -0.91843 -0.01736 1.00020 -0.06292 0.00000
0.02608 -0.93309 0.06428 1.07650 -0.00386 0.00000
0.08577 -0.98412 0.05386 1.07155 -0.04618 0.00000
-0.05971 -1.04820 0.02106 1.00522 -0.04380 0.00000
-0.02862 -1.00687 0.05208 1.04972 -0.01005 0.00000
-0.05770 -0.97543 -0.01257 0.90215 0.02875 0.00000
-0.05869 -1.01718 0.02239 0.99798 0.08646 0.00000
-0.01719 -1.06651 0.08628 0.97060 0.08981 0.00000
0.07739 -1.02527 -0.00694 1.06212 0.03117 0.00000
0.07726 -1.03821 -0.03606 0.90758 -0.03765 0.00000
-0.08357 -1.06055 -0.01648 0.99170 0.08022 0.00000
0.06549 -1.02072 0.02417 1.07641 -0.06186 0.00000
0.02576 -0.91423 0.07893 1.08819 0.05656 0.00000
-0.01073 -1.00065 0.05997 1.07465 0.00533 0.00000
-0.02420 -0.99781 -0.00161 0.91601 -0.06768 0.00000
-0.04951 -0.97926 -0.01412 0.95468 0.01254 0.00000
0.09057 -1.03314 -0.07392 1.03792 -0.05812 0.00000
-0.94440 -0.07415 1.05866 -0.08372 -0.99768 1.00000
-1.02235 -0.05318 0.99632 0.04064 -0.93754 1.00000
-0.91615 -0.04769 1.01174 0.06834 -1.07599 1.00000
-0.95482 0.01715 1.04078 -0.02576 -1.01597 1.00000
-1.01999 0.04684 1.04306 0.04928 -0.96551 1.00000
-0.92883 0.06688 0.90721 -0.09205 -0.93768 1.00000
-0.90486 0.05909 0.96003 -0.05590 -0.90459 1.00000
-1.01553 0.09967 0.99691 -0.02796 -1.09712 1.00000
-0.95182 -0.06050 0.92590 -0.08455 -0.90044 1.00000
-0.99390 -0.09629 1.02021 -0.06275 -1.00929 1.00000
-1.05417 0.00301 1.09418 0.08269 -0.92229 1.00000
-0.95025 -0.09298 0.97365 -0.06333 -1.01322 1.00000
-1.02707 -0.06238 0.91466 -0.08253 -1.06496 1.00000
-0.91884 0.02779 1.09290 -0.00927 -1.05923 1.00000
-0.91023 0.06227 1.02690 0.05114 -1.05902 1.00000
-0.97042 -0.02778 1.00132 -0.01670 -1.08786 1.00000
-1.08871 0.07766 0.93129 0.03079 -0.92017 1.00000
-0.97668 -0.00207 0.90778 0.02570 -0.90247 1.00000
-1.07194 0.07778 1.00433 -0.07000 -1.00295 1.00000
-0.98932 -0.06010 1.09592 -0.01452 -0.98228 1.00000
-1.09703 -0.06028 1.08921 0.06190 -0.99048 1.00000
-1.04059 0.03359 1.02800 -0.08429 -1.09073 1.00000
-0.98154 -0.07971 1.03395 0.08345 -1.00534 1.00000
-1.03217 -0.07860 0.90697 -0.05399 -1.05182 1.00000
-1.04201 -0.04031 0.94653 -0.09487 -0.97474 1.00000
-0.91661 0.05207 1.05570 0.02728 -1.06206 1.00000
-0.91202 0.01005 0.93737 0.04715 -0.91268 1.00000
-0.94842 0.08299 0.93844 0.06595 -0.93907 1.00000
-1.06293 -0.06206 0.98213 -0.08295 -0.91196 1.00000
-1.09300 -0.01420 1.03950 -0.06514 -1.03188 1.00000
-1.09730 0.07850 0.98382 0.00543 -1.03045 1.00000
-0.94837 0.09377 0.99115 0.02706 -1.07847 1.00000
-0.99187 0.01627 0.97342 -0.00544 -1.09224 1.00000
-1.05780 0.00066 1.05777 -0.02080 -1.04972 1.00000
-1.05117 -0.09870 1.05630 0.01487 -0.98477 1.00000
-0.96373 0.02693 1.00441 -0.00842 -0.95305 1.00000
-0.92687 0.03962 1.07270 0.03646 -1.03584 1.00000
-1.02027 -0.09945 0.98782 -0.00975 -1.02847 1.00000
-1.04536 -0.02316 0.98230 -0.02100 -0.97096 1.00000
-1.05548 -0.02092 1.03815 0.05087 -0.91425 1.00000
-0.96955 0.09743 1.06687 0.08793 -0.95563 1.00000
-0.96967 -0.01824 0.94500 -0.02495 -0.93194 1.00000
-1.07875 -0.04612 1.00045 -0.02873 -1.00190 1.00000
-0.93364 -0.02829 0.90237 -0.05407 -0.93630 1.00000
-0.92395 -0.08607 0.91798 -0.04984 -1.05211 1.00000
-0.92858 -0.06239 1.06154 0.06905 -0.98142 1.00000
-0.90008 -0.06910 1.06777 -0.04785 -1.01658 1.00000
-1.05405 -0.02000 0.90771 0.02404 -0.99940 1.00000
-0.96767 -0.04855 1.03990 -0.05976 -0.91719 1.00000
-0.94713 0.01237 1.07479 0.05939 -1.06831 1.00000
-0.97449 0.05626 0.93077 -0.01507 -1.02674 1.00000
-1.07779 -0.04279 1.04698 0.09806 -1.00989 1.00000
-1.04151 -0.06114 1.06187 -0.02684 -1.08771 1.00000
-0.95164 0.04150 1.01487 -0.01424 -1.09801 1.00000
-1.01764 -0.07758 0.96876 0.00544 -0.96111 1.00000
-0.97004 -0.05543 1.06450 0.07241 -0.94261 1.00000
-1.03378 0.02572 1.05870 0.03386 -0.91633 1.00000
-0.98731 -0.06224 1.01084 0.01054 -0.90551 1.00000
-0.95580 0.08497 1.09045 -0.07272 -1.04286 1.00000
-1.06609 0.07342 1.02694 -0.08264 -0.98668 1.00000
-1.08513 -0.09227 1.09868 0.01341 -1.01662 1.00000
-0.96977 0.02479 1.02884 0.05379 -0.90521 1.00000
-1.04624 -0.09970 1.09233 -0.07182 -1.00886 1.00000
-0.90390 0.08624 0.99491 0.07909 -0.95920 1.00000
-0.95497 -0.09412 1.00607 0.04296 -1.08765 1.00000
-1.09335 -0.04388 1.07262 -0.07798 -0.98825 1.00000
-1.05723 -0.04430 0.96937 -0.05339 -1.06237 1.00000
-0.99233 0.00308 1.08052 0.02583 -1.07723 1.00000
-0.94405 -0.04978 0.93867 0.06069 -1.05292 1.00000
-1.03147 -0.09509 1.02234 -0.05135 -1.06879 1.00000
-0.97581 0.05526 1.02635 -0.03057 -0.95148 1.00000
-1.07170 0.04096 0.94719 0.03579 -1.00086 1.00000
-1.07484 0.00292 0.97516 0.03144 -0.99371 1.00000
-0.91228 -0.00395 1.01017 0.04020 -0.93458 1.00000
-0.96813 0.04103 1.02749 -0.06175 -1.07912 1.00000
-1.08301 0.01569 0.92031 -0.01742 -1.09932 1.00000
-0.92485 -0.05137 0.98235 -0.00291 -1.05164 1.00000
-1.06666 -0.06622 1.03118 0.02386 -1.01906 1.00000
-0.90857 -0.06294 0.98280 0.01130 -1.02763 1.00000
-1.09107 -0.06084 0.96877 0.05849 -1.09435 1.00000
-0.97742 -0.08105 0.99979 -0.03448 -1.07748 1.00000
-0.91168 0.04105 1.06446 0.09069 -0.96836 1.00000
-1.08308 0.04946 1.07739 -0.08837 -0.99866 1.00000
-0.99436 -0.03757 0.93658 0.05462 -0.94047 1.00000
-0.98490 -0.06952 0.91458 0.06192 -1.03789 1.00000
-0.98917 -0.07562 1.04088 0.04596 -0.90439 1.00000
-1.07427 0.06679 1.04429 0.05073 -1.08441 1.00000
-0.91633 0.03267 0.96391 0.06689 -1.01553 1.00000
-0.98493 0.09737 0.97868 0.03062 -0.94231 1.00000
-1.09503 -0.06780 1.01026 0.03575 -0.90282 1.00000
-1.04561 0.04674 0.99766 -0.02520 -1.05058 1.00000
-0.93163 0.08174 0.94519 0.08971 -0.98132 1.00000
-0.90720 0.05844 1.06212 -0.06798 -1.04859 1.00000
-0.94894 -0.01723 1.00108 0.08177 -0.97156 1.00000
-1.05014 0.07425 1.05202 0.02872 -0.90080 1.00000
-1.05469 0.02098 0.97227 -0.00521 -1.05587 1.00000
-1.03177 0.02025 1.07527 0.01520 -0.90106 1.00000
-0.91563 -0.06596 0.99665 -0.05779 -1.04782 1.00000
-1.00556 -0.04546 0.91124 -0.08969 -0.95089 1.00000
-1.08168 0.00579 1.05832 0.01797 -1.01679 1.00000
-1.07780 -0.08067 0.98804 -0.06143 -1.00582 1.00000
-0.91902 0.01285 0.96017 -0.05091 -1.03557 1.00000
-0.90042 -0.03647 0.90400 0.05740 -1.04264 1.00000
-0.93954 -0.05330 0.91284 0.05836 -1.06587 1.00000
-0.95985 -0.07614 1.09365 -0.05105 -0.94307 1.00000
-0.97338 0.06846 0.93851 0.05979 -0.97092 1.00000
-0.97312 0.04650 1.05522 -0.04952 -1.01548 1.00000
-1.05477 0.06861 0.99099 0.08406 -0.91968 1.00000
-0.98639 -0.01845 0.95667 -0.01366 -0.91541 1.00000
-0.97538 -0.04759 0.90989 -0.08107 -0.99832 1.00000
-1.08711 0.04972 0.97662 -0.05256 -0.90034 1.00000
-0.91642 0.03576 1.05673 0.06505 -1.01037 1.00000
-1.02793 0.00299 0.96009 0.03637 -0.97319 1.00000
-0.92660 0.05661 1.00264 -0.06528 -0.99471 1.00000
-1.07664 -0.08739 0.94571 -0.05580 -0.90293 1.00000
-1.03857 0.09314 0.94903 0.01501 -0.91673 1.00000
-1.08609 0.06296 0.90792 -0.05681 -1.08454 1.00000
-1.02520 0.02964 0.96018 0.00790 -1.04693 1.00000
-1.09075 0.08865 1.06689 0.01393 -0.90549 1.00000
-0.97192 0.01536 1.06509 0.09160 -1.02702 1.00000
-0.94740 -0.04000 1.01664 -0.07961 -0.95958 1.00000
-1.00816 0.04300 0.91028 0.04445 -1.03525 1.00000
-0.97087 -0.03670 0.97602 -0.05460 -1.02525 1.00000
-0.99122 0.00989 1.06873 0.07649 -0.93095 1.00000
-1.08591 -0.03409 0.91903 -0.02294 -0.94256 1.00000
-0.90250 -0.00674 0.90540 -0.05874 -0.91379 1.00000
-0.97278 0.07332 1.04592 -0.03552 -0.96513 1.00000
-1.00189 0.04215 1.01806 0.02443 -1.01668 1.00000
-0.91579 -0.09872 1.07285 0.08924 -1.08201 1.00000
-0.97303 0.09911 1.04983 -0.06167 -1.04856 1.00000
-1.02903 -0.06513 1.00543 -0.08378 -0.95393 1.00000
-0.99933 -0.06588 0.99123 0.05203 -0.96673 1.00000
-1.07211 -0.00580 1.03085 -0.02480 -0.92960 1.00000
-1.04827 0.02722 0.99665 0.03067 -1.07146 1.00000
-0.93531 -0.07382 0.96763 0.06369 -0.93132 1.00000
-0.95195 0.01127 0.91116 -0.05692 -0.95761 1.00000
-0.99514 0.09150 0.94479 -0.04295 -1.02844 1.00000
-1.02061 0.08510 0.99520 -0.02016 -1.02388 1.00000
-1.07953 0.03395 1.05114 0.01240 -1.02344 1.00000
-1.07032 -0.04866 0.99648 0.02207 -1.04929 1.00000
-0.97412 0.01514 1.09633 -0.00155 -0.94099 1.00000
-1.09327 0.08150 1.09168 -0.00342 -1.09669 1.00000
-0.95479 0.07339 1.08189 0.09930 -1.02314 1.00000
-0.97065 -0.06400 1.05566 -0.00960 -0.91088 1.00000
-0.96458 -0.08151 0.97932 0.00725 -1.08623 1.00000
-0.96988 0.08551 1.00895 -0.01783 -1.05990 1.00000
-0.97368 -0.00394 0.92229 -0.02658 -0.95472 1.00000
-1.08633 -0.01395 0.93241 -0.06130 -1.03433 1.00000
-0.95979 -0.03063 1.07692 -0.03397 -1.00503 1.00000
-0.96459 0.01154 1.04299 0.00602 -0.98521 1.00000
-0.99844 0.09462 1.07829 -0.07078 -0.93516 1.00000
-0.96213 -0.03913 1.02301 0.01922 -0.90759 1.00000
-0.98692 -0.01415 1.01170 0.02368 -0.93459 1.00000
-0.97744 0.08984 1.04336 0.09833 -0.93263 1.00000
-0.91305 -0.08569 0.99439 0.05414 -1.02309 1.00000
-0.95248 -0.02975 0.99702 0.02078 -1.08094 1.00000
-1.03701 -0.08936 1.04542 0.02324 -1.03399 1.00000
-1.02454 0.04564 1.08099 -0.06571 -0.96782 1.00000
-0.90023 -0.03848 1.03384 -0.04637 -0.92403 1.00000
-0.95145 -0.08253 0.97749 0.01891 -1.07139 1.00000
-1.03460 0.06415 1.04583 -0.07611 -1.08733 1.00000
-1.04046 -0.00641 0.91785 -0.03207 -1.08790 1.00000
-1.04106 0.05660 0.92472 -0.00702 -0.96835 1.00000
-0.94653 0.04580 0.99131 0.09071 -0.97289 1.00000
-0.95104 0.08055 0.99946 0.02885 -1.07564 1.00000
-1.00534 0.07083 1.08451 -0.01373 -1.05588 1.00000
-0.98203 -0.00695 0.93872 -0.03033 -1.02146 1.00000
-1.07872 0.06708 1.06545 -0.08896 -1.06146 1.00000
-1.09535 -0.00517 1.01500 -0.09072 -1.02417 1.00000
-0.98334 0.01313 1.00424 0.08794 -0.93134 1.00000
-1.02695 -0.03794 0.92320 -0.01489 -0.92941 1.00000
-1.03771 0.06773 0.99363 0.05967 -0.95527 1.00000
-1.07412 -0.01089 0.95038 0.06958 -0.98918 1.00000
-0.97849 -0.09534 0.95173 -0.06460 -1.03611 1.00000
-0.91342 -0.05666 0.95489 -0.03979 -0.98554 1.00000
-0.95449 0.00114 1.01879 0.07881 -1.05452 1.00000
-1.03239 0.06990 0.97739 -0.08997 -1.00650 1.00000
-0.90897 -0.09341 0.97019 0.00392 -1.09067 1.00000
-0.98916 0.05720 1.09928 -0.05901 -0.92966 1.00000
-1.05939 0.08374 0.97332 0.09531 -1.04416 1.00000
-0.90280 -0.07935 0.98239 -0.05856 -1.08479 1.00000
-1.01568 -0.01012 0.91433 -0.03829 -1.05849 1.00000
-1.00129 -0.09885 0.98749 0.07180 -0.90816 1.00000
-1.06832 0.08157 0.98264 0.00020 -1.06292 1.00000
-0.97392 0.06691 1.06428 0.07650 -1.00386 1.00000
-0.91423 0.01588 1.05386 0.07155 -1.04618 1.00000
-1.05971 -0.04820 1.02106 0.00522 -1.04380 1.00000
-1.02862 -0.00687 1.05208 0.04972 -1.01005 1.00000
-1.05770 0.02457 0.98743 -0.09785 -0.97125 1.00000
-1.05869 -0.01718 1.02239 -0.00202 -0.91354 1.00000
-1.01719 -0.06651 1.08628 -0.02940 -0.91019 1.00000
-0.92261 -0.02527 0.99306 0.06212 -0.96883 1.00000
-0.92274 -0.03821 0.96394 -0.09242 -1.03765 1.00000
-1.08357 -0.06055 0.98352 -0.00830 -0.91978 1.00000
-0.93451 -0.02072 1.02417 0.07641 -1.06186 1.00000
-0.97424 0.08577 1.07893 0.08819 -0.94344 1.00000
-1.01073 -0.00065 1.05997 0.07465 -0.99467 1.00000
-1.02420 0.00219 0.99839 -0.08399 -1.06768 1.00000
-1.04951 0.02074 0.98588 -0.04532 -0.98746 1.00000
-0.90943 -0.03314 0.92608 0.03792 -1.05812 1.00000
-0.94440 0.92585 -0.94134 0.91628 -0.99768 2.00000
-1.02235 0.94682 -1.00368 1.04064 -0.93754 2.00000
-0.91615 0.95231 -0.98826 1.06834 -1.07599 2.00000
-0.95482 1.01715 -0.95922 0.97424 -1.01597 2.00000
-1.01999 1.04684 -0.95694 1.04928 -0.96551 2.00000
-0.92883 1.06688 -1.09279 0.90795 -0.93768 2.00000
-0.90486 1.05909 -1.03997 0.94410 -0.90459 2.00000
-1.01553 1.09967 -1.00309 0.97204 -1.09712 2.00000
-0.95182 0.93950 -1.07410 0.91545 -0.90044 2.00000
-0.99390 0.90371 -0.97979 0.93725 -1.00929 2.00000
-1.05417 1.00301 -0.90582 1.08269 -0.92229 2.00000
-0.95025 0.90702 -1.02635 0.93667 -1.01322 2.00000
-1.02707 0.93762 -1.08534 0.91747 -1.06496 2.00000
-0.91884 1.02779 -0.90710 0.99073 -1.05923 2.00000
-0.91023 1.06227 -0.97310 1.05114 -1.05902 2.00000
-0.97042 0.97222 -0.99868 0.98330 -1.08786 2.00000
-1.08871 1.07766 -1.06871 1.03079 -0.92017 2.00000
-0.97668 0.99793 -1.09222 1.02570 -0.90247 2.00000
-1.07194 1.07778 -0.99567 0.93000 -1.00295 2.00000
-0.98932 0.93990 -0.90408 0.98548 -0.98228 2.00000
-1.09703 0.93972 -0.91079 1.06190 -0.99048 2.00000
-1.04059 1.03359 -0.97200 0.91571 -1.09073 2.00000
-0.98154 0.92029 -0.96605 1.08345 -1.00534 2.00000
-1.03217 0.92140 -1.09303 0.94601 -1.05182 2.00000
-1.04201 0.95969 -1.05347 0.90513 -0.97474 2.00000
-0.91661 1.05207 -0.94430 1.02728 -1.06206 2.00000
-0.91202 1.01005 -1.06263 1.04715 -0.91268 2.00000
-0.94842 1.08299 -1.06156 1.06595 -0.93907 2.00000
-1.06293 0.93794 -1.01787 0.91705 -0.91196 2.00000
-1.09300 0.98580 -0.96050 0.93486 -1.03188 2.00000
-1.09730 1.07850 -1.01618 1.00543 -1.03045 2.00000
-0.94837 1.09377 -1.00885 1.02706 -1.07847 2.00000
-0.99187 1.01627 -1.02658 0.99456 -1.09224 2.00000
-1.05780 1.00066 -0.94223 0.97920 -1.04972 2.00000
-1.05117 0.90130 -0.94370 1.01487 -0.98477 2.00000
-0.96373 1.02693 -0.99559 0.99158 -0.95305 2.00000
-0.92687 1.03962 -0.92730 1.03646 -1.03584 2.00000
-1.02027 0.90055 -1.01218 0.99025 -1.02847 2.00000
-1.04536 0.97684 -1.01770 0.97900 -0.97096 2.00000
-1.05548 0.97908 -0.96185 1.05087 -0.91425 2.00000
-0.96955 1.09743 -0.93313 1.08793 -0.95563 2.00000
-0.96967 0.98176 -1.05500 0.97505 -0.93194 2.00000
-1.07875 0.95388 -0.99955 0.97127 -1.00190 2.00000
-0.93364 0.97171 -1.09763 0.94593 -0.93630 2.00000
-0.92395 0.91393 -1.08202 0.95016 -1.05211 2.00000
-0.92858 0.93761 -0.93846 1.06905 -0.98142 2.00000
-0.90008 0.93090 -0.93223 0.95215 -1.01658 2.00000
-1.05405 0.98000 -1.09229 1.02404 -0.99940 2.00000
-0.96767 0.95145 -0.96010 0.94024 -0.91719 2.00000
-0.94713 1.01237 -0.92521 1.05939 -1.06831 2.00000
-0.97449 1.05626 -1.06923 0.98493 -1.02674 2.00000
-1.07779 0.95721 -0.95302 1.09806 -1.00989 2.00000
-1.04151 0.93886 -0.93813 0.97316 -1.08771 2.00000
-0.95164 1.04150 -0.98513 0.98576 -1.09801 2.00000
-1.01764 0.92242 -1.03124 1.00544 -0.96111 2.00000
-0.97004 0.94457 -0.93550 1.07241 -0.94261 2.00000
-1.03378 1.02572 -0.94130 1.03386 -0.91633 2.00000
-0.98731 0.93776 -0.98916 1.01054 -0.90551 2.00000
-0.95580 1.08497 -0.90955 0.92728 -1.04286 2.00000
-1.06609 1.07342 -0.97306 0.91736 -0.98668 2.00000
-1.08513 0.90773 -0.90132 1.01341 -1.01662 2.00000
-0.96977 1.02479 -0.97116 1.05379 -0.90521 2.00000
-1.04624 0.90030 -0.90767 0.92818 -1.00886 2.00000
-0.90390 1.08624 -1.00509 1.07909 -0.95920 2.00000
-0.95497 0.90588 -0.99393 1.04296 -1.08765 2.00000
-1.09335 0.95612 -0.92738 0.92202 -0.98825 2.00000
-1.05723 0.95570 -1.03063 0.94661 -1.06237 2.00000
-0.99233 1.00308 -0.91948 1.02583 -1.07723 2.00000
-0.94405 0.95022 -1.06133 1.06069 -1.05292 2.00000
-1.03147 0.90491 -0.97766 0.94865 -1.06879 2.00000
-0.97581 1.05526 -0.97365 0.96943 -0.95148 2.00000
-1.07170 1.04096 -1.05281 1.03579 -1.00086 2.00000
-1.07484 1.00292 -1.02484 1.03144 -0.99371 2.00000
-0.91228 0.99605 -0.98983 1.04020 -0.93458 2.00000
-0.96813 1.04103 -0.97251 0.93825 -1.07912 2.00000
-1.08301 1.01569 -1.07969 0.98258 -1.09932 2.00000
-0.92485 0.94863 -1.01765 0.99709 -1.05164 2.00000
-1.06666 0.93378 -0.96882 1.02386 -1.01906 2.00000
-0.90857 0.93706 -1.01720 1.01130 -1.02763 2.00000
-1.09107 0.93916 -1.03123 1.05849 -1.09435 2.00000
-0.97742 0.91895 -1.00021 0.96552 -1.07748 2.00000
-0.91168 1.04105 -0.93554 1.09069 -0.96836 2.00000
-1.08308 1.04946 -0.92261 0.91163 -0.99866 2.00000
-0.99436 0.96243 -1.06342 1.05462 -0.94047 2.00000
-0.98490 0.93048 -1.08542 1.06192 -1.03789 2.00000
-0.98917 0.92438 -0.95912 1.04596 -0.90439 2.00000
-1.07427 1.06679 -0.95571 1.05073 -1.08441 2.00000
-0.91633 1.03267 -1.03609 1.06689 -1.01553 2.00000
-0.98493 1.09737 -1.02132 1.03062 -0.94231 2.00000
-1.09503 0.93220 -0.98974 1.03575 -0.90282 2.00000
-1.04561 1.04674 -1.00234 0.97480 -1.05058 2.00000
-0.93163 1.08174 -1.05481 1.08971 -0.98132 2.00000
-0.90720 1.05844 -0.93788 0.93202 -1.04859 2.00000
-0.94894 0.98277 -0.99892 1.08177 -0.97156 2.00000
-1.05014 1.07425 -0.94798 1.02872 -0.90080 2.00000
-1.05469 1.02098 -1.02773 0.99479 -1.05587 2.00000
-1.03177 1.02025 -0.92473 1.01520 -0.90106 2.00000
-0.91563 0.93404 -1.00335 0.94221 -1.04782 2.00000
-1.00556 0.95454 -1.08876 0.91031 -0.95089 2.00000
-1.08168 1.00579 -0.94168 1.01797 -1.01679 2.00000
-1.07780 0.91933 -1.01196 0.93857 -1.00582 2.00000
-0.91902 1.01285 -1.03983 0.94909 -1.03557 2.00000
-0.90042 0.96353 -1.09600 1.05740 -1.04264 2.00000
-0.93954 0.94670 -1.08716 1.05836 -1.06587 2.00000
-0.95985 0.92386 -0.90635 0.94895 -0.94307 2.00000
-0.97338 1.06846 -1.06149 1.05979 -0.97092 2.00000
-0.97312 1.04650 -0.94478 0.95048 -1.01548 2.00000
-1.05477 1.06861 -1.00901 1.08406 -0.91968 2.00000
-0.98639 0.98155 -1.04333 0.98634 -0.91541 2.00000
-0.97538 0.95241 -1.09011 0.91893 -0.99832 2.00000
-1.08711 1.04972 -1.02338 0.94744 -0.90034 2.00000
-0.91642 1.03576 -0.94327 1.06505 -1.01037 2.00000
-1.02793 1.00299 -1.03991 1.03637 -0.97319 2.00000
-0.92660 1.05661 -0.99736 0.93472 -0.99471 2.00000
-1.07664 0.91261 -1.05429 0.94420 -0.90293 2.00000
-1.03857 1.09314 -1.05097 1.01501 -0.91673 2.00000
-1.08609 1.06296 -1.09208 0.94319 -1.08454 2.00000
-1.02520 1.02964 -1.03982 1.00790 -1.04693 2.00000
-1.09075 1.08865 -0.93311 1.01393 -0.90549 2.00000
-0.97192 1.01536 -0.93491 1.09160 -1.02702 2.00000
-0.94740 0.96000 -0.98336 0.92039 -0.95958 2.00000
-1.00816 1.04300 -1.08972 1.04445 -1.03525 2.00000
-0.97087 0.96330 -1.02398 0.94540 -1.02525 2.00000
-0.99122 1.00989 -0.93127 1.07649 -0.93095 2.00000
-1.08591 0.96591 -1.08097 0.97706 -0.94256 2.00000
-0.90250 0.99326 -1.09460 0.94126 -0.91379 2.00000
-0.97278 1.07332 -0.95408 0.96448 -0.96513 2.00000
-1.00189 1.04215 -0.98194 1.02443 -1.01668 2.00000
-0.91579 0.90128 -0.92715 1.08924 -1.08201 2.00000
-0.97303 1.09911 -0.95017 0.93833 -1.04856 2.00000
-1.02903 0.93487 -0.99457 0.91622 -0.95393 2.00000
-0.99933 0.93412 -1.00877 1.05203 -0.96673 2.00000
-1.07211 0.99420 -0.96915 0.97520 -0.92960 2.00000
-1.04827 1.02722 -1.00335 1.03067 -1.07146 2.00000
-0.93531 0.92618 -1.03237 1.06369 -0.93132 2.00000
-0.95195 1.01127 -1.08884 0.94308 -0.95761 2.00000
-0.99514 1.09150 -1.05521 0.95705 -1.02844 2.00000
-1.02061 1.08510 -1.00480 0.97984 -1.02388 2.00000
-1.07953 1.03395 -0.94886 1.01240 -1.02344 2.00000
-1.07032 0.95134 -1.00352 1.02207 -1.04929 2.00000
-0.97412 1.01514 -0.90367 0.99845 -0.94099 2.00000
-1.09327 1.08150 -0.90832 0.99658 -1.09669 2.00000
-0.95479 1.07339 -0.91811 1.09930 -1.02314 2.00000
-0.97065 0.93600 -0.94434 0.99040 -0.91088 2.00000
-0.96458 0.91849 -1.02068 1.00725 -1.08623 2.00000
-0.96988 1.08551 -0.99105 0.98217 -1.05990 2.00000
-0.97368 0.99606 -1.07771 0.97342 -0.95472 2.00000
-1.08633 0.98605 -1.06759 0.93870 -1.03433 2.00000
-0.95979 0.96937 -0.92308 0.96603 -1.00503 2.00000
-0.96459 1.01154 -0.95701 1.00602 -0.98521 2.00000
-0.99844 1.09462 -0.92171 0.92922 -0.93516 2.00000
-0.96213 0.96087 -0.97699 1.01922 -0.90759 2.00000
-0.98692 0.98585 -0.98830 1.02368 -0.93459 2.00000
-0.97744 1.08984 -0.95664 1.09833 -0.93263 2.00000
-0.91305 0.91431 -1.00561 1.05414 -1.02309 2.00000
-0.95248 0.97025 -1.00298 1.02078 -1.08094 2.00000
-1.03701 0.91064 -0.95458 1.02324 -1.03399 2.00000
-1.02454 1.04564 -0.91901 0.93429 -0.96782 2.00000
-0.90023 0.96152 -0.96616 0.95363 -0.92403 2.00000
-0.95145 0.91747 -1.02251 1.01891 -1.07139 2.00000
-1.03460 1.06415 -0.95417 0.92389 -1.08733 2.00000
-1.04046 0.99359 -1.08215 0.96793 -1.08790 2.00000
-1.04106 1.05660 -1.07528 0.99298 -0.96835 2.00000
-0.94653 1.04580 -1.00869 1.09071 -0.97289 2.00000
-0.95104 1.08055 -1.00054 1.02885 -1.07564 2.00000
-1.00534 1.07083 -0.91549 0.98627 -1.05588 2.00000
-0.98203 0.99305 -1.06128 0.96967 -1.02146 2.00000
-1.07872 1.06708 -0.93455 0.91104 -1.06146 2.00000
-1.09535 0.99483 -0.98500 0.90928 -1.02417 2.00000
-0.98334 1.01313 -0.99576 1.08794 -0.93134 2.00000
-1.02695 0.96206 -1.07680 0.98511 -0.92941 2.00000
-1.03771 1.06773 -1.00637 1.05967 -0.95527 2.00000
-1.07412 0.98911 -1.04962 1.06958 -0.98918 2.00000
-0.97849 0.90466 -1.04827 0.93540 -1.03611 2.00000
-0.91342 0.94334 -1.04511 0.96021 -0.98554 2.00000
-0.95449 1.00114 -0.98121 1.07881 -1.05452 2.00000
-1.03239 1.06990 -1.02261 0.91003 -1.00650 2.00000
-0.90897 0.90659 -1.02981 1.00392 -1.09067 2.00000
-0.98916 1.05720 -0.90072 0.94099 -0.92966 2.00000
-1.05939 1.08374 -1.02668 1.09531 -1.04416 2.00000
-0.90280 0.92065 -1.01761 0.94144 -1.08479 2.00000
-1.01568 0.98988 -1.08567 0.96171 -1.05849 2.00000
-1.00129 0.90115 -1.01251 1.07180 -0.90816 2.00000
-1.06832 1.08157 -1.01736 1.00020 -1.06292 2.00000
-0.97392 1.06691 -0.93572 1.07650 -1.00386 2.00000
-0.91423 1.01588 -0.94614 1.07155 -1.04618 2.00000
-1.05971 0.95180 -0.97894 1.00522 -1.04380 2.00000
-1.02862 0.99313 -0.94792 1.04972 -1.01005 2.00000
-1.05770 1.02457 -1.01257 0.90215 -0.97125 2.00000
-1.05869 0.98282 -0.97761 0.99798 -0.91354 2.00000
-1.01719 0.93349 -0.91372 0.97060 -0.91019 2.00000
-0.92261 0.97473 -1.00694 1.06212 -0.96883 2.00000
-0.92274 0.96179 -1.03606 0.90758 -1.03765 2.00000
-1.08357 0.93945 -1.01648 0.99170 -0.91978 2.00000
-0.93451 0.97928 -0.97583 1.07641 -1.06186 2.00000
-0.97424 1.08577 -0.92107 1.08819 -0.94344 2.00000
-1.01073 0.99935 -0.94003 1.07465 -0.99467 2.00000
-1.02420 1.00219 -1.00161 0.91601 -1.06768 2.00000
-1.04951 1.02074 -1.01412 0.95468 -0.98746 2.00000
-0.90943 0.96686 -1.07392 1.03792 -1.05812 2.00000
-0.44440 -0.57415 -0.44134 -0.58372 -0.49768 3.00000
-0.52235 -0.55318 -0.50368 -0.45936 -0.43754 3.00000
-0.41615 -0.54769 -0.48826 -0.43166 -0.57599 3.00000
-0.45482 -0.48285 -0.45922 -0.52576 -0.51597 3.00000
-0.51999 -0.45316 -0.45694 -0.45072 -0.46551 3.00000
-0.42883 -0.43312 -0.59279 -0.59205 -0.43768 3.00000
-0.40486 -0.44091 -0.53997 -0.55590 -0.40459 3.00000
-0.51553 -0.40033 -0.50309 -0.52796 -0.59712 3.00000
-0.45182 -0.56050 -0.57410 -0.58455 -0.40044 3.00000
-0.49390 -0.59629 -0.47979 -0.56275 -0.50929 3.00000
-0.55417 -0.49699 -0.40582 -0.41731 -0.42229 3.00000
-0.45025 -0.59298 -0.52635 -0.56333 -0.51322 3.00000
-0.52707 -0.56238 -0.58534 -0.58253 -0.56496 3.00000
-0.41884 -0.47221 -0.40710 -0.50927 -0.55923 3.00000
-0.41023 -0.43773 -0.47310 -0.44886 -0.55902 3.00000
-0.47042 -0.52778 -0.49868 -0.51670 -0.58786 3.00000
-0.58871 -0.42234 -0.56871 -0.46921 -0.42017 3.00000
-0.47668 -0.50207 -0.59222 -0.47430 -0.40247 3.00000
-0.57194 -0.42222 -0.49567 -0.57000 -0.50295 3.00000
-0.48932 -0.56010 -0.40408 -0.51452 -0.48228 3.00000
-0.59703 -0.56028 -0.41079 -0.43810 -0.49048 3.00000
-0.54059 -0.46641 -0.47200 -0.58429 -0.59073 3.00000
-0.48154 -0.57971 -0.46605 -0.41655 -0.50534 3.00000
-0.53217 -0.57860 -0.59303 -0.55399 -0.55182 3.00000
-0.54201 -0.54031 -0.55347 -0.59487 -0.47474 3.00000
-0.41661 -0.44793 -0.44430 -0.47272 -0.56206 3.00000
-0.41202 -0.48995 -0.56263 -0.45285 -0.41268 3.00000
-0.44842 -0.41701 -0.56156 -0.43405 -0.43907 3.00000
-0.56293 -0.56206 -0.51787 -0.58295 -0.41196 3.00000
-0.59300 -0.51420 -0.46050 -0.56514 -0.53188 3.00000
-0.59730 -0.42150 -0.51618 -0.49457 -0.53045 3.00000
-0.44837 -0.40623 -0.50885 -0.47294 -0.57847 3.00000
-0.49187 -0.48373 -0.52658 -0.50544 -0.59224 3.00000
-0.55780 -0.49934 -0.44223 -0.52080 -0.54972 3.00000
-0.55117 -0.59870 -0.44370 -0.48513 -0.48477 3.00000
-0.46373 -0.47307 -0.49559 -0.50842 -0.45305 3.00000
-0.42687 -0.46038 -0.42730 -0.46354 -0.53584 3.00000
-0.52027 -0.59945 -0.51218 -0.50975 -0.52847 3.00000
-0.54536 -0.52316 -0.51770 -0.52100 -0.47096 3.00000
-0.55548 -0.52092 -0.46185 -0.44913 -0.41425 3.00000
-0.46955 -0.40257 -0.43313 -0.41207 -0.45563 3.00000
-0.46967 -0.51824 -0.55500 -0.52495 -0.43194 3.00000
-0.57875 -0.54612 -0.49955 -0.52873 -0.50190 3.00000
-0.43364 -0.52829 -0.59763 -0.55407 -0.43630 3.00000
-0.42395 -0.58607 -0.58202 -0.54984 -0.55211 3.00000
-0.42858 -0.56239 -0.43846 -0.43095 -0.48142 3.00000
-0.40008 -0.56910 -0.43223 -0.54785 -0.51658 3.00000
-0.55405 -0.52000 -0.59229 -0.47596 -0.49940 3.00000
-0.46767 -0.54855 -0.46010 -0.55976 -0.41719 3.00000
-0.44713 -0.48763 -0.42521 -0.44061 -0.56831 3.00000
-0.47449 -0.44374 -0.56923 -0.51507 -0.52674 3.00000
-0.57779 -0.54279 -0.45302 -0.40194 -0.50989 3.00000
-0.54151 -0.56114 -0.43813 -0.52684 -0.58771 3.00000
-0.45164 -0.45850 -0.48513 -0.51424 -0.59801 3.00000
-0.51764 -0.57758 -0.53124 -0.49456 -0.46111 3.00000
-0.47004 -0.55543 -0.43550 -0.42759 -0.44261 3.00000
-0.53378 -0.47428 -0.44130 -0.46614 -0.41633 3.00000
-0.48731 -0.56224 -0.48916 -0.48946 -0.40551 3.00000
-0.45580 -0.41503 -0.40955 -0.57272 -0.54286 3.00000
-0.56609 -0.42658 -0.47306 -0.58264 -0.48668 3.00000
-0.58513 -0.59227 -0.40132 -0.48659 -0.51662 3.00000
-0.46977 -0.47521 -0.47116 -0.44621 -0.40521 3.00000
-0.54624 -0.59970 -0.40767 -0.57182 -0.50886 3.00000
-0.40390 -0.41376 -0.50509 -0.42091 -0.45920 3.00000
-0.45497 -0.59412 -0.49393 -0.45704 -0.58765 3.00000
-0.59335 -0.54388 -0.42738 -0.57798 -0.48825 3.00000
-0.55723 -0.54430 -0.53063 -0.55339 -0.56237 3.00000
-0.49233 -0.49692 -0.41948 -0.47417 -0.57723 3.00000
-0.44405 -0.54978 -0.56133 -0.43931 -0.55292 3.00000
-0.53147 -0.59509 -0.47766 -0.55135 -0.56879 3.00000
-0.47581 -0.44474 -0.47365 -0.53057 -0.45148 3.00000
-0.57170 -0.45904 -0.55281 -0.46421 -0.50086 3.00000
-0.57484 -0.49708 -0.52484 -0.46856 -0.49371 3.00000
-0.41228 -0.50395 -0.48983 -0.45980 -0.43458 3.00000
-0.46813 -0.45897 -0.47251 -0.56175 -0.57912 3.00000
-0.58301 -0.48431 -0.57969 -0.51742 -0.59932 3.00000
-0.42485 -0.55137 -0.51765 -0.50291 -0.55164 3.00000
-0.56666 -0.56622 -0.46882 -0.47614 -0.51906 3.00000
-0.40857 -0.56294 -0.51720 -0.48870 -0.52763 3.00000
-0.59107 -0.56084 -0.53123 -0.44151 -0.59435 3.00000
-0.47742 -0.58105 -0.50021 -0.53448 -0.57748 3.00000
-0.41168 -0.45895 -0.43554 -0.40931 -0.46836 3.00000
-0.58308 -0.45054 -0.42261 -0.58837 -0.49866 3.00000
-0.49436 -0.53757 -0.56342 -0.44538 -0.44047 3.00000
-0.48490 -0.56952 -0.58542 -0.43808 -0.53789 3.00000
-0.48917 -0.57562 -0.45912 -0.45404 -0.40439 3.00000
-0.57427 -0.43321 -0.45571 -0.44927 -0.58441 3.00000
-0.41633 -0.46733 -0.53609 -0.43311 -0.51553 3.00000
-0.48493 -0.40263 -0.52132 -0.46938 -0.44231 3.00000
-0.59503 -0.56780 -0.48974 -0.46425 -0.40282 3.00000
-0.54561 -0.45326 -0.50234 -0.52520 -0.55058 3.00000
-0.43163 -0.41826 -0.55481 -0.41029 -0.48132 3.00000
-0.40720 -0.44156 -0.43788 -0.56798 -0.54859 3.00000
-0.44894 -0.51723 -0.49892 -0.41823 -0.47156 3.00000
-0.55014 -0.42575 -0.44798 -0.47128 -0.40080 3.00000
-0.55469 -0.47902 -0.52773 -0.50521 -0.55587 3.00000
-0.53177 -0.47975 -0.42473 -0.48480 -0.40106 3.00000
-0.41563 -0.56596 -0.50335 -0.55779 -0.54782 3.00000
-0.50556 -0.54546 -0.58876 -0.58969 -0.45089 3.00000
-0.58168 -0.49421 -0.44168 -0.48203 -0.51679 3.00000
-0.57780 -0.58067 -0.51196 -0.56143 -0.50582 3.00000
-0.41902 -0.48715 -0.53983 -0.55091 -0.53557 3.00000
-0.40042 -0.53647 -0.59600 -0.44260 -0.54264 3.00000
-0.43954 -0.55330 -0.58716 -0.44164 -0.56587 3.00000
-0.45985 -0.57614 -0.40635 -0.55105 -0.44307 3.00000
-0.47338 -0.43154 -0.56149 -0.44021 -0.47092 3.00000
-0.47312 -0.45350 -0.44478 -0.54952 -0.51548 3.00000
-0.55477 -0.43139 -0.50901 -0.41594 -0.41968 3.00000
-0.48639 -0.51845 -0.54333 -0.51366 -0.41541 3.00000
-0.47538 -0.54759 -0.59011 -0.58107 -0.49832 3.00000
-0.58711 -0.45028 -0.52338 -0.55256 -0.40034 3.00000
-0.41642 -0.46424 -0.44327 -0.43495 -0.51037 3.00000
-0.52793 -0.49701 -0.53991 -0.46363 -0.47319 3.00000
-0.42660 -0.44339 -0.49736 -0.56528 -0.49471 3.00000
-0.57664 -0.58739 -0.55429 -0.55580 -0.40293 3.00000
-0.53857 -0.40686 -0.55097 -0.48499 -0.41673 3.00000
-0.58609 -0.43704 -0.59208 -0.55681 -0.58454 3.00000
-0.52520 -0.47036 -0.53982 -0.49210 -0.54693 3.00000
-0.59075 -0.41135 -0.43311 -0.48607 -0.40549 3.00000
-0.47192 -0.48464 -0.43491 -0.40840 -0.52702 3.00000
-0.44740 -0.54000 -0.48336 -0.57961 -0.45958 3.00000
-0.50816 -0.45700 -0.58972 -0.45555 -0.53525 3.00000
-0.47087 -0.53670 -0.52398 -0.55460 -0.52525 3.00000
-0.49122 -0.49011 -0.43127 -0.42351 -0.43095 3.00000
-0.58591 -0.53409 -0.58097 -0.52294 -0.44256 3.00000
-0.40250 -0.50674 -0.59460 -0.55874 -0.41379 3.00000
-0.47278 -0.42668 -0.45408 -0.53552 -0.46513 3.00000
-0.50189 -0.45785 -0.48194 -0.47557 -0.51668 3.00000
-0.41579 -0.59872 -0.42715 -0.41076 -0.58201 3.00000
-0.47303 -0.40089 -0.45017 -0.56167 -0.54856 3.00000
-0.52903 -0.56513 -0.49457 -0.58378 -0.45393 3.00000
-0.49933 -0.56588 -0.50877 -0.44797 -0.46673 3.00000
-0.57211 -0.50580 -0.46915 -0.52480 -0.42960 3.00000
-0.54827 -0.47278 -0.50335 -0.46933 -0.57146 3.00000
-0.43531 -0.57382 -0.53237 -0.43631 -0.43132 3.00000
-0.45195 -0.48873 -0.58884 -0.55692 -0.45761 3.00000
-0.49514 -0.40850 -0.55521 -0.54295 -0.52844 3.00000
-0.52061 -0.41490 -0.50480 -0.52016 -0.52388 3.00000
-0.57953 -0.46605 -0.44886 -0.48760 -0.52344 3.00000
-0.57032 -0.54866 -0.50352 -0.47793 -0.54929 3.00000
-0.47412 -0.48486 -0.40367 -0.50155 -0.44099 3.00000
-0.59327 -0.41850 -0.40832 -0.50342 -0.59669 3.00000
-0.45479 -0.42661 -0.41811 -0.40070 -0.52314 3.00000
-0.47065 -0.56400 -0.44434 -0.50960 -0.41088 3.00000
-0.46458 -0.58151 -0.52068 -0.49275 -0.58623 3.00000
-0.46988 -0.41449 -0.49105 -0.51783 -0.55990 3.00000
-0.47368 -0.50394 -0.57771 -0.52658 -0.45472 3.00000
-0.58633 -0.51395 -0.56759 -0.56130 -0.53433 3.00000
-0.45979 -0.53063 -0.42308 -0.53397 -0.50503 3.00000
-0.46459 -0.48846 -0.45701 -0.49398 -0.48521 3.00000
-0.49844 -0.40538 -0.42171 -0.57078 -0.43516 3.00000
-0.46213 -0.53913 -0.47699 -0.48078 -0.40759 3.00000
-0.48692 -0.51415 -0.48830 -0.47632 -0.43459 3.00000
-0.47744 -0.41016 -0.45664 -0.40167 -0.43263 3.00000
-0.41305 -0.58569 -0.50561 -0.44586 -0.52309 3.00000
-0.45248 -0.52975 -0.50298 -0.47922 -0.58094 3.00000
-0.53701 -0.58936 -0.45458 -0.47676 -0.53399 3.00000
-0.52454 -0.45436 -0.41901 -0.56571 -0.46782 3.00000
-0.40023 -0.53848 -0.46616 -0.54637 -0.42403 3.00000
-0.45145 -0.58253 -0.52251 -0.48109 -0.57139 3.00000
-0.53460 -0.43585 -0.45417 -0.57611 -0.58733 3.00000
-0.54046 -0.50641 -0.58215 -0.53207 -0.58790 3.00000
-0.54106 -0.44340 -0.57528 -0.50702 -0.46835 3.00000
-0.44653 -0.45420 -0.50869 -0.40929 -0.47289 3.00000
-0.45104 -0.41945 -0.50054 -0.47115 -0.57564 3.00000
-0.50534 -0.42917 -0.41549 -0.51373 -0.55588 3.00000
-0.48203 -0.50695 -0.56128 -0.53033 -0.52146 3.00000
-0.57872 -0.43292 -0.43455 -0.58896 -0.56146 3.00000
-0.59535 -0.50517 -0.48500 -0.59072 -0.52417 3.00000
-0.48334 -0.48687 -0.49576 -0.41206 -0.43134 3.00000
-0.52695 -0.53794 -0.57680 -0.51489 -0.42941 3.00000
-0.53771 -0.43227 -0.50637 -0.44033 -0.45527 3.00000
-0.57412 -0.51089 -0.54962 -0.43042 -0.48918 3.00000
-0.47849 -0.59534 -0.54827 -0.56460 -0.53611 3.00000
-0.41342 -0.55666 -0.54511 -0.53979 -0.48554 3.00000
-0.45449 -0.49886 -0.48121 -0.42119 -0.55452 3.00000
-0.53239 -0.43010 -0.52261 -0.58997 -0.50650 3.00000
-0.40897 -0.59341 -0.52981 -0.49608 -0.59067 3.00000
-0.48916 -0.44280 -0.40072 -0.55901 -0.42966 3.00000
-0.55939 -0.41626 -0.52668 -0.40469 -0.54416 3.00000
-0.40280 -0.57935 -0.51761 -0.55856 -0.58479 3.00000
-0.51568 -0.51012 -0.58567 -0.53829 -0.55849 3.00000
-0.50129 -0.59885 -0.51251 -0.42820 -0.40816 3.00000
-0.56832 -0.41843 -0.51736 -0.49980 -0.56292 3.00000
-0.47392 -0.43309 -0.43572 -0.42350 -0.50386 3.00000
-0.41423 -0.48412 -0.44614 -0.42845 -0.54618 3.00000
-0.55971 -0.54820 -0.47894 -0.49478 -0.54380 3.00000
-0.52862 -0.50687 -0.44792 -0.45028 -0.51005 3.00000
-0.55770 -0.47543 -0.51257 -0.59785 -0.47125 3.00000
-0.55869 -0.51718 -0.47761 -0.50202 -0.41354 3.00000
-0.51719 -0.56651 -0.41372 -0.52940 -0.41019 3.00000
-0.42261 -0.52527 -0.50694 -0.43788 -0.46883 3.00000
-0.42274 -0.53821 -0.53606 -0.59242 -0.53765 3.00000
-0.58357 -0.56055 -0.51648 -0.50830 -0.41978 3.00000
-0.43451 -0.52072 -0.47583 -0.42359 -0.56186 3.00000
-0.47424 -0.41423 -0.42107 -0.41181 -0.44344 3.00000
-0.51073 -0.50065 -0.44003 -0.42535 -0.49467 3.00000
-0.52420 -0.49781 -0.50161 -0.58399 -0.56768 3.00000
-0.54951 -0.47926 -0.51412 -0.54532 -0.48746 3.00000
-0.40943 -0.53314 -0.57392 -0.46208 -0.55812 3.00000
