# x(1-9),y
-0.22241 1.29659 -0.23462 -0.66511 -0.00927 0.00000
0.08940 1.21273 0.01473 -1.16256 -0.24982 0.00000
-0.33541 1.19075 -0.04695 -1.27335 0.30395 0.00000
-0.18073 0.93139 -0.16314 -0.89697 0.06387 0.00000
0.07994 0.81266 -0.17225 -1.19713 -0.13795 0.00000
-0.28467 0.73249 0.37114 -0.63182 -0.24927 0.00000
-0.38055 0.76364 0.15987 -0.77639 -0.38165 0.00000
0.06213 0.60131 0.01238 -0.88816 0.38850 0.00000
-0.19272 1.24200 0.29639 -0.66180 -0.39823 0.00000
-0.02441 1.38517 -0.08084 -0.74901 0.03717 0.00000
0.21668 0.98794 -0.37671 -1.33078 -0.31084 0.00000
-0.19900 1.37193 0.10541 -0.74667 0.05287 0.00000
0.10828 1.24952 0.34135 -0.66990 0.25985 0.00000
-0.32464 0.88884 -0.37159 -0.96291 0.23691 0.00000
-0.35909 0.75093 -0.10762 -1.20457 0.23607 0.00000
-0.11832 1.11110 -0.00527 -0.93320 0.35144 0.00000
0.35483 0.68935 0.27484 -1.12318 -0.31934 0.00000
-0.09327 1.00828 0.36888 -1.10279 -0.39010 0.00000
0.28777 0.68889 -0.01733 -0.72002 0.01179 0.00000
-0.04271 1.24038 -0.38369 -0.94191 -0.07089 0.00000
0.38811 1.24112 -0.35683 -1.24762 -0.03806 0.00000
0.16235 0.86564 -0.11201 -0.66282 0.36290 0.00000
-0.07385 1.31886 -0.13580 -1.33381 0.02137 0.00000
0.12868 1.31439 0.37213 -0.78405 0.20728 0.00000
0.16804 1.16124 0.21387 -0.62052 -0.10103 0.00000
-0.33356 0.79171 -0.22281 -1.10912 0.24825 0.00000
-0.35192 0.95979 0.25054 -1.18861 -0.34928 0.00000
-0.20631 0.66806 0.24622 -1.26380 -0.24372 0.00000
0.25171 1.24823 0.07150 -0.66821 -0.35214 0.00000
0.37200 1.05678 -0.15799 -0.73944 0.12753 0.00000
0.38920 0.68599 0.06473 -1.02174 0.12182 0.00000
-0.20651 0.62490 0.03539 -1.10823 0.31387 0.00000
-0.03252 0.93492 0.10632 -0.97826 0.36897 0.00000
0.23121 0.99736 -0.23109 -0.91681 0.19886 0.00000
0.20469 1.39480 -0.22520 -1.05949 -0.06092 0.00000
-0.14508 0.89227 -0.01765 -0.96633 -0.18782 0.00000
-0.29251 0.84151 -0.29082 -1.14584 0.14335 0.00000
0.08107 1.39778 0.04873 -0.96102 0.11388 0.00000
0.18143 1.09265 0.07080 -0.91600 -0.11617 0.00000
0.22191 1.08368 -0.15262 -1.20350 -0.34299 0.00000
-0.12182 0.61028 -0.26749 -1.35171 -0.17748 0.00000
-0.12133 1.07298 0.22001 -0.90020 -0.27226 0.00000
0.31501 1.18447 -0.00179 -0.88509 0.00758 0.00000
-0.26543 1.11317 0.39053 -0.78374 -0.25482 0.00000
-0.30418 1.34427 0.32808 -0.80065 0.20843 0.00000
-0.28570 1.24956 -0.24618 -1.27620 -0.07434 0.00000
-0.39969 1.27641 -0.27109 -0.80860 0.06633 0.00000
0.21621 1.07999 0.36917 -1.09618 -0.00239 0.00000
-0.12933 1.19420 -0.15960 -0.76097 -0.33124 0.00000
-0.21147 0.95054 -0.29916 -1.23757 0.27323 0.00000
-0.10205 0.77495 0.27691 -0.93970 0.10697 0.00000
0.31114 1.17117 -0.18791 -1.39223 0.03957 0.00000
0.16602 1.24456 -0.24747 -0.89263 0.35084 0.00000
-0.19345 0.83398 -0.05948 -0.94306 0.39204 0.00000
0.07056 1.31032 0.12497 -1.02178 -0.15556 0.00000
-0.11986 1.22171 -0.25799 -1.28965 -0.22956 0.00000
0.13513 0.89712 -0.23480 -1.13544 -0.33470 0.00000
-0.05077 1.24897 -0.04337 -1.04215 -0.37798 0.00000
-0.17682 0.66014 -0.36181 -0.70913 0.17145 0.00000
0.26435 0.70632 -0.10777 -0.66943 -0.05329 0.00000
0.34052 1.36909 -0.39471 -1.05366 0.06649 0.00000
-0.12094 0.90083 -0.11534 -1.21517 -0.37917 0.00000
0.18495 1.39881 -0.36933 -0.71272 0.03544 0.00000
-0.38438 0.65505 0.02036 -1.31635 -0.16320 0.00000
-0.18013 1.37648 -0.02427 -1.17186 0.35059 0.00000
0.37338 1.17552 -0.29050 -0.68808 -0.04699 0.00000
0.22890 1.17719 0.12253 -0.78642 0.24946 0.00000
-0.03067 0.98770 -0.32209 -1.10331 0.30891 0.00000
-0.22378 1.19913 0.24530 -1.24275 0.21168 0.00000
0.12588 1.38037 -0.08937 -0.79460 0.27516 0.00000
-0.09674 0.77895 -0.10541 -0.87774 -0.19409 0.00000
0.28680 0.83615 0.21123 -1.14317 0.00346 0.00000
0.29935 0.98832 0.09935 -1.12575 -0.02514 0.00000
-0.35087 1.01581 -0.04068 -1.16081 -0.26170 0.00000
-0.12747 0.83588 -0.10997 -0.75300 0.31648 0.00000
0.33203 0.93724 0.31876 -0.93034 0.39729 0.00000
-0.30059 1.20547 0.07061 -0.98835 0.20657 0.00000
0.26663 1.26487 -0.12470 -1.09546 0.07623 0.00000
-0.36570 1.25176 0.06882 -1.04520 0.11051 0.00000
0.36428 1.24337 0.12492 -1.23397 0.37739 0.00000
-0.09031 1.32419 0.00084 -0.86207 0.30992 0.00000
-0.35329 0.83580 -0.25785 -1.36275 -0.12655 0.00000
0.33232 0.80217 -0.30957 -0.64652 -0.00535 0.00000
-0.02257 1.15028 0.25367 -1.21847 -0.23812 0.00000
-0.06040 1.27807 0.34170 -1.24768 0.15157 0.00000
-0.04331 1.30249 -0.16351 -1.18384 -0.38245 0.00000
0.29708 0.73285 -0.17718 -1.20294 0.33764 0.00000
-0.33470 0.86933 0.14435 -1.26755 0.06213 0.00000
-0.06027 0.61051 0.08528 -1.12247 -0.23078 0.00000
0.38012 1.27119 -0.04103 -1.14300 -0.38872 0.00000
0.18246 0.81306 0.00935 -0.89918 0.20232 0.00000
-0.27348 0.67305 0.21925 -1.35883 -0.07471 0.00000
-0.37118 0.76623 -0.24848 -0.72808 0.19435 0.00000
-0.20426 1.06893 -0.00432 -1.32707 -0.11375 0.00000
0.20056 0.70301 -0.20808 -1.11486 -0.39678 0.00000
0.21876 0.91607 0.11093 -0.97917 0.22349 0.00000
0.12708 0.91901 -0.30107 -1.06080 -0.39577 0.00000
-0.33747 1.26385 0.01342 -0.76884 0.19129 0.00000
0.02224 1.18184 0.35506 -0.64126 -0.19645 0.00000
0.32671 0.97682 -0.23329 -1.07188 0.06714 0.00000
0.31120 1.32270 0.04782 -0.75427 0.02329 0.00000
-0.32394 0.94859 0.15933 -0.79636 0.14228 0.00000
-0.39832 1.14587 0.38402 -1.22960 0.17057 0.00000
-0.24185 1.21319 0.34864 -1.23344 0.26347 0.00000
-0.16060 1.30456 -0.37458 -0.79582 -0.22771 0.00000
-0.10649 0.72617 0.24594 -1.23916 -0.11634 0.00000
-0.10752 0.81402 -0.22086 -0.80191 0.06191 0.00000
0.21909 0.72556 0.03605 -1.33624 -0.32127 0.00000
-0.05442 1.07380 0.17331 -0.94537 -0.33836 0.00000
-0.09848 1.19034 0.36044 -0.67574 -0.00673 0.00000
0.34842 0.80111 0.09353 -0.78975 -0.39866 0.00000
-0.33430 0.85694 -0.22692 -1.26019 0.04147 0.00000
0.11170 0.98802 0.15965 -1.14546 -0.10722 0.00000
-0.29360 0.77356 -0.01055 -0.73888 -0.02116 0.00000
0.30654 1.34957 0.21717 -0.77679 -0.38828 0.00000
0.15428 0.62746 0.20390 -1.06006 -0.33309 0.00000
0.34435 0.74817 0.36831 -0.77274 0.33815 0.00000
0.10081 0.88142 0.15930 -1.03161 0.18771 0.00000
0.36300 0.64539 -0.26755 -1.05571 -0.37804 0.00000
-0.11232 0.93854 -0.26038 -1.36641 0.10808 0.00000
-0.21039 1.16000 -0.06656 -0.68155 -0.16169 0.00000
0.03262 0.82800 0.35886 -1.17779 0.14099 0.00000
-0.11651 1.14679 0.09590 -0.78161 0.10100 0.00000
-0.03512 0.96046 -0.27491 -1.30595 -0.27620 0.00000
0.34363 1.13637 0.32389 -0.90824 -0.22975 0.00000
-0.38999 1.02694 0.37840 -0.76504 -0.34486 0.00000
-0.10886 0.70672 -0.18367 -0.85790 -0.13948 0.00000
0.00756 0.83140 -0.07225 -1.09774 0.06673 0.00000
-0.33684 1.39489 -0.29141 -1.35695 0.32802 0.00000
-0.10790 0.60358 -0.19930 -0.75333 0.19426 0.00000
0.11612 1.26052 -0.02174 -0.66488 -0.18428 0.00000
-0.00268 1.26350 0.03508 -1.20813 -0.13308 0.00000
0.28842 1.02320 -0.12338 -0.90078 -0.28159 0.00000
0.19310 0.89110 0.01338 -1.12267 0.28583 0.00000
-0.25877 1.29530 0.12948 -1.25474 -0.27472 0.00000
-0.19221 0.95493 0.35535 -0.77232 -0.16956 0.00000
-0.01944 0.63399 0.22083 -0.82819 0.11378 0.00000
0.08242 0.65961 0.01918 -0.91935 0.09551 0.00000
0.31812 0.86419 -0.20458 -1.04960 0.09376 0.00000
0.28129 1.19463 0.01409 -1.08829 0.19715 0.00000
-0.10350 0.93944 -0.38531 -0.99379 -0.23604 0.00000
0.37308 0.67398 -0.36670 -0.98632 0.38677 0.00000
-0.18084 0.70646 -0.32757 -1.39721 0.09257 0.00000
-0.11741 1.25601 -0.22264 -0.96160 -0.35648 0.00000
-0.14168 1.32603 0.08274 -1.02901 0.34493 0.00000
-0.12047 0.65797 -0.03580 -0.92869 0.23960 0.00000
-0.10528 1.01577 0.31085 -0.89368 -0.18111 0.00000
0.34530 1.05578 0.27036 -0.75479 0.13733 0.00000
-0.16085 1.12250 -0.30770 -0.86414 0.02014 0.00000
-0.14164 0.95385 -0.17195 -1.02407 -0.05916 0.00000
-0.00625 0.62153 -0.31317 -0.71687 -0.25936 0.00000
-0.15147 1.15650 -0.09203 -1.07689 -0.36963 0.00000
-0.05233 1.05658 -0.04680 -1.09472 -0.26163 0.00000
-0.09023 0.64066 -0.17346 -1.39331 -0.26948 0.00000
-0.34780 1.34276 0.02244 -1.21657 0.09235 0.00000
-0.19010 1.11898 0.01193 -1.08312 0.32374 0.00000
0.14803 1.35744 -0.18169 -1.09295 0.13595 0.00000
0.09816 0.81746 -0.32395 -0.73717 -0.12871 0.00000
-0.39906 1.15393 -0.13534 -0.81453 -0.30390 0.00000
-0.19419 1.33010 0.09004 -1.07562 0.28557 0.00000
0.13841 0.74339 -0.18333 -0.69558 0.34933 0.00000
0.16186 1.02566 0.32859 -0.87173 0.35162 0.00000
0.16424 0.77359 0.30110 -0.97192 -0.12661 0.00000
-0.21386 0.81680 0.03476 -1.36285 -0.10846 0.00000
-0.19585 0.67779 0.00215 -1.11538 0.30255 0.00000
0.02137 0.71667 -0.33804 -0.94508 0.22353 0.00000
-0.07189 1.02779 0.24510 -0.87867 0.08585 0.00000
0.31490 0.73169 -0.26179 -0.64416 0.24582 0.00000
0.38141 1.02067 -0.06002 -0.63713 0.09669 0.00000
-0.06663 0.94749 -0.01697 -1.35174 -0.27463 0.00000
0.10780 1.15174 0.30720 -0.94045 -0.28234 0.00000
0.15083 0.72907 0.02549 -1.23866 -0.17894 0.00000
0.29649 1.04356 0.19848 -1.27832 -0.04327 0.00000
-0.08605 1.38137 0.19307 -0.74159 0.14443 0.00000
-0.34631 1.22665 0.18043 -0.84085 -0.05784 0.00000
-0.18204 0.99546 -0.07516 -1.31524 0.21807 0.00000
0.12954 0.72041 0.09043 -0.64014 0.02598 0.00000
-0.36411 1.37364 0.11923 -1.01569 0.36270 0.00000
-0.04337 0.77121 -0.39712 -0.76397 -0.28135 0.00000
0.23756 0.66505 0.10671 -1.38125 0.17664 0.00000
-0.38878 1.31739 0.07045 -0.76574 0.33917 0.00000
0.06272 1.04048 0.34267 -0.84682 0.23397 0.00000
0.00514 1.39540 0.05005 -1.28718 -0.36736 0.00000
0.27329 0.67372 0.06944 -1.00079 0.25166 0.00000
-0.10431 0.73235 -0.25712 -1.30601 0.01545 0.00000
-0.34307 0.93647 -0.21545 -1.28621 0.18472 0.00000
0.23882 1.19281 -0.08426 -1.02090 0.17520 0.00000
0.11450 1.02749 -0.20833 -1.19889 0.04020 0.00000
0.23079 0.90173 0.05028 -0.60860 -0.11501 0.00000
0.23477 1.06872 -0.08956 -0.99193 -0.34586 0.00000
0.06875 1.26603 -0.34511 -0.88240 -0.35923 0.00000
-0.30954 1.10107 0.02775 -1.24847 -0.12466 0.00000
-0.30904 1.15286 0.14423 -0.63031 0.15059 0.00000
0.33429 1.24219 0.06590 -0.96680 -0.32089 0.00000
-0.26195 1.08288 -0.09668 -1.30564 0.24743 0.00000
-0.10304 0.65693 -0.31571 -1.35278 -0.22623 0.00000
0.04291 1.00262 -0.23986 -1.29861 -0.02133 0.00000
0.09681 0.99125 0.00642 -0.66404 0.27072 0.00000
0.19805 0.91704 0.05647 -0.81871 -0.05017 0.00000
-0.36226 1.13258 0.29568 -1.15169 0.23247 0.00000
0.77759 0.29659 -1.23462 0.33489 0.99073 1.00000
1.08940 0.21273 -0.98527 -0.16256 0.75018 1.00000
0.66459 0.19075 -1.04695 -0.27335 1.30395 1.00000
0.81927 -0.06861 -1.16314 0.10303 1.06387 1.00000
1.07994 -0.18734 -1.17225 -0.19713 0.86205 1.00000
0.71533 -0.26751 -0.62886 0.36818 0.75073 1.00000
0.61945 -0.23636 -0.84013 0.22361 0.61835 1.00000
1.06213 -0.39869 -0.98762 0.11184 1.38850 1.00000
0.80728 0.24200 -0.70361 0.33820 0.60177 1.00000
0.97559 0.38517 -1.08084 0.25099 1.03717 1.00000
1.21668 -0.01206 -1.37671 -0.33078 0.68916 1.00000
0.80100 0.37193 -0.89459 0.25333 1.05287 1.00000
1.10828 0.24952 -0.65865 0.33010 1.25985 1.00000
0.67536 -0.11116 -1.37159 0.03709 1.23691 1.00000
0.64091 -0.24907 -1.10762 -0.20457 1.23607 1.00000
0.88168 0.11110 -1.00527 0.06680 1.35144 1.00000
1.35483 -0.31065 -0.72516 -0.12318 0.68066 1.00000
0.90673 0.00828 -0.63112 -0.10279 0.60990 1.00000
1.28777 -0.31111 -1.01733 0.27998 1.01179 1.00000
0.95729 0.24038 -1.38369 0.05809 0.92911 1.00000
1.38811 0.24112 -1.35683 -0.24762 0.96194 1.00000
1.16235 -0.13436 -1.11201 0.33718 1.36290 1.00000
0.92615 0.31886 -1.13580 -0.33381 1.02137 1.00000
1.12868 0.31439 -0.62787 0.21595 1.20728 1.00000
1.16804 0.16124 -0.78613 0.37948 0.89897 1.00000
0.66644 -0.20829 -1.22281 -0.10912 1.24825 1.00000
0.64808 -0.04021 -0.74946 -0.18861 0.65072 1.00000
0.79369 -0.33194 -0.75378 -0.26380 0.75628 1.00000
1.25171 0.24823 -0.92850 0.33179 0.64786 1.00000
1.37200 0.05678 -1.15799 0.26056 1.12753 1.00000
1.38920 -0.31401 -0.93527 -0.02174 1.12182 1.00000
0.79349 -0.37510 -0.96461 -0.10823 1.31387 1.00000
0.96748 -0.06508 -0.89368 0.02174 1.36897 1.00000
1.23121 -0.00264 -1.23109 0.08319 1.19886 1.00000
1.20469 0.39480 -1.22520 -0.05949 0.93908 1.00000
0.85492 -0.10773 -1.01765 0.03367 0.81218 1.00000
0.70749 -0.15849 -1.29082 -0.14584 1.14335 1.00000
1.08107 0.39778 -0.95127 0.03898 1.11388 1.00000
1.18143 0.09265 -0.92920 0.08400 0.88383 1.00000
1.22191 0.08368 -1.15262 -0.20350 0.65701 1.00000
0.87818 -0.38972 -1.26749 -0.35171 0.82252 1.00000
0.87867 0.07298 -0.77999 0.09980 0.72774 1.00000
1.31501 0.18447 -1.00179 0.11491 1.00758 1.00000
0.73457 0.11317 -0.60947 0.21626 0.74518 1.00000
0.69582 0.34427 -0.67192 0.19935 1.20843 1.00000
0.71430 0.24956 -1.24618 -0.27620 0.92566 1.00000
0.60031 0.27641 -1.27109 0.19140 1.06633 1.00000
1.21621 0.07999 -0.63083 -0.09618 0.99761 1.00000
0.87067 0.19420 -1.15960 0.23903 0.66876 1.00000
0.78853 -0.04946 -1.29916 -0.23757 1.27323 1.00000
0.89795 -0.22505 -0.72309 0.06030 1.10697 1.00000
1.31114 0.17117 -1.18791 -0.39223 1.03957 1.00000
1.16602 0.24456 -1.24747 0.10737 1.35084 1.00000
0.80655 -0.16602 -1.05948 0.05694 1.39204 1.00000
1.07056 0.31032 -0.87503 -0.02178 0.84444 1.00000
0.88014 0.22171 -1.25799 -0.28965 0.77044 1.00000
1.13513 -0.10288 -1.23480 -0.13544 0.66530 1.00000
0.94923 0.24897 -1.04337 -0.04215 0.62202 1.00000
0.82318 -0.33986 -1.36181 0.29087 1.17145 1.00000
1.26435 -0.29368 -1.10777 0.33057 0.94671 1.00000
1.34052 0.36909 -1.39471 -0.05366 1.06649 1.00000
0.87906 -0.09917 -1.11534 -0.21517 0.62083 1.00000
1.18495 0.39881 -1.36933 0.28728 1.03544 1.00000
0.61562 -0.34495 -0.97964 -0.31635 0.83680 1.00000
0.81987 0.37648 -1.02427 -0.17186 1.35059 1.00000
1.37338 0.17552 -1.29050 0.31192 0.95301 1.00000
1.22890 0.17719 -0.87747 0.21358 1.24946 1.00000
0.96933 -0.01230 -1.32209 -0.10331 1.30891 1.00000
0.77622 0.19913 -0.75470 -0.24275 1.21168 1.00000
1.12588 0.38037 -1.08937 0.20540 1.27516 1.00000
0.90326 -0.22105 -1.10541 0.12226 0.80591 1.00000
1.28680 -0.16385 -0.78877 -0.14317 1.00346 1.00000
1.29935 -0.01168 -0.90065 -0.12575 0.97486 1.00000
0.64913 0.01581 -1.04068 -0.16081 0.73830 1.00000
0.87253 -0.16412 -1.10997 0.24700 1.31648 1.00000
1.33203 -0.06276 -0.68124 0.06966 1.39729 1.00000
0.69941 0.20547 -0.92939 0.01165 1.20657 1.00000
1.26663 0.26487 -1.12470 -0.09546 1.07623 1.00000
0.63430 0.25176 -0.93118 -0.04520 1.11051 1.00000
1.36428 0.24337 -0.87508 -0.23397 1.37739 1.00000
0.90969 0.32419 -0.99916 0.13793 1.30992 1.00000
0.64671 -0.16420 -1.25785 -0.36275 0.87345 1.00000
1.33232 -0.19783 -1.30957 0.35348 0.99465 1.00000
0.97743 0.15028 -0.74633 -0.21847 0.76188 1.00000
0.93960 0.27807 -0.65830 -0.24768 1.15157 1.00000
0.95669 0.30249 -1.16351 -0.18384 0.61755 1.00000
1.29708 -0.26715 -1.17718 -0.20294 1.33764 1.00000
0.66530 -0.13067 -0.85565 -0.26755 1.06213 1.00000
0.93973 -0.38949 -0.91472 -0.12247 0.76922 1.00000
1.38012 0.27119 -1.04103 -0.14300 0.61128 1.00000
1.18246 -0.18694 -0.99065 0.10082 1.20232 1.00000
0.72652 -0.32695 -0.78075 -0.35883 0.92529 1.00000
0.62882 -0.23377 -1.24848 0.27192 1.19435 1.00000
0.79574 0.06893 -1.00432 -0.32707 0.88625 1.00000
1.20056 -0.29699 -1.20808 -0.11486 0.60322 1.00000
1.21876 -0.08393 -0.88907 0.02083 1.22349 1.00000
1.12708 -0.08099 -1.30107 -0.06080 0.60423 1.00000
0.66253 0.26385 -0.98658 0.23116 1.19129 1.00000
1.02224 0.18184 -0.64494 0.35874 0.80355 1.00000
1.32671 -0.02318 -1.23329 -0.07188 1.06714 1.00000
1.31120 0.32270 -0.95218 0.24573 1.02329 1.00000
0.67606 -0.05141 -0.84067 0.20364 1.14228 1.00000
0.60168 0.14587 -0.61598 -0.22960 1.17057 1.00000
0.75815 0.21319 -0.65136 -0.23344 1.26347 1.00000
0.83940 0.30456 -1.37458 0.20418 0.77229 1.00000
0.89351 -0.27383 -0.75406 -0.23916 0.88366 1.00000
0.89248 -0.18598 -1.22086 0.19809 1.06191 1.00000
1.21909 -0.27444 -0.96395 -0.33624 0.67873 1.00000
0.94558 0.07380 -0.82669 0.05463 0.66164 1.00000
0.90152 0.19034 -0.63956 0.32426 0.99327 1.00000
1.34842 -0.19889 -0.90647 0.21025 0.60134 1.00000
0.66570 -0.14306 -1.22692 -0.26019 1.04147 1.00000
1.11170 -0.01198 -0.84035 -0.14546 0.89278 1.00000
0.70640 -0.22644 -1.01055 0.26112 0.97884 1.00000
1.30654 0.34957 -0.78283 0.22321 0.61172 1.00000
1.15428 -0.37254 -0.79610 -0.06006 0.66691 1.00000
1.34435 -0.25183 -0.63169 0.22726 1.33815 1.00000
1.10081 -0.11858 -0.84070 -0.03161 1.18771 1.00000
1.36300 -0.35461 -1.26755 -0.05571 0.62196 1.00000
0.88768 -0.06146 -1.26038 -0.36641 1.10808 1.00000
0.78961 0.16000 -1.06656 0.31845 0.83831 1.00000
1.03262 -0.17200 -0.64114 -0.17779 1.14099 1.00000
0.88349 0.14679 -0.90410 0.21839 1.10100 1.00000
0.96488 -0.03954 -1.27491 -0.30595 0.72380 1.00000
1.34363 0.13637 -0.67611 0.09176 0.77025 1.00000
0.61001 0.02694 -0.62160 0.23496 0.65514 1.00000
0.89114 -0.29328 -1.18367 0.14210 0.86052 1.00000
1.00756 -0.16860 -1.07225 -0.09774 1.06673 1.00000
0.66316 0.39489 -1.29141 -0.35695 1.32802 1.00000
0.89210 -0.39642 -1.19930 0.24667 1.19426 1.00000
1.11612 0.26052 -1.02174 0.33512 0.81572 1.00000
0.99732 0.26350 -0.96492 -0.20813 0.86692 1.00000
1.28842 0.02320 -1.12338 0.09922 0.71841 1.00000
1.19310 -0.10890 -0.98662 -0.12267 1.28583 1.00000
0.74123 0.29530 -0.87052 -0.25474 0.72528 1.00000
0.80779 -0.04507 -0.64465 0.22768 0.83044 1.00000
0.98056 -0.36601 -0.77917 0.17181 1.11378 1.00000
1.08242 -0.34039 -0.98082 0.08065 1.09551 1.00000
1.31812 -0.13581 -1.20458 -0.04960 1.09376 1.00000
1.28129 0.19463 -0.98591 -0.08829 1.19715 1.00000
0.89650 -0.06056 -1.38531 0.00621 0.76396 1.00000
1.37308 -0.32602 -1.36670 0.01368 1.38677 1.00000
0.81916 -0.29354 -1.32757 -0.39721 1.09257 1.00000
0.88259 0.25601 -1.22264 0.03840 0.64352 1.00000
0.85832 0.32603 -0.91726 -0.02901 1.34493 1.00000
0.87953 -0.34203 -1.03580 0.07131 1.23960 1.00000
0.89472 0.01577 -0.68915 0.10632 0.81889 1.00000
1.34530 0.05578 -0.72964 0.24521 1.13733 1.00000
0.83915 0.12250 -1.30770 0.13586 1.02014 1.00000
0.85836 -0.04615 -1.17195 -0.02407 0.94084 1.00000
0.99375 -0.37847 -1.31317 0.28313 0.74064 1.00000
0.84853 0.15650 -1.09203 -0.07689 0.63037 1.00000
0.94767 0.05658 -1.04680 -0.09472 0.73837 1.00000
0.90977 -0.35934 -1.17346 -0.39331 0.73052 1.00000
0.65220 0.34276 -0.97756 -0.21657 1.09235 1.00000
0.80990 0.11898 -0.98807 -0.08312 1.32374 1.00000
1.14803 0.35744 -1.18169 -0.09295 1.13595 1.00000
1.09816 -0.18254 -1.32395 0.26283 0.87129 1.00000
0.60094 0.15393 -1.13534 0.18547 0.69610 1.00000
0.80581 0.33010 -0.90996 -0.07562 1.28557 1.00000
1.13841 -0.25661 -1.18333 0.30442 1.34933 1.00000
1.16186 0.02566 -0.67141 0.12827 1.35162 1.00000
1.16424 -0.22641 -0.69890 0.02808 0.87339 1.00000
0.78614 -0.18320 -0.96524 -0.36285 0.89154 1.00000
0.80415 -0.32221 -0.99785 -0.11538 1.30255 1.00000
1.02137 -0.28333 -1.33804 0.05492 1.22353 1.00000
0.92811 0.02779 -0.75490 0.12133 1.08585 1.00000
1.31490 -0.26831 -1.26179 0.35584 1.24582 1.00000
1.38141 0.02067 -1.06002 0.36287 1.09669 1.00000
0.93337 -0.05251 -1.01697 -0.35174 0.72537 1.00000
1.10780 0.15174 -0.69280 0.05955 0.71766 1.00000
1.15083 -0.27093 -0.97451 -0.23866 0.82106 1.00000
1.29649 0.04356 -0.80152 -0.27832 0.95673 1.00000
0.91395 0.38137 -0.80693 0.25841 1.14443 1.00000
0.65369 0.22665 -0.81957 0.15915 0.94216 1.00000
0.81796 -0.00454 -1.07516 -0.31524 1.21807 1.00000
1.12954 -0.27959 -0.90957 0.35986 1.02598 1.00000
0.63589 0.37364 -0.88077 -0.01569 1.36270 1.00000
0.95663 -0.22879 -1.39712 0.23603 0.71865 1.00000
1.23756 -0.33495 -0.89329 -0.38125 1.17664 1.00000
0.61122 0.31739 -0.92955 0.23426 1.33917 1.00000
1.06272 0.04048 -0.65733 0.15318 1.23397 1.00000
1.00514 0.39540 -0.94995 -0.28718 0.63264 1.00000
1.27329 -0.32628 -0.93056 -0.00079 1.25166 1.00000
0.89569 -0.26765 -1.25712 -0.30601 1.01545 1.00000
0.65693 -0.06353 -1.21545 -0.28621 1.18472 1.00000
1.23882 0.19281 -1.08426 -0.02090 1.17520 1.00000
1.11450 0.02749 -1.20833 -0.19889 1.04020 1.00000
1.23079 -0.09827 -0.94972 0.39140 0.88499 1.00000
1.23477 0.06872 -1.08956 0.00807 0.65414 1.00000
1.06875 0.26603 -1.34511 0.11760 0.64077 1.00000
0.69046 0.10107 -0.97225 -0.24847 0.87534 1.00000
0.69096 0.15286 -0.85577 0.36969 1.15059 1.00000
1.33429 0.24219 -0.93410 0.03320 0.67911 1.00000
0.73805 0.08288 -1.09668 -0.30564 1.24743 1.00000
0.89696 -0.34307 -1.31571 -0.35278 0.77377 1.00000
1.04291 0.00262 -1.23986 -0.29861 0.97867 1.00000
1.09681 -0.00875 -0.99358 0.33596 1.27072 1.00000
1.19805 -0.08296 -0.94353 0.18129 0.94983 1.00000
0.63774 0.13258 -0.70432 -0.15169 1.23247 1.00000
0.77759 -0.70341 0.76538 -0.66511 0.99073 2.00000
1.08940 -0.78727 1.01473 -1.16256 0.75018 2.00000
0.66459 -0.80925 0.95305 -1.27335 1.30395 2.00000
0.81927 -1.06861 0.83686 -0.89697 1.06387 2.00000
1.07994 -1.18734 0.82775 -1.19713 0.86205 2.00000
0.71533 -1.26751 1.37114 -0.63182 0.75073 2.00000
0.61945 -1.23636 1.15987 -0.77639 0.61835 2.00000
1.06213 -1.39869 1.01238 -0.88816 1.38850 2.00000
0.80728 -0.75800 1.29639 -0.66180 0.60177 2.00000
0.97559 -0.61483 0.91916 -0.74901 1.03717 2.00000
1.21668 -1.01206 0.62329 -1.33078 0.68916 2.00000
0.80100 -0.62807 1.10541 -0.74667 1.05287 2.00000
1.10828 -0.75048 1.34135 -0.66990 1.25985 2.00000
0.67536 -1.11116 0.62841 -0.96291 1.23691 2.00000
0.64091 -1.24907 0.89238 -1.20457 1.23607 2.00000
0.88168 -0.88890 0.99473 -0.93320 1.35144 2.00000
1.35483 -1.31065 1.27484 -1.12318 0.68066 2.00000
0.90673 -0.99172 1.36888 -1.10279 0.60990 2.00000
1.28777 -1.31111 0.98267 -0.72002 1.01179 2.00000
0.95729 -0.75962 0.61631 -0.94191 0.92911 2.00000
1.38811 -0.75888 0.64317 -1.24762 0.96194 2.00000
1.16235 -1.13436 0.88799 -0.66282 1.36290 2.00000
0.92615 -0.68114 0.86420 -1.33381 1.02137 2.00000
1.12868 -0.68561 1.37213 -0.78405 1.20728 2.00000
1.16804 -0.83876 1.21387 -0.62052 0.89897 2.00000
0.66644 -1.20829 0.77719 -1.10912 1.24825 2.00000
0.64808 -1.04021 1.25054 -1.18861 0.65072 2.00000
0.79369 -1.33194 1.24622 -1.26380 0.75628 2.00000
1.25171 -0.75177 1.07150 -0.66821 0.64786 2.00000
1.37200 -0.94322 0.84201 -0.73944 1.12753 2.00000
1.38920 -1.31401 1.06473 -1.02174 1.12182 2.00000
0.79349 -1.37510 1.03539 -1.10823 1.31387 2.00000
0.96748 -1.06508 1.10632 -0.97826 1.36897 2.00000
1.23121 -1.00264 0.76891 -0.91681 1.19886 2.00000
1.20469 -0.60520 0.77480 -1.05949 0.93908 2.00000
0.85492 -1.10773 0.98235 -0.96633 0.81218 2.00000
0.70749 -1.15849 0.70918 -1.14584 1.14335 2.00000
1.08107 -0.60222 1.04873 -0.96102 1.11388 2.00000
1.18143 -0.90735 1.07080 -0.91600 0.88383 2.00000
1.22191 -0.91632 0.84738 -1.20350 0.65701 2.00000
0.87818 -1.38972 0.73251 -1.35171 0.82252 2.00000
0.87867 -0.92702 1.22001 -0.90020 0.72774 2.00000
1.31501 -0.81553 0.99821 -0.88509 1.00758 2.00000
0.73457 -0.88683 1.39053 -0.78374 0.74518 2.00000
0.69582 -0.65573 1.32808 -0.80065 1.20843 2.00000
0.71430 -0.75044 0.75382 -1.27620 0.92566 2.00000
0.60031 -0.72359 0.72891 -0.80860 1.06633 2.00000
1.21621 -0.92001 1.36917 -1.09618 0.99761 2.00000
0.87067 -0.80580 0.84040 -0.76097 0.66876 2.00000
0.78853 -1.04946 0.70084 -1.23757 1.27323 2.00000
0.89795 -1.22505 1.27691 -0.93970 1.10697 2.00000
1.31114 -0.82883 0.81209 -1.39223 1.03957 2.00000
1.16602 -0.75544 0.75253 -0.89263 1.35084 2.00000
0.80655 -1.16602 0.94052 -0.94306 1.39204 2.00000
1.07056 -0.68968 1.12497 -1.02178 0.84444 2.00000
0.88014 -0.77829 0.74201 -1.28965 0.77044 2.00000
1.13513 -1.10288 0.76520 -1.13544 0.66530 2.00000
0.94923 -0.75103 0.95663 -1.04215 0.62202 2.00000
0.82318 -1.33986 0.63819 -0.70913 1.17145 2.00000
1.26435 -1.29368 0.89223 -0.66943 0.94671 2.00000
1.34052 -0.63091 0.60529 -1.05366 1.06649 2.00000
0.87906 -1.09917 0.88466 -1.21517 0.62083 2.00000
1.18495 -0.60119 0.63067 -0.71272 1.03544 2.00000
0.61562 -1.34495 1.02036 -1.31635 0.83680 2.00000
0.81987 -0.62352 0.97573 -1.17186 1.35059 2.00000
1.37338 -0.82448 0.70950 -0.68808 0.95301 2.00000
1.22890 -0.82281 1.12253 -0.78642 1.24946 2.00000
0.96933 -1.01230 0.67791 -1.10331 1.30891 2.00000
0.77622 -0.80087 1.24530 -1.24275 1.21168 2.00000
1.12588 -0.61963 0.91063 -0.79460 1.27516 2.00000
0.90326 -1.22105 0.89459 -0.87774 0.80591 2.00000
1.28680 -1.16385 1.21123 -1.14317 1.00346 2.00000
1.29935 -1.01168 1.09935 -1.12575 0.97486 2.00000
0.64913 -0.98419 0.95932 -1.16081 0.73830 2.00000
0.87253 -1.16412 0.89003 -0.75300 1.31648 2.00000
1.33203 -1.06276 1.31876 -0.93034 1.39729 2.00000
0.69941 -0.79453 1.07061 -0.98835 1.20657 2.00000
1.26663 -0.73513 0.87530 -1.09546 1.07623 2.00000
0.63430 -0.74824 1.06882 -1.04520 1.11051 2.00000
1.36428 -0.75663 1.12492 -1.23397 1.37739 2.00000
0.90969 -0.67581 1.00084 -0.86207 1.30992 2.00000
0.64671 -1.16420 0.74215 -1.36275 0.87345 2.00000
1.33232 -1.19783 0.69043 -0.64652 0.99465 2.00000
0.97743 -0.84972 1.25367 -1.21847 0.76188 2.00000
0.93960 -0.72193 1.34170 -1.24768 1.15157 2.00000
0.95669 -0.69751 0.83649 -1.18384 0.61755 2.00000
1.29708 -1.26715 0.82282 -1.20294 1.33764 2.00000
0.66530 -1.13067 1.14435 -1.26755 1.06213 2.00000
0.93973 -1.38949 1.08528 -1.12247 0.76922 2.00000
1.38012 -0.72881 0.95897 -1.14300 0.61128 2.00000
1.18246 -1.18694 1.00935 -0.89918 1.20232 2.00000
0.72652 -1.32695 1.21925 -1.35883 0.92529 2.00000
0.62882 -1.23377 0.75152 -0.72808 1.19435 2.00000
0.79574 -0.93107 0.99568 -1.32707 0.88625 2.00000
1.20056 -1.29699 0.79192 -1.11486 0.60322 2.00000
1.21876 -1.08393 1.11093 -0.97917 1.22349 2.00000
1.12708 -1.08099 0.69893 -1.06080 0.60423 2.00000
0.66253 -0.73615 1.01342 -0.76884 1.19129 2.00000
1.02224 -0.81816 1.35506 -0.64126 0.80355 2.00000
1.32671 -1.02318 0.76671 -1.07188 1.06714 2.00000
1.31120 -0.67730 1.04782 -0.75427 1.02329 2.00000
0.67606 -1.05141 1.15933 -0.79636 1.14228 2.00000
0.60168 -0.85413 1.38402 -1.22960 1.17057 2.00000
0.75815 -0.78681 1.34864 -1.23344 1.26347 2.00000
0.83940 -0.69544 0.62542 -0.79582 0.77229 2.00000
0.89351 -1.27383 1.24594 -1.23916 0.88366 2.00000
0.89248 -1.18598 0.77914 -0.80191 1.06191 2.00000
1.21909 -1.27444 1.03605 -1.33624 0.67873 2.00000
0.94558 -0.92620 1.17331 -0.94537 0.66164 2.00000
0.90152 -0.80966 1.36044 -0.67574 0.99327 2.00000
1.34842 -1.19889 1.09353 -0.78975 0.60134 2.00000
0.66570 -1.14306 0.77308 -1.26019 1.04147 2.00000
1.11170 -1.01198 1.15965 -1.14546 0.89278 2.00000
0.70640 -1.22644 0.98945 -0.73888 0.97884 2.00000
1.30654 -0.65043 1.21717 -0.77679 0.61172 2.00000
1.15428 -1.37254 1.20390 -1.06006 0.66691 2.00000
1.34435 -1.25183 1.36831 -0.77274 1.33815 2.00000
1.10081 -1.11858 1.15930 -1.03161 1.18771 2.00000
1.36300 -1.35461 0.73245 -1.05571 0.62196 2.00000
0.88768 -1.06146 0.73962 -1.36641 1.10808 2.00000
0.78961 -0.84000 0.93344 -0.68155 0.83831 2.00000
1.03262 -1.17200 1.35886 -1.17779 1.14099 2.00000
0.88349 -0.85321 1.09590 -0.78161 1.10100 2.00000
0.96488 -1.03954 0.72509 -1.30595 0.72380 2.00000
1.34363 -0.86363 1.32389 -0.90824 0.77025 2.00000
0.61001 -0.97306 1.37840 -0.76504 0.65514 2.00000
0.89114 -1.29328 0.81633 -0.85790 0.86052 2.00000
1.00756 -1.16860 0.92775 -1.09774 1.06673 2.00000
0.66316 -0.60511 0.70859 -1.35695 1.32802 2.00000
0.89210 -1.39642 0.80070 -0.75333 1.19426 2.00000
1.11612 -0.73948 0.97826 -0.66488 0.81572 2.00000
0.99732 -0.73650 1.03508 -1.20813 0.86692 2.00000
1.28842 -0.97680 0.87662 -0.90078 0.71841 2.00000
1.19310 -1.10890 1.01338 -1.12267 1.28583 2.00000
0.74123 -0.70470 1.12948 -1.25474 0.72528 2.00000
0.80779 -1.04507 1.35535 -0.77232 0.83044 2.00000
0.98056 -1.36601 1.22083 -0.82819 1.11378 2.00000
1.08242 -1.34039 1.01918 -0.91935 1.09551 2.00000
1.31812 -1.13581 0.79542 -1.04960 1.09376 2.00000
1.28129 -0.80537 1.01409 -1.08829 1.19715 2.00000
0.89650 -1.06056 0.61469 -0.99379 0.76396 2.00000
1.37308 -1.32602 0.63330 -0.98632 1.38677 2.00000
0.81916 -1.29354 0.67243 -1.39721 1.09257 2.00000
0.88259 -0.74399 0.77736 -0.96160 0.64352 2.00000
0.85832 -0.67397 1.08274 -1.02901 1.34493 2.00000
0.87953 -1.34203 0.96420 -0.92869 1.23960 2.00000
0.89472 -0.98423 1.31085 -0.89368 0.81889 2.00000
1.34530 -0.94422 1.27036 -0.75479 1.13733 2.00000
0.83915 -0.87750 0.69230 -0.86414 1.02014 2.00000
0.85836 -1.04615 0.82805 -1.02407 0.94084 2.00000
0.99375 -1.37847 0.68683 -0.71687 0.74064 2.00000
0.84853 -0.84350 0.90797 -1.07689 0.63037 2.00000
0.94767 -0.94342 0.95320 -1.09472 0.73837 2.00000
0.90977 -1.35934 0.82654 -1.39331 0.73052 2.00000
0.65220 -0.65724 1.02244 -1.21657 1.09235 2.00000
0.80990 -0.88102 1.01193 -1.08312 1.32374 2.00000
1.14803 -0.64256 0.81831 -1.09295 1.13595 2.00000
1.09816 -1.18254 0.67605 -0.73717 0.87129 2.00000
0.60094 -0.84607 0.86466 -0.81453 0.69610 2.00000
0.80581 -0.66990 1.09004 -1.07562 1.28557 2.00000
1.13841 -1.25661 0.81667 -0.69558 1.34933 2.00000
1.16186 -0.97434 1.32859 -0.87173 1.35162 2.00000
1.16424 -1.22641 1.30110 -0.97192 0.87339 2.00000
0.78614 -1.18320 1.03476 -1.36285 0.89154 2.00000
0.80415 -1.32221 1.00215 -1.11538 1.30255 2.00000
1.02137 -1.28333 0.66196 -0.94508 1.22353 2.00000
0.92811 -0.97221 1.24510 -0.87867 1.08585 2.00000
1.31490 -1.26831 0.73821 -0.64416 1.24582 2.00000
1.38141 -0.97933 0.93998 -0.63713 1.09669 2.00000
0.93337 -1.05251 0.98303 -1.35174 0.72537 2.00000
1.10780 -0.84826 1.30720 -0.94045 0.71766 2.00000
1.15083 -1.27093 1.02549 -1.23866 0.82106 2.00000
1.29649 -0.95644 1.19848 -1.27832 0.95673 2.00000
0.91395 -0.61863 1.19307 -0.74159 1.14443 2.00000
0.65369 -0.77335 1.18043 -0.84085 0.94216 2.00000
0.81796 -1.00454 0.92484 -1.31524 1.21807 2.00000
1.12954 -1.27959 1.09043 -0.64014 1.02598 2.00000
0.63589 -0.62636 1.11923 -1.01569 1.36270 2.00000
0.95663 -1.22879 0.60288 -0.76397 0.71865 2.00000
1.23756 -1.33495 1.10671 -1.38125 1.17664 2.00000
0.61122 -0.68261 1.07045 -0.76574 1.33917 2.00000
1.06272 -0.95952 1.34267 -0.84682 1.23397 2.00000
1.00514 -0.60460 1.05005 -1.28718 0.63264 2.00000
1.27329 -1.32628 1.06944 -1.00079 1.25166 2.00000
0.89569 -1.26765 0.74288 -1.30601 1.01545 2.00000
0.65693 -1.06353 0.78455 -1.28621 1.18472 2.00000
1.23882 -0.80719 0.91574 -1.02090 1.17520 2.00000
1.11450 -0.97251 0.79167 -1.19889 1.04020 2.00000
1.23079 -1.09827 1.05028 -0.60860 0.88499 2.00000
1.23477 -0.93128 0.91044 -0.99193 0.65414 2.00000
1.06875 -0.73397 0.65489 -0.88240 0.64077 2.00000
0.69046 -0.89893 1.02775 -1.24847 0.87534 2.00000
0.69096 -0.84714 1.14423 -0.63031 1.15059 2.00000
1.33429 -0.75781 1.06590 -0.96680 0.67911 2.00000
0.73805 -0.91712 0.90332 -1.30564 1.24743 2.00000
0.89696 -1.34307 0.68429 -1.35278 0.77377 2.00000
1.04291 -0.99738 0.76014 -1.29861 0.97867 2.00000
1.09681 -1.00875 1.00642 -0.66404 1.27072 2.00000
1.19805 -1.08296 1.05647 -0.81871 0.94983 2.00000
0.63774 -0.86742 1.29568 -1.15169 1.23247 2.00000
0.27759 0.79659 0.26538 0.83489 0.49073 3.00000
0.58940 0.71273 0.51473 0.33744 0.25018 3.00000
0.16459 0.69075 0.45305 0.22665 0.80395 3.00000
0.31927 0.43139 0.33686 0.60303 0.56387 3.00000
0.57994 0.31266 0.32775 0.30287 0.36205 3.00000
0.21533 0.23249 0.87114 0.86818 0.25073 3.00000
0.11945 0.26364 0.65987 0.72361 0.11835 3.00000
0.56213 0.10131 0.51238 0.61184 0.88850 3.00000
0.30728 0.74200 0.79639 0.83820 0.10177 3.00000
0.47559 0.88517 0.41916 0.75099 0.53717 3.00000
0.71668 0.48794 0.12329 0.16922 0.18916 3.00000
0.30100 0.87193 0.60541 0.75333 0.55287 3.00000
0.60828 0.74952 0.84135 0.83010 0.75985 3.00000
0.17536 0.38884 0.12841 0.53709 0.73691 3.00000
0.14091 0.25093 0.39238 0.29543 0.73607 3.00000
0.38168 0.61110 0.49473 0.56680 0.85144 3.00000
0.85483 0.18935 0.77484 0.37682 0.18066 3.00000
0.40673 0.50828 0.86888 0.39721 0.10990 3.00000
0.78777 0.18889 0.48267 0.77998 0.51179 3.00000
0.45729 0.74038 0.11631 0.55809 0.42911 3.00000
0.88811 0.74112 0.14317 0.25238 0.46194 3.00000
0.66235 0.36564 0.38799 0.83718 0.86290 3.00000
0.42615 0.81886 0.36420 0.16619 0.52137 3.00000
0.62868 0.81439 0.87213 0.71595 0.70728 3.00000
0.66804 0.66124 0.71387 0.87948 0.39897 3.00000
0.16644 0.29171 0.27719 0.39088 0.74825 3.00000
0.14808 0.45979 0.75054 0.31139 0.15072 3.00000
0.29369 0.16806 0.74622 0.23620 0.25628 3.00000
0.75171 0.74823 0.57150 0.83179 0.14786 3.00000
0.87200 0.55678 0.34201 0.76056 0.62753 3.00000
0.88920 0.18599 0.56473 0.47826 0.62182 3.00000
0.29349 0.12490 0.53539 0.39177 0.81387 3.00000
0.46748 0.43492 0.60632 0.52174 0.86897 3.00000
0.73121 0.49736 0.26891 0.58319 0.69886 3.00000
0.70469 0.89480 0.27480 0.44051 0.43908 3.00000
0.35492 0.39227 0.48235 0.53367 0.31218 3.00000
0.20749 0.34151 0.20918 0.35416 0.64335 3.00000
0.58107 0.89778 0.54873 0.53898 0.61388 3.00000
0.68143 0.59265 0.57080 0.58400 0.38383 3.00000
0.72191 0.58368 0.34738 0.29650 0.15701 3.00000
0.37818 0.11028 0.23251 0.14829 0.32252 3.00000
0.37867 0.57298 0.72001 0.59980 0.22774 3.00000
0.81501 0.68447 0.49821 0.61491 0.50758 3.00000
0.23457 0.61317 0.89053 0.71626 0.24518 3.00000
0.19582 0.84427 0.82808 0.69935 0.70843 3.00000
0.21430 0.74956 0.25382 0.22380 0.42566 3.00000
0.10031 0.77641 0.22891 0.69140 0.56633 3.00000
0.71621 0.57999 0.86917 0.40382 0.49761 3.00000
0.37067 0.69420 0.34040 0.73903 0.16876 3.00000
0.28853 0.45054 0.20084 0.26243 0.77323 3.00000
0.39795 0.27495 0.77691 0.56030 0.60697 3.00000
0.81114 0.67117 0.31209 0.10777 0.53957 3.00000
0.66602 0.74456 0.25253 0.60737 0.85084 3.00000
0.30655 0.33398 0.44052 0.55694 0.89204 3.00000
0.57056 0.81032 0.62497 0.47822 0.34444 3.00000
0.38014 0.72171 0.24201 0.21035 0.27044 3.00000
0.63513 0.39712 0.26520 0.36456 0.16530 3.00000
0.44923 0.74897 0.45663 0.45785 0.12202 3.00000
0.32318 0.16014 0.13819 0.79087 0.67145 3.00000
0.76435 0.20632 0.39223 0.83057 0.44671 3.00000
0.84052 0.86909 0.10529 0.44634 0.56649 3.00000
0.37906 0.40083 0.38466 0.28483 0.12083 3.00000
0.68495 0.89881 0.13067 0.78728 0.53544 3.00000
0.11562 0.15505 0.52036 0.18365 0.33680 3.00000
0.31987 0.87648 0.47573 0.32814 0.85059 3.00000
0.87338 0.67552 0.20950 0.81192 0.45301 3.00000
0.72890 0.67719 0.62253 0.71358 0.74946 3.00000
0.46933 0.48770 0.17791 0.39669 0.80891 3.00000
0.27622 0.69913 0.74530 0.25725 0.71168 3.00000
0.62588 0.88037 0.41063 0.70540 0.77516 3.00000
0.40326 0.27895 0.39459 0.62226 0.30591 3.00000
0.78680 0.33615 0.71123 0.35683 0.50346 3.00000
0.79935 0.48832 0.59935 0.37425 0.47486 3.00000
0.14913 0.51581 0.45932 0.33919 0.23830 3.00000
0.37253 0.33588 0.39003 0.74700 0.81648 3.00000
0.83203 0.43724 0.81876 0.56966 0.89729 3.00000
0.19941 0.70547 0.57061 0.51165 0.70657 3.00000
0.76663 0.76487 0.37530 0.40454 0.57623 3.00000
0.13430 0.75176 0.56882 0.45480 0.61051 3.00000
0.86428 0.74337 0.62492 0.26603 0.87739 3.00000
0.40969 0.82419 0.50084 0.63793 0.80992 3.00000
0.14671 0.33580 0.24215 0.13725 0.37345 3.00000
0.83232 0.30217 0.19043 0.85348 0.49465 3.00000
0.47743 0.65028 0.75367 0.28153 0.26188 3.00000
0.43960 0.77807 0.84170 0.25232 0.65157 3.00000
0.45669 0.80249 0.33649 0.31616 0.11755 3.00000
0.79708 0.23285 0.32282 0.29706 0.83764 3.00000
0.16530 0.36933 0.64435 0.23245 0.56213 3.00000
0.43973 0.11051 0.58528 0.37753 0.26922 3.00000
0.88012 0.77119 0.45897 0.35700 0.11128 3.00000
0.68246 0.31306 0.50935 0.60082 0.70232 3.00000
0.22652 0.17305 0.71925 0.14117 0.42529 3.00000
0.12882 0.26623 0.25152 0.77192 0.69435 3.00000
0.29574 0.56893 0.49568 0.17293 0.38625 3.00000
0.70056 0.20301 0.29192 0.38514 0.10322 3.00000
0.71876 0.41607 0.61093 0.52083 0.72349 3.00000
0.62708 0.41901 0.19893 0.43920 0.10423 3.00000
0.16253 0.76385 0.51342 0.73116 0.69129 3.00000
0.52224 0.68184 0.85506 0.85874 0.30355 3.00000
0.82671 0.47682 0.26671 0.42812 0.56714 3.00000
0.81120 0.82270 0.54782 0.74573 0.52329 3.00000
0.17606 0.44859 0.65933 0.70364 0.64228 3.00000
0.10168 0.64587 0.88402 0.27040 0.67057 3.00000
0.25815 0.71319 0.84864 0.26656 0.76347 3.00000
0.33940 0.80456 0.12542 0.70418 0.27229 3.00000
0.39351 0.22617 0.74594 0.26084 0.38366 3.00000
0.39248 0.31402 0.27914 0.69809 0.56191 3.00000
0.71909 0.22556 0.53605 0.16376 0.17873 3.00000
0.44558 0.57380 0.67331 0.55463 0.16164 3.00000
0.40152 0.69034 0.86044 0.82426 0.49327 3.00000
0.84842 0.30111 0.59353 0.71025 0.10134 3.00000
0.16570 0.35694 0.27308 0.23981 0.54147 3.00000
0.61170 0.48802 0.65965 0.35454 0.39278 3.00000
0.20640 0.27356 0.48945 0.76112 0.47884 3.00000
0.80654 0.84957 0.71717 0.72321 0.11172 3.00000
0.65428 0.12746 0.70390 0.43994 0.16691 3.00000
0.84435 0.24817 0.86831 0.72726 0.83815 3.00000
0.60081 0.38142 0.65930 0.46839 0.68771 3.00000
0.86300 0.14539 0.23245 0.44429 0.12196 3.00000
0.38768 0.43854 0.23962 0.13359 0.60808 3.00000
0.28961 0.66000 0.43344 0.81845 0.33831 3.00000
0.53262 0.32800 0.85886 0.32221 0.64099 3.00000
0.38349 0.64679 0.59590 0.71839 0.60100 3.00000
0.46488 0.46046 0.22509 0.19405 0.22380 3.00000
0.84363 0.63637 0.82389 0.59176 0.27025 3.00000
0.11001 0.52694 0.87840 0.73496 0.15514 3.00000
0.39114 0.20672 0.31633 0.64210 0.36052 3.00000
0.50756 0.33140 0.42775 0.40226 0.56673 3.00000
0.16316 0.89489 0.20859 0.14305 0.82802 3.00000
0.39210 0.10358 0.30070 0.74667 0.69426 3.00000
0.61612 0.76052 0.47826 0.83512 0.31572 3.00000
0.49732 0.76350 0.53508 0.29187 0.36692 3.00000
0.78842 0.52320 0.37662 0.59922 0.21841 3.00000
0.69310 0.39110 0.51338 0.37733 0.78583 3.00000
0.24123 0.79530 0.62948 0.24526 0.22528 3.00000
0.30779 0.45493 0.85535 0.72768 0.33044 3.00000
0.48056 0.13399 0.72083 0.67181 0.61378 3.00000
0.58242 0.15961 0.51918 0.58065 0.59551 3.00000
0.81812 0.36419 0.29542 0.45040 0.59376 3.00000
0.78129 0.69463 0.51409 0.41171 0.69715 3.00000
0.39650 0.43944 0.11469 0.50621 0.26396 3.00000
0.87308 0.17398 0.13330 0.51368 0.88677 3.00000
0.31916 0.20646 0.17243 0.10279 0.59257 3.00000
0.38259 0.75601 0.27736 0.53840 0.14352 3.00000
0.35832 0.82603 0.58274 0.47099 0.84493 3.00000
0.37953 0.15797 0.46420 0.57131 0.73960 3.00000
0.39472 0.51577 0.81085 0.60632 0.31889 3.00000
0.84530 0.55578 0.77036 0.74521 0.63733 3.00000
0.33915 0.62250 0.19230 0.63586 0.52014 3.00000
0.35836 0.45385 0.32805 0.47593 0.44084 3.00000
0.49375 0.12153 0.18683 0.78313 0.24064 3.00000
0.34853 0.65650 0.40797 0.42311 0.13037 3.00000
0.44767 0.55658 0.45320 0.40528 0.23837 3.00000
0.40977 0.14066 0.32654 0.10669 0.23052 3.00000
0.15220 0.84276 0.52244 0.28343 0.59235 3.00000
0.30990 0.61898 0.51193 0.41688 0.82374 3.00000
0.64803 0.85744 0.31831 0.40705 0.63595 3.00000
0.59816 0.31746 0.17605 0.76283 0.37129 3.00000
0.10094 0.65393 0.36466 0.68547 0.19610 3.00000
0.30581 0.83010 0.59004 0.42438 0.78557 3.00000
0.63841 0.24339 0.31667 0.80442 0.84933 3.00000
0.66186 0.52566 0.82859 0.62827 0.85162 3.00000
0.66424 0.27359 0.80110 0.52808 0.37339 3.00000
0.28614 0.31680 0.53476 0.13715 0.39154 3.00000
0.30415 0.17779 0.50215 0.38462 0.80255 3.00000
0.52137 0.21667 0.16196 0.55492 0.72353 3.00000
0.42811 0.52779 0.74510 0.62133 0.58585 3.00000
0.81490 0.23169 0.23821 0.85584 0.74582 3.00000
0.88141 0.52067 0.43998 0.86287 0.59669 3.00000
0.43337 0.44749 0.48303 0.14826 0.22537 3.00000
0.60780 0.65174 0.80720 0.55955 0.21766 3.00000
0.65083 0.22907 0.52549 0.26134 0.32106 3.00000
0.79649 0.54356 0.69848 0.22168 0.45673 3.00000
0.41395 0.88137 0.69307 0.75841 0.64443 3.00000
0.15369 0.72665 0.68043 0.65915 0.44216 3.00000
0.31796 0.49546 0.42484 0.18476 0.71807 3.00000
0.62954 0.22041 0.59043 0.85986 0.52598 3.00000
0.13589 0.87364 0.61923 0.48431 0.86270 3.00000
0.45663 0.27121 0.10288 0.73603 0.21865 3.00000
0.73756 0.16505 0.60671 0.11875 0.67664 3.00000
0.11122 0.81739 0.57045 0.73426 0.83917 3.00000
0.56272 0.54048 0.84267 0.65318 0.73397 3.00000
0.50514 0.89540 0.55005 0.21282 0.13264 3.00000
0.77329 0.17372 0.56944 0.49921 0.75166 3.00000
0.39569 0.23235 0.24288 0.19399 0.51545 3.00000
0.15693 0.43647 0.28455 0.21379 0.68472 3.00000
0.73882 0.69281 0.41574 0.47910 0.67520 3.00000
0.61450 0.52749 0.29167 0.30111 0.54020 3.00000
0.73079 0.40173 0.55028 0.89140 0.38499 3.00000
0.73477 0.56872 0.41044 0.50807 0.15414 3.00000
0.56875 0.76603 0.15489 0.61760 0.14077 3.00000
0.19046 0.60107 0.52775 0.25153 0.37534 3.00000
0.19096 0.65286 0.64423 0.86969 0.65059 3.00000
0.83429 0.74219 0.56590 0.53320 0.17911 3.00000
0.23805 0.58288 0.40332 0.19436 0.74743 3.00000
0.39696 0.15693 0.18429 0.14722 0.27377 3.00000
0.54291 0.50262 0.26014 0.20139 0.47867 3.00000
0.59681 0.49125 0.50642 0.83596 0.77072 3.00000
0.69805 0.41704 0.55647 0.68129 0.44983 3.00000
0.13774 0.63258 0.79568 0.34831 0.73247 3.00000
0.22241 -1.29659 0.23462 0.66511 0.00927 4.00000
-0.08940 -1.21273 -0.01473 1.16256 0.24982 4.00000
0.33541 -1.19075 0.04695 1.27335 -0.30395 4.00000
0.18073 -0.93139 0.16314 0.89697 -0.06387 4.00000
-0.07994 -0.81266 0.17225 1.19713 0.13795 4.00000
0.28467 -0.73249 -0.37114 0.63182 0.24927 4.00000
0.38055 -0.76364 -0.15987 0.77639 0.38165 4.00000
-0.06213 -0.60131 -0.01238 0.88816 -0.38850 4.00000
0.19272 -1.24200 -0.29639 0.66180 0.39823 4.00000
0.02441 -1.38517 0.08084 0.74901 -0.03717 4.00000
-0.21668 -0.98794 0.37671 1.33078 0.31084 4.00000
0.19900 -1.37193 -0.10541 0.74667 -0.05287 4.00000
-0.10828 -1.24952 -0.34135 0.66990 -0.25985 4.00000
0.32464 -0.88884 0.37159 0.96291 -0.23691 4.00000
0.35909 -0.75093 0.10762 1.20457 -0.23607 4.00000
0.11832 -1.11110 0.00527 0.93320 -0.35144 4.00000
-0.35483 -0.68935 -0.27484 1.12318 0.31934 4.00000
0.09327 -1.00828 -0.36888 1.10279 0.39010 4.00000
-0.28777 -0.68889 0.01733 0.72002 -0.01179 4.00000
0.04271 -1.24038 0.38369 0.94191 0.07089 4.00000
-0.38811 -1.24112 0.35683 1.24762 0.03806 4.00000
-0.16235 -0.86564 0.11201 0.66282 -0.36290 4.00000
0.07385 -1.31886 0.13580 1.33381 -0.02137 4.00000
-0.12868 -1.31439 -0.37213 0.78405 -0.20728 4.00000
-0.16804 -1.16124 -0.21387 0.62052 0.10103 4.00000
0.33356 -0.79171 0.22281 1.10912 -0.24825 4.00000
0.35192 -0.95979 -0.25054 1.18861 0.34928 4.00000
0.20631 -0.66806 -0.24622 1.26380 0.24372 4.00000
-0.25171 -1.24823 -0.07150 0.66821 0.35214 4.00000
-0.37200 -1.05678 0.15799 0.73944 -0.12753 4.00000
-0.38920 -0.68599 -0.06473 1.02174 -0.12182 4.00000
0.20651 -0.62490 -0.03539 1.10823 -0.31387 4.00000
0.03252 -0.93492 -0.10632 0.97826 -0.36897 4.00000
-0.23121 -0.99736 0.23109 0.91681 -0.19886 4.00000
-0.20469 -1.39480 0.22520 1.05949 0.06092 4.00000
0.14508 -0.89227 0.01765 0.96633 0.18782 4.00000
0.29251 -0.84151 0.29082 1.14584 -0.14335 4.00000
-0.08107 -1.39778 -0.04873 0.96102 -0.11388 4.00000
-0.18143 -1.09265 -0.07080 0.91600 0.11617 4.00000
-0.22191 -1.08368 0.15262 1.20350 0.34299 4.00000
0.12182 -0.61028 0.26749 1.35171 0.17748 4.00000
0.12133 -1.07298 -0.22001 0.90020 0.27226 4.00000
-0.31501 -1.18447 0.00179 0.88509 -0.00758 4.00000
0.26543 -1.11317 -0.39053 0.78374 0.25482 4.00000
0.30418 -1.34427 -0.32808 0.80065 -0.20843 4.00000
0.28570 -1.24956 0.24618 1.27620 0.07434 4.00000
0.39969 -1.27641 0.27109 0.80860 -0.06633 4.00000
-0.21621 -1.07999 -0.36917 1.09618 0.00239 4.00000
0.12933 -1.19420 0.15960 0.76097 0.33124 4.00000
0.21147 -0.95054 0.29916 1.23757 -0.27323 4.00000
0.10205 -0.77495 -0.27691 0.93970 -0.10697 4.00000
-0.31114 -1.17117 0.18791 1.39223 -0.03957 4.00000
-0.16602 -1.24456 0.24747 0.89263 -0.35084 4.00000
0.19345 -0.83398 0.05948 0.94306 -0.39204 4.00000
-0.07056 -1.31032 -0.12497 1.02178 0.15556 4.00000
0.11986 -1.22171 0.25799 1.28965 0.22956 4.00000
-0.13513 -0.89712 0.23480 1.13544 0.33470 4.00000
0.05077 -1.24897 0.04337 1.04215 0.37798 4.00000
0.17682 -0.66014 0.36181 0.70913 -0.17145 4.00000
-0.26435 -0.70632 0.10777 0.66943 0.05329 4.00000
-0.34052 -1.36909 0.39471 1.05366 -0.06649 4.00000
0.12094 -0.90083 0.11534 1.21517 0.37917 4.00000
-0.18495 -1.39881 0.36933 0.71272 -0.03544 4.00000
0.38438 -0.65505 -0.02036 1.31635 0.16320 4.00000
0.18013 -1.37648 0.02427 1.17186 -0.35059 4.00000
-0.37338 -1.17552 0.29050 0.68808 0.04699 4.00000
-0.22890 -1.17719 -0.12253 0.78642 -0.24946 4.00000
0.03067 -0.98770 0.32209 1.10331 -0.30891 4.00000
0.22378 -1.19913 -0.24530 1.24275 -0.21168 4.00000
-0.12588 -1.38037 0.08937 0.79460 -0.27516 4.00000
0.09674 -0.77895 0.10541 0.87774 0.19409 4.00000
-0.28680 -0.83615 -0.21123 1.14317 -0.00346 4.00000
-0.29935 -0.98832 -0.09935 1.12575 0.02514 4.00000
0.35087 -1.01581 0.04068 1.16081 0.26170 4.00000
0.12747 -0.83588 0.10997 0.75300 -0.31648 4.00000
-0.33203 -0.93724 -0.31876 0.93034 -0.39729 4.00000
0.30059 -1.20547 -0.07061 0.98835 -0.20657 4.00000
-0.26663 -1.26487 0.12470 1.09546 -0.07623 4.00000
0.36570 -1.25176 -0.06882 1.04520 -0.11051 4.00000
-0.36428 -1.24337 -0.12492 1.23397 -0.37739 4.00000
0.09031 -1.32419 -0.00084 0.86207 -0.30992 4.00000
0.35329 -0.83580 0.25785 1.36275 0.12655 4.00000
-0.33232 -0.80217 0.30957 0.64652 0.00535 4.00000
0.02257 -1.15028 -0.25367 1.21847 0.23812 4.00000
0.06040 -1.27807 -0.34170 1.24768 -0.15157 4.00000
0.04331 -1.30249 0.16351 1.18384 0.38245 4.00000
-0.29708 -0.73285 0.17718 1.20294 -0.33764 4.00000
0.33470 -0.86933 -0.14435 1.26755 -0.06213 4.00000
0.06027 -0.61051 -0.08528 1.12247 0.23078 4.00000
-0.38012 -1.27119 0.04103 1.14300 0.38872 4.00000
-0.18246 -0.81306 -0.00935 0.89918 -0.20232 4.00000
0.27348 -0.67305 -0.21925 1.35883 0.07471 4.00000
0.37118 -0.76623 0.24848 0.72808 -0.19435 4.00000
0.20426 -1.06893 0.00432 1.32707 0.11375 4.00000
-0.20056 -0.70301 0.20808 1.11486 0.39678 4.00000
-0.21876 -0.91607 -0.11093 0.97917 -0.22349 4.00000
-0.12708 -0.91901 0.30107 1.06080 0.39577 4.00000
0.33747 -1.26385 -0.01342 0.76884 -0.19129 4.00000
-0.02224 -1.18184 -0.35506 0.64126 0.19645 4.00000
-0.32671 -0.97682 0.23329 1.07188 -0.06714 4.00000
-0.31120 -1.32270 -0.04782 0.75427 -0.02329 4.00000
0.32394 -0.94859 -0.15933 0.79636 -0.14228 4.00000
0.39832 -1.14587 -0.38402 1.22960 -0.17057 4.00000
0.24185 -1.21319 -0.34864 1.23344 -0.26347 4.00000
0.16060 -1.30456 0.37458 0.79582 0.22771 4.00000
0.10649 -0.72617 -0.24594 1.23916 0.11634 4.00000
0.10752 -0.81402 0.22086 0.80191 -0.06191 4.00000
-0.21909 -0.72556 -0.03605 1.33624 0.32127 4.00000
0.05442 -1.07380 -0.17331 0.94537 0.33836 4.00000
0.09848 -1.19034 -0.36044 0.67574 0.00673 4.00000
-0.34842 -0.80111 -0.09353 0.78975 0.39866 4.00000
0.33430 -0.85694 0.22692 1.26019 -0.04147 4.00000
-0.11170 -0.98802 -0.15965 1.14546 0.10722 4.00000
0.29360 -0.77356 0.01055 0.73888 0.02116 4.00000
-0.30654 -1.34957 -0.21717 0.77679 0.38828 4.00000
-0.15428 -0.62746 -0.20390 1.06006 0.33309 4.00000
-0.34435 -0.74817 -0.36831 0.77274 -0.33815 4.00000
-0.10081 -0.88142 -0.15930 1.03161 -0.18771 4.00000
-0.36300 -0.64539 0.26755 1.05571 0.37804 4.00000
0.11232 -0.93854 0.26038 1.36641 -0.10808 4.00000
0.21039 -1.16000 0.06656 0.68155 0.16169 4.00000
-0.03262 -0.82800 -0.35886 1.17779 -0.14099 4.00000
0.11651 -1.14679 -0.09590 0.78161 -0.10100 4.00000
0.03512 -0.96046 0.27491 1.30595 0.27620 4.00000
-0.34363 -1.13637 -0.32389 0.90824 0.22975 4.00000
0.38999 -1.02694 -0.37840 0.76504 0.34486 4.00000
0.10886 -0.70672 0.18367 0.85790 0.13948 4.00000
-0.00756 -0.83140 0.07225 1.09774 -0.06673 4.00000
0.33684 -1.39489 0.29141 1.35695 -0.32802 4.00000
0.10790 -0.60358 0.19930 0.75333 -0.19426 4.00000
-0.11612 -1.26052 0.02174 0.66488 0.18428 4.00000
0.00268 -1.26350 -0.03508 1.20813 0.13308 4.00000
-0.28842 -1.02320 0.12338 0.90078 0.28159 4.00000
-0.19310 -0.89110 -0.01338 1.12267 -0.28583 4.00000
0.25877 -1.29530 -0.12948 1.25474 0.27472 4.00000
0.19221 -0.95493 -0.35535 0.77232 0.16956 4.00000
0.01944 -0.63399 -0.22083 0.82819 -0.11378 4.00000
-0.08242 -0.65961 -0.01918 0.91935 -0.09551 4.00000
-0.31812 -0.86419 0.20458 1.04960 -0.09376 4.00000
-0.28129 -1.19463 -0.01409 1.08829 -0.19715 4.00000
0.10350 -0.93944 0.38531 0.99379 0.23604 4.00000
-0.37308 -0.67398 0.36670 0.98632 -0.38677 4.00000
0.18084 -0.70646 0.32757 1.39721 -0.09257 4.00000
0.11741 -1.25601 0.22264 0.96160 0.35648 4.00000
0.14168 -1.32603 -0.08274 1.02901 -0.34493 4.00000
0.12047 -0.65797 0.03580 0.92869 -0.23960 4.00000
0.10528 -1.01577 -0.31085 0.89368 0.18111 4.00000
-0.34530 -1.05578 -0.27036 0.75479 -0.13733 4.00000
0.16085 -1.12250 0.30770 0.86414 -0.02014 4.00000
0.14164 -0.95385 0.17195 1.02407 0.05916 4.00000
0.00625 -0.62153 0.31317 0.71687 0.25936 4.00000
0.15147 -1.15650 0.09203 1.07689 0.36963 4.00000
0.05233 -1.05658 0.04680 1.09472 0.26163 4.00000
0.09023 -0.64066 0.17346 1.39331 0.26948 4.00000
0.34780 -1.34276 -0.02244 1.21657 -0.09235 4.00000
0.19010 -1.11898 -0.01193 1.08312 -0.32374 4.00000
-0.14803 -1.35744 0.18169 1.09295 -0.13595 4.00000
-0.09816 -0.81746 0.32395 0.73717 0.12871 4.00000
0.39906 -1.15393 0.13534 0.81453 0.30390 4.00000
0.19419 -1.33010 -0.09004 1.07562 -0.28557 4.00000
-0.13841 -0.74339 0.18333 0.69558 -0.34933 4.00000
-0.16186 -1.02566 -0.32859 0.87173 -0.35162 4.00000
-0.16424 -0.77359 -0.30110 0.97192 0.12661 4.00000
0.21386 -0.81680 -0.03476 1.36285 0.10846 4.00000
0.19585 -0.67779 -0.00215 1.11538 -0.30255 4.00000
-0.02137 -0.71667 0.33804 0.94508 -0.22353 4.00000
0.07189 -1.02779 -0.24510 0.87867 -0.08585 4.00000
-0.31490 -0.73169 0.26179 0.64416 -0.24582 4.00000
-0.38141 -1.02067 0.06002 0.63713 -0.09669 4.00000
0.06663 -0.94749 0.01697 1.35174 0.27463 4.00000
-0.10780 -1.15174 -0.30720 0.94045 0.28234 4.00000
-0.15083 -0.72907 -0.02549 1.23866 0.17894 4.00000
-0.29649 -1.04356 -0.19848 1.27832 0.04327 4.00000
0.08605 -1.38137 -0.19307 0.74159 -0.14443 4.00000
0.34631 -1.22665 -0.18043 0.84085 0.05784 4.00000
0.18204 -0.99546 0.07516 1.31524 -0.21807 4.00000
-0.12954 -0.72041 -0.09043 0.64014 -0.02598 4.00000
0.36411 -1.37364 -0.11923 1.01569 -0.36270 4.00000
0.04337 -0.77121 0.39712 0.76397 0.28135 4.00000
-0.23756 -0.66505 -0.10671 1.38125 -0.17664 4.00000
0.38878 -1.31739 -0.07045 0.76574 -0.33917 4.00000
-0.06272 -1.04048 -0.34267 0.84682 -0.23397 4.00000
-0.00514 -1.39540 -0.05005 1.28718 0.36736 4.00000
-0.27329 -0.67372 -0.06944 1.00079 -0.25166 4.00000
0.10431 -0.73235 0.25712 1.30601 -0.01545 4.00000
0.34307 -0.93647 0.21545 1.28621 -0.18472 4.00000
-0.23882 -1.19281 0.08426 1.02090 -0.17520 4.00000
-0.11450 -1.02749 0.20833 1.19889 -0.04020 4.00000
-0.23079 -0.90173 -0.05028 0.60860 0.11501 4.00000
-0.23477 -1.06872 0.08956 0.99193 0.34586 4.00000
-0.06875 -1.26603 0.34511 0.88240 0.35923 4.00000
0.30954 -1.10107 -0.02775 1.24847 0.12466 4.00000
0.30904 -1.15286 -0.14423 0.63031 -0.15059 4.00000
-0.33429 -1.24219 -0.06590 0.96680 0.32089 4.00000
0.26195 -1.08288 0.09668 1.30564 -0.24743 4.00000
0.10304 -0.65693 0.31571 1.35278 0.22623 4.00000
-0.04291 -1.00262 0.23986 1.29861 0.02133 4.00000
-0.09681 -0.99125 -0.00642 0.66404 -0.27072 4.00000
-0.19805 -0.91704 -0.05647 0.81871 0.05017 4.00000
0.36226 -1.13258 -0.29568 1.15169 -0.23247 4.00000
-0.77759 -0.29659 1.23462 -0.33489 -0.99073 5.00000
-1.08940 -0.21273 0.98527 0.16256 -0.75018 5.00000
-0.66459 -0.19075 1.04695 0.27335 -1.30395 5.00000
-0.81927 0.06861 1.16314 -0.10303 -1.06387 5.00000
-1.07994 0.18734 1.17225 0.19713 -0.86205 5.00000
-0.71533 0.26751 0.62886 -0.36818 -0.75073 5.00000
-0.61945 0.23636 0.84013 -0.22361 -0.61835 5.00000
-1.06213 0.39869 0.98762 -0.11184 -1.38850 5.00000
-0.80728 -0.24200 0.70361 -0.33820 -0.60177 5.00000
-0.97559 -0.38517 1.08084 -0.25099 -1.03717 5.00000
-1.21668 0.01206 1.37671 0.33078 -0.68916 5.00000
-0.80100 -0.37193 0.89459 -0.25333 -1.05287 5.00000
-1.10828 -0.24952 0.65865 -0.33010 -1.25985 5.00000
-0.67536 0.11116 1.37159 -0.03709 -1.23691 5.00000
-0.64091 0.24907 1.10762 0.20457 -1.23607 5.00000
-0.88168 -0.11110 1.00527 -0.06680 -1.35144 5.00000
-1.35483 0.31065 0.72516 0.12318 -0.68066 5.00000
-0.90673 -0.00828 0.63112 0.10279 -0.60990 5.00000
-1.28777 0.31111 1.01733 -0.27998 -1.01179 5.00000
-0.95729 -0.24038 1.38369 -0.05809 -0.92911 5.00000
-1.38811 -0.24112 1.35683 0.24762 -0.96194 5.00000
-1.16235 0.13436 1.11201 -0.33718 -1.36290 5.00000
-0.92615 -0.31886 1.13580 0.33381 -1.02137 5.00000
-1.12868 -0.31439 0.62787 -0.21595 -1.20728 5.00000
-1.16804 -0.16124 0.78613 -0.37948 -0.89897 5.00000
-0.66644 0.20829 1.22281 0.10912 -1.24825 5.00000
-0.64808 0.04021 0.74946 0.18861 -0.65072 5.00000
-0.79369 0.33194 0.75378 0.26380 -0.75628 5.00000
-1.25171 -0.24823 0.92850 -0.33179 -0.64786 5.00000
-1.37200 -0.05678 1.15799 -0.26056 -1.12753 5.00000
-1.38920 0.31401 0.93527 0.02174 -1.12182 5.00000
-0.79349 0.37510 0.96461 0.10823 -1.31387 5.00000
-0.96748 0.06508 0.89368 -0.02174 -1.36897 5.00000
-1.23121 0.00264 1.23109 -0.08319 -1.19886 5.00000
-1.20469 -0.39480 1.22520 0.05949 -0.93908 5.00000
-0.85492 0.10773 1.01765 -0.03367 -0.81218 5.00000
-0.70749 0.15849 1.29082 0.14584 -1.14335 5.00000
-1.08107 -0.39778 0.95127 -0.03898 -1.11388 5.00000
-1.18143 -0.09265 0.92920 -0.08400 -0.88383 5.00000
-1.22191 -0.08368 1.15262 0.20350 -0.65701 5.00000
-0.87818 0.38972 1.26749 0.35171 -0.82252 5.00000
-0.87867 -0.07298 0.77999 -0.09980 -0.72774 5.00000
-1.31501 -0.18447 1.00179 -0.11491 -1.00758 5.00000
-0.73457 -0.11317 0.60947 -0.21626 -0.74518 5.00000
-0.69582 -0.34427 0.67192 -0.19935 -1.20843 5.00000
-0.71430 -0.24956 1.24618 0.27620 -0.92566 5.00000
-0.60031 -0.27641 1.27109 -0.19140 -1.06633 5.00000
-1.21621 -0.07999 0.63083 0.09618 -0.99761 5.00000
-0.87067 -0.19420 1.15960 -0.23903 -0.66876 5.00000
-0.78853 0.04946 1.29916 0.23757 -1.27323 5.00000
-0.89795 0.22505 0.72309 -0.06030 -1.10697 5.00000
-1.31114 -0.17117 1.18791 0.39223 -1.03957 5.00000
-1.16602 -0.24456 1.24747 -0.10737 -1.35084 5.00000
-0.80655 0.16602 1.05948 -0.05694 -1.39204 5.00000
-1.07056 -0.31032 0.87503 0.02178 -0.84444 5.00000
-0.88014 -0.22171 1.25799 0.28965 -0.77044 5.00000
-1.13513 0.10288 1.23480 0.13544 -0.66530 5.00000
-0.94923 -0.24897 1.04337 0.04215 -0.62202 5.00000
-0.82318 0.33986 1.36181 -0.29087 -1.17145 5.00000
-1.26435 0.29368 1.10777 -0.33057 -0.94671 5.00000
-1.34052 -0.36909 1.39471 0.05366 -1.06649 5.00000
-0.87906 0.09917 1.11534 0.21517 -0.62083 5.00000
-1.18495 -0.39881 1.36933 -0.28728 -1.03544 5.00000
-0.61562 0.34495 0.97964 0.31635 -0.83680 5.00000
-0.81987 -0.37648 1.02427 0.17186 -1.35059 5.00000
-1.37338 -0.17552 1.29050 -0.31192 -0.95301 5.00000
-1.22890 -0.17719 0.87747 -0.21358 -1.24946 5.00000
-0.96933 0.01230 1.32209 0.10331 -1.30891 5.00000
-0.77622 -0.19913 0.75470 0.24275 -1.21168 5.00000
-1.12588 -0.38037 1.08937 -0.20540 -1.27516 5.00000
-0.90326 0.22105 1.10541 -0.12226 -0.80591 5.00000
-1.28680 0.16385 0.78877 0.14317 -1.00346 5.00000
-1.29935 0.01168 0.90065 0.12575 -0.97486 5.00000
-0.64913 -0.01581 1.04068 0.16081 -0.73830 5.00000
-0.87253 0.16412 1.10997 -0.24700 -1.31648 5.00000
-1.33203 0.06276 0.68124 -0.06966 -1.39729 5.00000
-0.69941 -0.20547 0.92939 -0.01165 -1.20657 5.00000
-1.26663 -0.26487 1.12470 0.09546 -1.07623 5.00000
-0.63430 -0.25176 0.93118 0.04520 -1.11051 5.00000
-1.36428 -0.24337 0.87508 0.23397 -1.37739 5.00000
-0.90969 -0.32419 0.99916 -0.13793 -1.30992 5.00000
-0.64671 0.16420 1.25785 0.36275 -0.87345 5.00000
-1.33232 0.19783 1.30957 -0.35348 -0.99465 5.00000
-0.97743 -0.15028 0.74633 0.21847 -0.76188 5.00000
-0.93960 -0.27807 0.65830 0.24768 -1.15157 5.00000
-0.95669 -0.30249 1.16351 0.18384 -0.61755 5.00000
-1.29708 0.26715 1.17718 0.20294 -1.33764 5.00000
-0.66530 0.13067 0.85565 0.26755 -1.06213 5.00000
-0.93973 0.38949 0.91472 0.12247 -0.76922 5.00000
-1.38012 -0.27119 1.04103 0.14300 -0.61128 5.00000
-1.18246 0.18694 0.99065 -0.10082 -1.20232 5.00000
-0.72652 0.32695 0.78075 0.35883 -0.92529 5.00000
-0.62882 0.23377 1.24848 -0.27192 -1.19435 5.00000
-0.79574 -0.06893 1.00432 0.32707 -0.88625 5.00000
-1.20056 0.29699 1.20808 0.11486 -0.60322 5.00000
-1.21876 0.08393 0.88907 -0.02083 -1.22349 5.00000
-1.12708 0.08099 1.30107 0.06080 -0.60423 5.00000
-0.66253 -0.26385 0.98658 -0.23116 -1.19129 5.00000
-1.02224 -0.18184 0.64494 -0.35874 -0.80355 5.00000
-1.32671 0.02318 1.23329 0.07188 -1.06714 5.00000
-1.31120 -0.32270 0.95218 -0.24573 -1.02329 5.00000
-0.67606 0.05141 0.84067 -0.20364 -1.14228 5.00000
-0.60168 -0.14587 0.61598 0.22960 -1.17057 5.00000
-0.75815 -0.21319 0.65136 0.23344 -1.26347 5.00000
-0.83940 -0.30456 1.37458 -0.20418 -0.77229 5.00000
-0.89351 0.27383 0.75406 0.23916 -0.88366 5.00000
-0.89248 0.18598 1.22086 -0.19809 -1.06191 5.00000
-1.21909 0.27444 0.96395 0.33624 -0.67873 5.00000
-0.94558 -0.07380 0.82669 -0.05463 -0.66164 5.00000
-0.90152 -0.19034 0.63956 -0.32426 -0.99327 5.00000
-1.34842 0.19889 0.90647 -0.21025 -0.60134 5.00000
-0.66570 0.14306 1.22692 0.26019 -1.04147 5.00000
-1.11170 0.01198 0.84035 0.14546 -0.89278 5.00000
-0.70640 0.22644 1.01055 -0.26112 -0.97884 5.00000
-1.30654 -0.34957 0.78283 -0.22321 -0.61172 5.00000
-1.15428 0.37254 0.79610 0.06006 -0.66691 5.00000
-1.34435 0.25183 0.63169 -0.22726 -1.33815 5.00000
-1.10081 0.11858 0.84070 0.03161 -1.18771 5.00000
-1.36300 0.35461 1.26755 0.05571 -0.62196 5.00000
-0.88768 0.06146 1.26038 0.36641 -1.10808 5.00000
-0.78961 -0.16000 1.06656 -0.31845 -0.83831 5.00000
-1.03262 0.17200 0.64114 0.17779 -1.14099 5.00000
-0.88349 -0.14679 0.90410 -0.21839 -1.10100 5.00000
-0.96488 0.03954 1.27491 0.30595 -0.72380 5.00000
-1.34363 -0.13637 0.67611 -0.09176 -0.77025 5.00000
-0.61001 -0.02694 0.62160 -0.23496 -0.65514 5.00000
-0.89114 0.29328 1.18367 -0.14210 -0.86052 5.00000
-1.00756 0.16860 1.07225 0.09774 -1.06673 5.00000
-0.66316 -0.39489 1.29141 0.35695 -1.32802 5.00000
-0.89210 0.39642 1.19930 -0.24667 -1.19426 5.00000
-1.11612 -0.26052 1.02174 -0.33512 -0.81572 5.00000
-0.99732 -0.26350 0.96492 0.20813 -0.86692 5.00000
-1.28842 -0.02320 1.12338 -0.09922 -0.71841 5.00000
-1.19310 0.10890 0.98662 0.12267 -1.28583 5.00000
-0.74123 -0.29530 0.87052 0.25474 -0.72528 5.00000
-0.80779 0.04507 0.64465 -0.22768 -0.83044 5.00000
-0.98056 0.36601 0.77917 -0.17181 -1.11378 5.00000
-1.08242 0.34039 0.98082 -0.08065 -1.09551 5.00000
-1.31812 0.13581 1.20458 0.04960 -1.09376 5.00000
-1.28129 -0.19463 0.98591 0.08829 -1.19715 5.00000
-0.89650 0.06056 1.38531 -0.00621 -0.76396 5.00000
-1.37308 0.32602 1.36670 -0.01368 -1.38677 5.00000
-0.81916 0.29354 1.32757 0.39721 -1.09257 5.00000
-0.88259 -0.25601 1.22264 -0.03840 -0.64352 5.00000
-0.85832 -0.32603 0.91726 0.02901 -1.34493 5.00000
-0.87953 0.34203 1.03580 -0.07131 -1.23960 5.00000
-0.89472 -0.01577 0.68915 -0.10632 -0.81889 5.00000
-1.34530 -0.05578 0.72964 -0.24521 -1.13733 5.00000
-0.83915 -0.12250 1.30770 -0.13586 -1.02014 5.00000
-0.85836 0.04615 1.17195 0.02407 -0.94084 5.00000
-0.99375 0.37847 1.31317 -0.28313 -0.74064 5.00000
-0.84853 -0.15650 1.09203 0.07689 -0.63037 5.00000
-0.94767 -0.05658 1.04680 0.09472 -0.73837 5.00000
-0.90977 0.35934 1.17346 0.39331 -0.73052 5.00000
-0.65220 -0.34276 0.97756 0.21657 -1.09235 5.00000
-0.80990 -0.11898 0.98807 0.08312 -1.32374 5.00000
-1.14803 -0.35744 1.18169 0.09295 -1.13595 5.00000
-1.09816 0.18254 1.32395 -0.26283 -0.87129 5.00000
-0.60094 -0.15393 1.13534 -0.18547 -0.69610 5.00000
-0.80581 -0.33010 0.90996 0.07562 -1.28557 5.00000
-1.13841 0.25661 1.18333 -0.30442 -1.34933 5.00000
-1.16186 -0.02566 0.67141 -0.12827 -1.35162 5.00000
-1.16424 0.22641 0.69890 -0.02808 -0.87339 5.00000
-0.78614 0.18320 0.96524 0.36285 -0.89154 5.00000
-0.80415 0.32221 0.99785 0.11538 -1.30255 5.00000
-1.02137 0.28333 1.33804 -0.05492 -1.22353 5.00000
-0.92811 -0.02779 0.75490 -0.12133 -1.08585 5.00000
-1.31490 0.26831 1.26179 -0.35584 -1.24582 5.00000
-1.38141 -0.02067 1.06002 -0.36287 -1.09669 5.00000
-0.93337 0.05251 1.01697 0.35174 -0.72537 5.00000
-1.10780 -0.15174 0.69280 -0.05955 -0.71766 5.00000
-1.15083 0.27093 0.97451 0.23866 -0.82106 5.00000
-1.29649 -0.04356 0.80152 0.27832 -0.95673 5.00000
-0.91395 -0.38137 0.80693 -0.25841 -1.14443 5.00000
-0.65369 -0.22665 0.81957 -0.15915 -0.94216 5.00000
-0.81796 0.00454 1.07516 0.31524 -1.21807 5.00000
-1.12954 0.27959 0.90957 -0.35986 -1.02598 5.00000
-0.63589 -0.37364 0.88077 0.01569 -1.36270 5.00000
-0.95663 0.22879 1.39712 -0.23603 -0.71865 5.00000
-1.23756 0.33495 0.89329 0.38125 -1.17664 5.00000
-0.61122 -0.31739 0.92955 -0.23426 -1.33917 5.00000
-1.06272 -0.04048 0.65733 -0.15318 -1.23397 5.00000
-1.00514 -0.39540 0.94995 0.28718 -0.63264 5.00000
-1.27329 0.32628 0.93056 0.00079 -1.25166 5.00000
-0.89569 0.26765 1.25712 0.30601 -1.01545 5.00000
-0.65693 0.06353 1.21545 0.28621 -1.18472 5.00000
-1.23882 -0.19281 1.08426 0.02090 -1.17520 5.00000
-1.11450 -0.02749 1.20833 0.19889 -1.04020 5.00000
-1.23079 0.09827 0.94972 -0.39140 -0.88499 5.00000
-1.23477 -0.06872 1.08956 -0.00807 -0.65414 5.00000
-1.06875 -0.26603 1.34511 -0.11760 -0.64077 5.00000
-0.69046 -0.10107 0.97225 0.24847 -0.87534 5.00000
-0.69096 -0.15286 0.85577 -0.36969 -1.15059 5.00000
-1.33429 -0.24219 0.93410 -0.03320 -0.67911 5.00000
-0.73805 -0.08288 1.09668 0.30564 -1.24743 5.00000
-0.89696 0.34307 1.31571 0.35278 -0.77377 5.00000
-1.04291 -0.00262 1.23986 0.29861 -0.97867 5.00000
-1.09681 0.00875 0.99358 -0.33596 -1.27072 5.00000
-1.19805 0.08296 0.94353 -0.18129 -0.94983 5.00000
-0.63774 -0.13258 0.70432 0.15169 -1.23247 5.00000
-0.77759 0.70341 -0.76538 0.66511 -0.99073 6.00000
-1.08940 0.78727 -1.01473 1.16256 -0.75018 6.00000
-0.66459 0.80925 -0.95305 1.27335 -1.30395 6.00000
-0.81927 1.06861 -0.83686 0.89697 -1.06387 6.00000
-1.07994 1.18734 -0.82775 1.19713 -0.86205 6.00000
-0.71533 1.26751 -1.37114 0.63182 -0.75073 6.00000
-0.61945 1.23636 -1.15987 0.77639 -0.61835 6.00000
-1.06213 1.39869 -1.01238 0.88816 -1.38850 6.00000
-0.80728 0.75800 -1.29639 0.66180 -0.60177 6.00000
-0.97559 0.61483 -0.91916 0.74901 -1.03717 6.00000
-1.21668 1.01206 -0.62329 1.33078 -0.68916 6.00000
-0.80100 0.62807 -1.10541 0.74667 -1.05287 6.00000
-1.10828 0.75048 -1.34135 0.66990 -1.25985 6.00000
-0.67536 1.11116 -0.62841 0.96291 -1.23691 6.00000
-0.64091 1.24907 -0.89238 1.20457 -1.23607 6.00000
-0.88168 0.88890 -0.99473 0.93320 -1.35144 6.00000
-1.35483 1.31065 -1.27484 1.12318 -0.68066 6.00000
-0.90673 0.99172 -1.36888 1.10279 -0.60990 6.00000
-1.28777 1.31111 -0.98267 0.72002 -1.01179 6.00000
-0.95729 0.75962 -0.61631 0.94191 -0.92911 6.00000
-1.38811 0.75888 -0.64317 1.24762 -0.96194 6.00000
-1.16235 1.13436 -0.88799 0.66282 -1.36290 6.00000
-0.92615 0.68114 -0.86420 1.33381 -1.02137 6.00000
-1.12868 0.68561 -1.37213 0.78405 -1.20728 6.00000
-1.16804 0.83876 -1.21387 0.62052 -0.89897 6.00000
-0.66644 1.20829 -0.77719 1.10912 -1.24825 6.00000
-0.64808 1.04021 -1.25054 1.18861 -0.65072 6.00000
-0.79369 1.33194 -1.24622 1.26380 -0.75628 6.00000
-1.25171 0.75177 -1.07150 0.66821 -0.64786 6.00000
-1.37200 0.94322 -0.84201 0.73944 -1.12753 6.00000
-1.38920 1.31401 -1.06473 1.02174 -1.12182 6.00000
-0.79349 1.37510 -1.03539 1.10823 -1.31387 6.00000
-0.96748 1.06508 -1.10632 0.97826 -1.36897 6.00000
-1.23121 1.00264 -0.76891 0.91681 -1.19886 6.00000
-1.20469 0.60520 -0.77480 1.05949 -0.93908 6.00000
-0.85492 1.10773 -0.98235 0.96633 -0.81218 6.00000
-0.70749 1.15849 -0.70918 1.14584 -1.14335 6.00000
-1.08107 0.60222 -1.04873 0.96102 -1.11388 6.00000
-1.18143 0.90735 -1.07080 0.91600 -0.88383 6.00000
-1.22191 0.91632 -0.84738 1.20350 -0.65701 6.00000
-0.87818 1.38972 -0.73251 1.35171 -0.82252 6.00000
-0.87867 0.92702 -1.22001 0.90020 -0.72774 6.00000
-1.31501 0.81553 -0.99821 0.88509 -1.00758 6.00000
-0.73457 0.88683 -1.39053 0.78374 -0.74518 6.00000
-0.69582 0.65573 -1.32808 0.80065 -1.20843 6.00000
-0.71430 0.75044 -0.75382 1.27620 -0.92566 6.00000
-0.60031 0.72359 -0.72891 0.80860 -1.06633 6.00000
-1.21621 0.92001 -1.36917 1.09618 -0.99761 6.00000
-0.87067 0.80580 -0.84040 0.76097 -0.66876 6.00000
-0.78853 1.04946 -0.70084 1.23757 -1.27323 6.00000
-0.89795 1.22505 -1.27691 0.93970 -1.10697 6.00000
-1.31114 0.82883 -0.81209 1.39223 -1.03957 6.00000
-1.16602 0.75544 -0.75253 0.89263 -1.35084 6.00000
-0.80655 1.16602 -0.94052 0.94306 -1.39204 6.00000
-1.07056 0.68968 -1.12497 1.02178 -0.84444 6.00000
-0.88014 0.77829 -0.74201 1.28965 -0.77044 6.00000
-1.13513 1.10288 -0.76520 1.13544 -0.66530 6.00000
-0.94923 0.75103 -0.95663 1.04215 -0.62202 6.00000
-0.82318 1.33986 -0.63819 0.70913 -1.17145 6.00000
-1.26435 1.29368 -0.89223 0.66943 -0.94671 6.00000
-1.34052 0.63091 -0.60529 1.05366 -1.06649 6.00000
-0.87906 1.09917 -0.88466 1.21517 -0.62083 6.00000
-1.18495 0.60119 -0.63067 0.71272 -1.03544 6.00000
-0.61562 1.34495 -1.02036 1.31635 -0.83680 6.00000
-0.81987 0.62352 -0.97573 1.17186 -1.35059 6.00000
-1.37338 0.82448 -0.70950 0.68808 -0.95301 6.00000
-1.22890 0.82281 -1.12253 0.78642 -1.24946 6.00000
-0.96933 1.01230 -0.67791 1.10331 -1.30891 6.00000
-0.77622 0.80087 -1.24530 1.24275 -1.21168 6.00000
-1.12588 0.61963 -0.91063 0.79460 -1.27516 6.00000
-0.90326 1.22105 -0.89459 0.87774 -0.80591 6.00000
-1.28680 1.16385 -1.21123 1.14317 -1.00346 6.00000
-1.29935 1.01168 -1.09935 1.12575 -0.97486 6.00000
-0.64913 0.98419 -0.95932 1.16081 -0.73830 6.00000
-0.87253 1.16412 -0.89003 0.75300 -1.31648 6.00000
-1.33203 1.06276 -1.31876 0.93034 -1.39729 6.00000
-0.69941 0.79453 -1.07061 0.98835 -1.20657 6.00000
-1.26663 0.73513 -0.87530 1.09546 -1.07623 6.00000
-0.63430 0.74824 -1.06882 1.04520 -1.11051 6.00000
-1.36428 0.75663 -1.12492 1.23397 -1.37739 6.00000
-0.90969 0.67581 -1.00084 0.86207 -1.30992 6.00000
-0.64671 1.16420 -0.74215 1.36275 -0.87345 6.00000
-1.33232 1.19783 -0.69043 0.64652 -0.99465 6.00000
-0.97743 0.84972 -1.25367 1.21847 -0.76188 6.00000
-0.93960 0.72193 -1.34170 1.24768 -1.15157 6.00000
-0.95669 0.69751 -0.83649 1.18384 -0.61755 6.00000
-1.29708 1.26715 -0.82282 1.20294 -1.33764 6.00000
-0.66530 1.13067 -1.14435 1.26755 -1.06213 6.00000
-0.93973 1.38949 -1.08528 1.12247 -0.76922 6.00000
-1.38012 0.72881 -0.95897 1.14300 -0.61128 6.00000
-1.18246 1.18694 -1.00935 0.89918 -1.20232 6.00000
-0.72652 1.32695 -1.21925 1.35883 -0.92529 6.00000
-0.62882 1.23377 -0.75152 0.72808 -1.19435 6.00000
-0.79574 0.93107 -0.99568 1.32707 -0.88625 6.00000
-1.20056 1.29699 -0.79192 1.11486 -0.60322 6.00000
-1.21876 1.08393 -1.11093 0.97917 -1.22349 6.00000
-1.12708 1.08099 -0.69893 1.06080 -0.60423 6.00000
-0.66253 0.73615 -1.01342 0.76884 -1.19129 6.00000
-1.02224 0.81816 -1.35506 0.64126 -0.80355 6.00000
-1.32671 1.02318 -0.76671 1.07188 -1.06714 6.00000
-1.31120 0.67730 -1.04782 0.75427 -1.02329 6.00000
-0.67606 1.05141 -1.15933 0.79636 -1.14228 6.00000
-0.60168 0.85413 -1.38402 1.22960 -1.17057 6.00000
-0.75815 0.78681 -1.34864 1.23344 -1.26347 6.00000
-0.83940 0.69544 -0.62542 0.79582 -0.77229 6.00000
-0.89351 1.27383 -1.24594 1.23916 -0.88366 6.00000
-0.89248 1.18598 -0.77914 0.80191 -1.06191 6.00000
-1.21909 1.27444 -1.03605 1.33624 -0.67873 6.00000
-0.94558 0.92620 -1.17331 0.94537 -0.66164 6.00000
-0.90152 0.80966 -1.36044 0.67574 -0.99327 6.00000
-1.34842 1.19889 -1.09353 0.78975 -0.60134 6.00000
-0.66570 1.14306 -0.77308 1.26019 -1.04147 6.00000
-1.11170 1.01198 -1.15965 1.14546 -0.89278 6.00000
-0.70640 1.22644 -0.98945 0.73888 -0.97884 6.00000
-1.30654 0.65043 -1.21717 0.77679 -0.61172 6.00000
-1.15428 1.37254 -1.20390 1.06006 -0.66691 6.00000
-1.34435 1.25183 -1.36831 0.77274 -1.33815 6.00000
-1.10081 1.11858 -1.15930 1.03161 -1.18771 6.00000
-1.36300 1.35461 -0.73245 1.05571 -0.62196 6.00000
-0.88768 1.06146 -0.73962 1.36641 -1.10808 6.00000
-0.78961 0.84000 -0.93344 0.68155 -0.83831 6.00000
-1.03262 1.17200 -1.35886 1.17779 -1.14099 6.00000
-0.88349 0.85321 -1.09590 0.78161 -1.10100 6.00000
-0.96488 1.03954 -0.72509 1.30595 -0.72380 6.00000
-1.34363 0.86363 -1.32389 0.90824 -0.77025 6.00000
-0.61001 0.97306 -1.37840 0.76504 -0.65514 6.00000
-0.89114 1.29328 -0.81633 0.85790 -0.86052 6.00000
-1.00756 1.16860 -0.92775 1.09774 -1.06673 6.00000
-0.66316 0.60511 -0.70859 1.35695 -1.32802 6.00000
-0.89210 1.39642 -0.80070 0.75333 -1.19426 6.00000
-1.11612 0.73948 -0.97826 0.66488 -0.81572 6.00000
-0.99732 0.73650 -1.03508 1.20813 -0.86692 6.00000
-1.28842 0.97680 -0.87662 0.90078 -0.71841 6.00000
-1.19310 1.10890 -1.01338 1.12267 -1.28583 6.00000
-0.74123 0.70470 -1.12948 1.25474 -0.72528 6.00000
-0.80779 1.04507 -1.35535 0.77232 -0.83044 6.00000
-0.98056 1.36601 -1.22083 0.82819 -1.11378 6.00000
-1.08242 1.34039 -1.01918 0.91935 -1.09551 6.00000
-1.31812 1.13581 -0.79542 1.04960 -1.09376 6.00000
-1.28129 0.80537 -1.01409 1.08829 -1.19715 6.00000
-0.89650 1.06056 -0.61469 0.99379 -0.76396 6.00000
-1.37308 1.32602 -0.63330 0.98632 -1.38677 6.00000
-0.81916 1.29354 -0.67243 1.39721 -1.09257 6.00000
-0.88259 0.74399 -0.77736 0.96160 -0.64352 6.00000
-0.85832 0.67397 -1.08274 1.02901 -1.34493 6.00000
-0.87953 1.34203 -0.96420 0.92869 -1.23960 6.00000
-0.89472 0.98423 -1.31085 0.89368 -0.81889 6.00000
-1.34530 0.94422 -1.27036 0.75479 -1.13733 6.00000
-0.83915 0.87750 -0.69230 0.86414 -1.02014 6.00000
-0.85836 1.04615 -0.82805 1.02407 -0.94084 6.00000
-0.99375 1.37847 -0.68683 0.71687 -0.74064 6.00000
-0.84853 0.84350 -0.90797 1.07689 -0.63037 6.00000
-0.94767 0.94342 -0.95320 1.09472 -0.73837 6.00000
-0.90977 1.35934 -0.82654 1.39331 -0.73052 6.00000
-0.65220 0.65724 -1.02244 1.21657 -1.09235 6.00000
-0.80990 0.88102 -1.01193 1.08312 -1.32374 6.00000
-1.14803 0.64256 -0.81831 1.09295 -1.13595 6.00000
-1.09816 1.18254 -0.67605 0.73717 -0.87129 6.00000
-0.60094 0.84607 -0.86466 0.81453 -0.69610 6.00000
-0.80581 0.66990 -1.09004 1.07562 -1.28557 6.00000
-1.13841 1.25661 -0.81667 0.69558 -1.34933 6.00000
-1.16186 0.97434 -1.32859 0.87173 -1.35162 6.00000
-1.16424 1.22641 -1.30110 0.97192 -0.87339 6.00000
-0.78614 1.18320 -1.03476 1.36285 -0.89154 6.00000
-0.80415 1.32221 -1.00215 1.11538 -1.30255 6.00000
-1.02137 1.28333 -0.66196 0.94508 -1.22353 6.00000
-0.92811 0.97221 -1.24510 0.87867 -1.08585 6.00000
-1.31490 1.26831 -0.73821 0.64416 -1.24582 6.00000
-1.38141 0.97933 -0.93998 0.63713 -1.09669 6.00000
-0.93337 1.05251 -0.98303 1.35174 -0.72537 6.00000
-1.10780 0.84826 -1.30720 0.94045 -0.71766 6.00000
-1.15083 1.27093 -1.02549 1.23866 -0.82106 6.00000
-1.29649 0.95644 -1.19848 1.27832 -0.95673 6.00000
-0.91395 0.61863 -1.19307 0.74159 -1.14443 6.00000
-0.65369 0.77335 -1.18043 0.84085 -0.94216 6.00000
-0.81796 1.00454 -0.92484 1.31524 -1.21807 6.00000
-1.12954 1.27959 -1.09043 0.64014 -1.02598 6.00000
-0.63589 0.62636 -1.11923 1.01569 -1.36270 6.00000
-0.95663 1.22879 -0.60288 0.76397 -0.71865 6.00000
-1.23756 1.33495 -1.10671 1.38125 -1.17664 6.00000
-0.61122 0.68261 -1.07045 0.76574 -1.33917 6.00000
-1.06272 0.95952 -1.34267 0.84682 -1.23397 6.00000
-1.00514 0.60460 -1.05005 1.28718 -0.63264 6.00000
-1.27329 1.32628 -1.06944 1.00079 -1.25166 6.00000
-0.89569 1.26765 -0.74288 1.30601 -1.01545 6.00000
-0.65693 1.06353 -0.78455 1.28621 -1.18472 6.00000
-1.23882 0.80719 -0.91574 1.02090 -1.17520 6.00000
-1.11450 0.97251 -0.79167 1.19889 -1.04020 6.00000
-1.23079 1.09827 -1.05028 0.60860 -0.88499 6.00000
-1.23477 0.93128 -0.91044 0.99193 -0.65414 6.00000
-1.06875 0.73397 -0.65489 0.88240 -0.64077 6.00000
-0.69046 0.89893 -1.02775 1.24847 -0.87534 6.00000
-0.69096 0.84714 -1.14423 0.63031 -1.15059 6.00000
-1.33429 0.75781 -1.06590 0.96680 -0.67911 6.00000
-0.73805 0.91712 -0.90332 1.30564 -1.24743 6.00000
-0.89696 1.34307 -0.68429 1.35278 -0.77377 6.00000
-1.04291 0.99738 -0.76014 1.29861 -0.97867 6.00000
-1.09681 1.00875 -1.00642 0.66404 -1.27072 6.00000
-1.19805 1.08296 -1.05647 0.81871 -0.94983 6.00000
-0.63774 0.86742 -1.29568 1.15169 -1.23247 6.00000
-0.27759 -0.79659 -0.26538 -0.83489 -0.49073 7.00000
-0.58940 -0.71273 -0.51473 -0.33744 -0.25018 7.00000
-0.16459 -0.69075 -0.45305 -0.22665 -0.80395 7.00000
-0.31927 -0.43139 -0.33686 -0.60303 -0.56387 7.00000
-0.57994 -0.31266 -0.32775 -0.30287 -0.36205 7.00000
-0.21533 -0.23249 -0.87114 -0.86818 -0.25073 7.00000
-0.11945 -0.26364 -0.65987 -0.72361 -0.11835 7.00000
-0.56213 -0.10131 -0.51238 -0.61184 -0.88850 7.00000
-0.30728 -0.74200 -0.79639 -0.83820 -0.10177 7.00000
-0.47559 -0.88517 -0.41916 -0.75099 -0.53717 7.00000
-0.71668 -0.48794 -0.12329 -0.16922 -0.18916 7.00000
-0.30100 -0.87193 -0.60541 -0.75333 -0.55287 7.00000
-0.60828 -0.74952 -0.84135 -0.83010 -0.75985 7.00000
-0.17536 -0.38884 -0.12841 -0.53709 -0.73691 7.00000
-0.14091 -0.25093 -0.39238 -0.29543 -0.73607 7.00000
-0.38168 -0.61110 -0.49473 -0.56680 -0.85144 7.00000
-0.85483 -0.18935 -0.77484 -0.37682 -0.18066 7.00000
-0.40673 -0.50828 -0.86888 -0.39721 -0.10990 7.00000
-0.78777 -0.18889 -0.48267 -0.77998 -0.51179 7.00000
-0.45729 -0.74038 -0.11631 -0.55809 -0.42911 7.00000
-0.88811 -0.74112 -0.14317 -0.25238 -0.46194 7.00000
-0.66235 -0.36564 -0.38799 -0.83718 -0.86290 7.00000
-0.42615 -0.81886 -0.36420 -0.16619 -0.52137 7.00000
-0.62868 -0.81439 -0.87213 -0.71595 -0.70728 7.00000
-0.66804 -0.66124 -0.71387 -0.87948 -0.39897 7.00000
-0.16644 -0.29171 -0.27719 -0.39088 -0.74825 7.00000
-0.14808 -0.45979 -0.75054 -0.31139 -0.15072 7.00000
-0.29369 -0.16806 -0.74622 -0.23620 -0.25628 7.00000
-0.75171 -0.74823 -0.57150 -0.83179 -0.14786 7.00000
-0.87200 -0.55678 -0.34201 -0.76056 -0.62753 7.00000
-0.88920 -0.18599 -0.56473 -0.47826 -0.62182 7.00000
-0.29349 -0.12490 -0.53539 -0.39177 -0.81387 7.00000
-0.46748 -0.43492 -0.60632 -0.52174 -0.86897 7.00000
-0.73121 -0.49736 -0.26891 -0.58319 -0.69886 7.00000
-0.70469 -0.89480 -0.27480 -0.44051 -0.43908 7.00000
-0.35492 -0.39227 -0.48235 -0.53367 -0.31218 7.00000
-0.20749 -0.34151 -0.20918 -0.35416 -0.64335 7.00000
-0.58107 -0.89778 -0.54873 -0.53898 -0.61388 7.00000
-0.68143 -0.59265 -0.57080 -0.58400 -0.38383 7.00000
-0.72191 -0.58368 -0.34738 -0.29650 -0.15701 7.00000
-0.37818 -0.11028 -0.23251 -0.14829 -0.32252 7.00000
-0.37867 -0.57298 -0.72001 -0.59980 -0.22774 7.00000
-0.81501 -0.68447 -0.49821 -0.61491 -0.50758 7.00000
-0.23457 -0.61317 -0.89053 -0.71626 -0.24518 7.00000
-0.19582 -0.84427 -0.82808 -0.69935 -0.70843 7.00000
-0.21430 -0.74956 -0.25382 -0.22380 -0.42566 7.00000
-0.10031 -0.77641 -0.22891 -0.69140 -0.56633 7.00000
-0.71621 -0.57999 -0.86917 -0.40382 -0.49761 7.00000
-0.37067 -0.69420 -0.34040 -0.73903 -0.16876 7.00000
-0.28853 -0.45054 -0.20084 -0.26243 -0.77323 7.00000
-0.39795 -0.27495 -0.77691 -0.56030 -0.60697 7.00000
-0.81114 -0.67117 -0.31209 -0.10777 -0.53957 7.00000
-0.66602 -0.74456 -0.25253 -0.60737 -0.85084 7.00000
-0.30655 -0.33398 -0.44052 -0.55694 -0.89204 7.00000
-0.57056 -0.81032 -0.62497 -0.47822 -0.34444 7.00000
-0.38014 -0.72171 -0.24201 -0.21035 -0.27044 7.00000
-0.63513 -0.39712 -0.26520 -0.36456 -0.16530 7.00000
-0.44923 -0.74897 -0.45663 -0.45785 -0.12202 7.00000
-0.32318 -0.16014 -0.13819 -0.79087 -0.67145 7.00000
-0.76435 -0.20632 -0.39223 -0.83057 -0.44671 7.00000
-0.84052 -0.86909 -0.10529 -0.44634 -0.56649 7.00000
-0.37906 -0.40083 -0.38466 -0.28483 -0.12083 7.00000
-0.68495 -0.89881 -0.13067 -0.78728 -0.53544 7.00000
-0.11562 -0.15505 -0.52036 -0.18365 -0.33680 7.00000
-0.31987 -0.87648 -0.47573 -0.32814 -0.85059 7.00000
-0.87338 -0.67552 -0.20950 -0.81192 -0.45301 7.00000
-0.72890 -0.67719 -0.62253 -0.71358 -0.74946 7.00000
-0.46933 -0.48770 -0.17791 -0.39669 -0.80891 7.00000
-0.27622 -0.69913 -0.74530 -0.25725 -0.71168 7.00000
-0.62588 -0.88037 -0.41063 -0.70540 -0.77516 7.00000
-0.40326 -0.27895 -0.39459 -0.62226 -0.30591 7.00000
-0.78680 -0.33615 -0.71123 -0.35683 -0.50346 7.00000
-0.79935 -0.48832 -0.59935 -0.37425 -0.47486 7.00000
-0.14913 -0.51581 -0.45932 -0.33919 -0.23830 7.00000
-0.37253 -0.33588 -0.39003 -0.74700 -0.81648 7.00000
-0.83203 -0.43724 -0.81876 -0.56966 -0.89729 7.00000
-0.19941 -0.70547 -0.57061 -0.51165 -0.70657 7.00000
-0.76663 -0.76487 -0.37530 -0.40454 -0.57623 7.00000
-0.13430 -0.75176 -0.56882 -0.45480 -0.61051 7.00000
-0.86428 -0.74337 -0.62492 -0.26603 -0.87739 7.00000
-0.40969 -0.82419 -0.50084 -0.63793 -0.80992 7.00000
-0.14671 -0.33580 -0.24215 -0.13725 -0.37345 7.00000
-0.83232 -0.30217 -0.19043 -0.85348 -0.49465 7.00000
-0.47743 -0.65028 -0.75367 -0.28153 -0.26188 7.00000
-0.43960 -0.77807 -0.84170 -0.25232 -0.65157 7.00000
-0.45669 -0.80249 -0.33649 -0.31616 -0.11755 7.00000
-0.79708 -0.23285 -0.32282 -0.29706 -0.83764 7.00000
-0.16530 -0.36933 -0.64435 -0.23245 -0.56213 7.00000
-0.43973 -0.11051 -0.58528 -0.37753 -0.26922 7.00000
-0.88012 -0.77119 -0.45897 -0.35700 -0.11128 7.00000
-0.68246 -0.31306 -0.50935 -0.60082 -0.70232 7.00000
-0.22652 -0.17305 -0.71925 -0.14117 -0.42529 7.00000
-0.12882 -0.26623 -0.25152 -0.77192 -0.69435 7.00000
-0.29574 -0.56893 -0.49568 -0.17293 -0.38625 7.00000
-0.70056 -0.20301 -0.29192 -0.38514 -0.10322 7.00000
-0.71876 -0.41607 -0.61093 -0.52083 -0.72349 7.00000
-0.62708 -0.41901 -0.19893 -0.43920 -0.10423 7.00000
-0.16253 -0.76385 -0.51342 -0.73116 -0.69129 7.00000
-0.52224 -0.68184 -0.85506 -0.85874 -0.30355 7.00000
-0.82671 -0.47682 -0.26671 -0.42812 -0.56714 7.00000
-0.81120 -0.82270 -0.54782 -0.74573 -0.52329 7.00000
-0.17606 -0.44859 -0.65933 -0.70364 -0.64228 7.00000
-0.10168 -0.64587 -0.88402 -0.27040 -0.67057 7.00000
-0.25815 -0.71319 -0.84864 -0.26656 -0.76347 7.00000
-0.33940 -0.80456 -0.12542 -0.70418 -0.27229 7.00000
-0.39351 -0.22617 -0.74594 -0.26084 -0.38366 7.00000
-0.39248 -0.31402 -0.27914 -0.69809 -0.56191 7.00000
-0.71909 -0.22556 -0.53605 -0.16376 -0.17873 7.00000
-0.44558 -0.57380 -0.67331 -0.55463 -0.16164 7.00000
-0.40152 -0.69034 -0.86044 -0.82426 -0.49327 7.00000
-0.84842 -0.30111 -0.59353 -0.71025 -0.10134 7.00000
-0.16570 -0.35694 -0.27308 -0.23981 -0.54147 7.00000
-0.61170 -0.48802 -0.65965 -0.35454 -0.39278 7.00000
-0.20640 -0.27356 -0.48945 -0.76112 -0.47884 7.00000
-0.80654 -0.84957 -0.71717 -0.72321 -0.11172 7.00000
-0.65428 -0.12746 -0.70390 -0.43994 -0.16691 7.00000
-0.84435 -0.24817 -0.86831 -0.72726 -0.83815 7.00000
-0.60081 -0.38142 -0.65930 -0.46839 -0.68771 7.00000
-0.86300 -0.14539 -0.23245 -0.44429 -0.12196 7.00000
-0.38768 -0.43854 -0.23962 -0.13359 -0.60808 7.00000
-0.28961 -0.66000 -0.43344 -0.81845 -0.33831 7.00000
-0.53262 -0.32800 -0.85886 -0.32221 -0.64099 7.00000
-0.38349 -0.64679 -0.59590 -0.71839 -0.60100 7.00000
-0.46488 -0.46046 -0.22509 -0.19405 -0.22380 7.00000
-0.84363 -0.63637 -0.82389 -0.59176 -0.27025 7.00000
-0.11001 -0.52694 -0.87840 -0.73496 -0.15514 7.00000
-0.39114 -0.20672 -0.31633 -0.64210 -0.36052 7.00000
-0.50756 -0.33140 -0.42775 -0.40226 -0.56673 7.00000
-0.16316 -0.89489 -0.20859 -0.14305 -0.82802 7.00000
-0.39210 -0.10358 -0.30070 -0.74667 -0.69426 7.00000
-0.61612 -0.76052 -0.47826 -0.83512 -0.31572 7.00000
-0.49732 -0.76350 -0.53508 -0.29187 -0.36692 7.00000
-0.78842 -0.52320 -0.37662 -0.59922 -0.21841 7.00000
-0.69310 -0.39110 -0.51338 -0.37733 -0.78583 7.00000
-0.24123 -0.79530 -0.62948 -0.24526 -0.22528 7.00000
-0.30779 -0.45493 -0.85535 -0.72768 -0.33044 7.00000
-0.48056 -0.13399 -0.72083 -0.67181 -0.61378 7.00000
-0.58242 -0.15961 -0.51918 -0.58065 -0.59551 7.00000
-0.81812 -0.36419 -0.29542 -0.45040 -0.59376 7.00000
-0.78129 -0.69463 -0.51409 -0.41171 -0.69715 7.00000
-0.39650 -0.43944 -0.11469 -0.50621 -0.26396 7.00000
-0.87308 -0.17398 -0.13330 -0.51368 -0.88677 7.00000
-0.31916 -0.20646 -0.17243 -0.10279 -0.59257 7.00000
-0.38259 -0.75601 -0.27736 -0.53840 -0.14352 7.00000
-0.35832 -0.82603 -0.58274 -0.47099 -0.84493 7.00000
-0.37953 -0.15797 -0.46420 -0.57131 -0.73960 7.00000
-0.39472 -0.51577 -0.81085 -0.60632 -0.31889 7.00000
-0.84530 -0.55578 -0.77036 -0.74521 -0.63733 7.00000
-0.33915 -0.62250 -0.19230 -0.63586 -0.52014 7.00000
-0.35836 -0.45385 -0.32805 -0.47593 -0.44084 7.00000
-0.49375 -0.12153 -0.18683 -0.78313 -0.24064 7.00000
-0.34853 -0.65650 -0.40797 -0.42311 -0.13037 7.00000
-0.44767 -0.55658 -0.45320 -0.40528 -0.23837 7.00000
-0.40977 -0.14066 -0.32654 -0.10669 -0.23052 7.00000
-0.15220 -0.84276 -0.52244 -0.28343 -0.59235 7.00000
-0.30990 -0.61898 -0.51193 -0.41688 -0.82374 7.00000
-0.64803 -0.85744 -0.31831 -0.40705 -0.63595 7.00000
-0.59816 -0.31746 -0.17605 -0.76283 -0.37129 7.00000
-0.10094 -0.65393 -0.36466 -0.68547 -0.19610 7.00000
-0.30581 -0.83010 -0.59004 -0.42438 -0.78557 7.00000
-0.63841 -0.24339 -0.31667 -0.80442 -0.84933 7.00000
-0.66186 -0.52566 -0.82859 -0.62827 -0.85162 7.00000
-0.66424 -0.27359 -0.80110 -0.52808 -0.37339 7.00000
-0.28614 -0.31680 -0.53476 -0.13715 -0.39154 7.00000
-0.30415 -0.17779 -0.50215 -0.38462 -0.80255 7.00000
-0.52137 -0.21667 -0.16196 -0.55492 -0.72353 7.00000
-0.42811 -0.52779 -0.74510 -0.62133 -0.58585 7.00000
-0.81490 -0.23169 -0.23821 -0.85584 -0.74582 7.00000
-0.88141 -0.52067 -0.43998 -0.86287 -0.59669 7.00000
-0.43337 -0.44749 -0.48303 -0.14826 -0.22537 7.00000
-0.60780 -0.65174 -0.80720 -0.55955 -0.21766 7.00000
-0.65083 -0.22907 -0.52549 -0.26134 -0.32106 7.00000
-0.79649 -0.54356 -0.69848 -0.22168 -0.45673 7.00000
-0.41395 -0.88137 -0.69307 -0.75841 -0.64443 7.00000
-0.15369 -0.72665 -0.68043 -0.65915 -0.44216 7.00000
-0.31796 -0.49546 -0.42484 -0.18476 -0.71807 7.00000
-0.62954 -0.22041 -0.59043 -0.85986 -0.52598 7.00000
-0.13589 -0.87364 -0.61923 -0.48431 -0.86270 7.00000
-0.45663 -0.27121 -0.10288 -0.73603 -0.21865 7.00000
-0.73756 -0.16505 -0.60671 -0.11875 -0.67664 7.00000
-0.11122 -0.81739 -0.57045 -0.73426 -0.83917 7.00000
-0.56272 -0.54048 -0.84267 -0.65318 -0.73397 7.00000
-0.50514 -0.89540 -0.55005 -0.21282 -0.13264 7.00000
-0.77329 -0.17372 -0.56944 -0.49921 -0.75166 7.00000
-0.39569 -0.23235 -0.24288 -0.19399 -0.51545 7.00000
-0.15693 -0.43647 -0.28455 -0.21379 -0.68472 7.00000
-0.73882 -0.69281 -0.41574 -0.47910 -0.67520 7.00000
-0.61450 -0.52749 -0.29167 -0.30111 -0.54020 7.00000
-0.73079 -0.40173 -0.55028 -0.89140 -0.38499 7.00000
-0.73477 -0.56872 -0.41044 -0.50807 -0.15414 7.00000
-0.56875 -0.76603 -0.15489 -0.61760 -0.14077 7.00000
-0.19046 -0.60107 -0.52775 -0.25153 -0.37534 7.00000
-0.19096 -0.65286 -0.64423 -0.86969 -0.65059 7.00000
-0.83429 -0.74219 -0.56590 -0.53320 -0.17911 7.00000
-0.23805 -0.58288 -0.40332 -0.19436 -0.74743 7.00000
-0.39696 -0.15693 -0.18429 -0.14722 -0.27377 7.00000
-0.54291 -0.50262 -0.26014 -0.20139 -0.47867 7.00000
-0.59681 -0.49125 -0.50642 -0.83596 -0.77072 7.00000
-0.69805 -0.41704 -0.55647 -0.68129 -0.44983 7.00000
-0.13774 -0.63258 -0.79568 -0.34831 -0.73247 7.00000
