0.643893 0.188405 0.388039 -0.571925 0.471577 -0.061822 0.300254 0.120463 0.287192 -0.472324 0.418808 -0.121743 -0.034613 -0.542924 0.039363 0.425381 0.731471 0.188416 0.245633 -0.440593
0.041410 -0.020145 -0.398493 0.143518 -0.233571 -0.058840 -0.441272 0.160144 -0.140426 -0.280187 -0.153991 0.110481 0.363497 0.330305 0.096262 -0.144975 -0.153679 -0.199896 0.334224 -0.046302
0.183332 -0.095803 0.183323 -0.480057 0.114831 0.036627 0.160475 0.275537 0.093257 0.012691 -0.028212 0.302828 0.067219 -0.028197 0.129190 -0.133544 -0.489439 0.288444 0.167145 0.049472
0.032030 -0.134091 0.107661 0.017995 -0.149568 0.372909 0.096713 -0.191721 0.398924 0.319775 0.350851 -0.169014 -0.115103 -0.253828 0.464088 0.201733 -0.235265 -0.471660 -0.282943 -0.470739
-0.109264 0.251121 -0.486867 -0.059418 0.020411 -0.217974 -0.390722 0.117418 0.039582 0.187662 0.057769 -0.326891 0.483413 0.324093 -0.277160 -0.405311 -0.011031 -0.295183 0.129730 0.017266
0.305377 -0.353606 0.288762 -0.078557 -0.126615 0.265749 -0.336219 0.365078 0.334345 0.169915 0.247731 -0.320584 -0.317038 0.140194 -0.066235 -0.267439 -0.039977 -0.167116 -0.362707 0.048224
0.083748 0.320017 0.042003 0.341553 -0.013647 0.229351 -0.128772 -0.090571 -0.089788 -0.097054 0.021688 0.318853 -0.122847 0.218131 0.191557 0.022281 0.066655 -0.030313 0.183672 -0.483333
-0.517324 0.239070 -0.479967 0.013219 0.107553 -0.123070 -0.433249 0.006244 0.217943 -0.279707 0.449130 0.289887 -0.071812 -0.396360 -0.168183 0.013329 0.199927 -0.139479 -0.125154 -0.292774
-0.382170 -0.035298 -0.165662 0.311778 -0.371900 0.121466 0.141460 0.446248 -0.183953 -0.353727 0.572859 -0.474252 0.420685 -0.033252 0.424403 0.077956 -0.002330 0.042773 -0.005693 0.079632
-0.044770 -0.172178 -0.131763 0.027470 0.258935 0.310456 0.237187 0.273575 0.029181 -0.017344 0.246090 0.073167 -0.034962 -0.201478 -0.315400 -0.290716 -0.200084 -0.183367 0.254952 -0.396674
-0.097763 0.011662 0.345653 -0.058644 -0.293365 0.363615 0.163493 -0.143443 -0.356515 0.171285 -0.373306 -0.227574 -0.459707 0.238374 0.269083 -0.034170 -0.499295 0.173614 -0.056405 0.327431
0.030585 0.155307 0.008650 0.172601 -0.344076 -0.193671 -0.410303 -0.240357 0.141607 0.335381 -0.254056 -0.411509 0.246032 0.016165 0.156346 -0.408440 0.250750 0.232578 0.399461 0.233864
0.507565 -0.330324 0.487419 0.130855 0.357332 -0.204842 -0.013459 -0.480086 -0.541904 -0.356472 -0.578763 0.114753 -0.465171 0.324000 0.283209 -0.238074 -0.234440 -0.019104 -0.450945 0.336272
0.019601 -0.091252 0.141266 0.326229 0.266761 -0.370246 -0.145848 0.502641 -0.033988 -0.112308 0.593668 0.020352 0.421400 -0.462081 0.428559 -0.210245 0.425158 -0.096038 0.206153 -0.395282
0.390966 -0.196497 0.380823 -0.023949 0.404359 0.205458 0.079133 0.042811 -0.409997 0.086583 -0.311837 0.450433 -0.576133 0.170471 -0.499621 0.309140 -0.660908 0.604008 -0.532860 0.515020
-0.376918 0.224793 0.125696 -0.077253 0.329522 0.110690 -0.281589 -0.175391 -0.124803 0.361249 0.232978 -0.233327 0.309983 0.054433 0.012276 -0.112150 0.389195 -0.412661 0.021372 0.313433
-0.090114 0.008092 -0.240477 0.018076 -0.113756 -0.084860 -0.154226 0.110707 -0.083323 -0.142848 0.242790 0.026527 0.243383 0.011694 0.029518 -0.032852 -0.050416 0.009678 0.085005 -0.011483
