-0.093666 0.246223 -0.272689 0.289735 -0.014809 0.032055 0.119509 -0.127011 0.180944 0.373896 -0.122298 0.032344 -0.109387 0.584393 -0.072937 -0.000090
0.182847 -0.104007 0.362374 -0.192976 0.312308 -0.036186 -0.062708 0.091387 0.306148 -0.026813 0.018598 0.110828 0.002010 -0.231755 -0.419531 -0.174777
-0.361466 -0.103573 0.148916 0.369203 -0.115121 0.243056 0.156171 0.253602 0.152376 -0.340745 0.128534 0.151692 0.312640 0.367121 0.242115 0.289741
0.170999 0.146689 -0.163661 -0.301583 -0.077768 0.046221 -0.302066 0.128689 -0.064492 0.172507 0.236290 -0.429098 -0.084704 -0.497934 0.218312 0.103894
0.039253 -0.060516 0.286692 0.162526 -0.335883 0.054644 0.098516 -0.198507 0.276830 0.119130 -0.085654 0.125135 -0.205834 0.374523 -0.090636 0.271989
-0.293166 0.337642 0.035512 -0.153931 0.049168 -0.114029 0.084883 -0.210838 0.075059 -0.136186 -0.210064 -0.019511 0.221216 -0.109660 -0.247333 0.166715
0.295221 -0.178024 0.052276 0.409853 -0.150158 0.365554 -0.325383 0.300432 0.051534 -0.092427 0.127833 -0.190730 -0.222791 0.317889 -0.129582 0.206159
-0.123626 -0.018257 0.340641 0.241640 0.380189 -0.244023 0.216781 0.371731 -0.210290 0.383100 0.366474 -0.284849 0.104461 -0.254835 -0.241681 -0.270480
-0.055287 0.084132 -0.236053 0.239087 0.243013 0.010690 -0.404511 -0.395794 0.320984 -0.007367 -0.278045 -0.067083 0.358441 -0.295396 -0.218807 -0.301577
-0.040250 0.093509 0.333449 0.291128 0.280511 0.317179 0.327779 -0.305596 0.359948 -0.192236 0.198617 0.207386 -0.072281 -0.367569 -0.287203 0.257707
0.220239 -0.147076 -0.150330 -0.440124 0.342685 -0.188173 -0.344496 0.382010 -0.260228 -0.125308 -0.100120 -0.224640 -0.296892 -0.153484 -0.077155 -0.757335
0.020300 0.173779 0.243634 -0.267525 -0.042386 0.106273 -0.069840 -0.155805 -0.015138 0.111665 0.196592 -0.000794 0.048744 0.057129 -0.156550 0.211968
0.260871 -0.204102 -0.032961 0.181956 -0.284383 -0.263462 0.018363 0.090458 0.370610 0.339310 0.006027 -0.078196 0.130490 -0.286373 -0.045081 -0.531745
-0.330480 0.297202 -0.423643 -0.166092 0.090770 0.373104 0.366676 0.384447 -0.088486 -0.225090 0.237147 -0.425844 0.171016 -0.225053 0.398104 0.228163
0.078680 -0.071400 -0.261994 0.331352 -0.089136 0.351018 0.082224 -0.139403 -0.386819 -0.132212 -0.022499 0.019944 -0.182368 -0.255035 0.147900 -0.284014
-0.357355 0.147120 -0.044004 0.342521 -0.188002 0.191620 0.209868 -0.122505 0.000028 -0.279046 0.290716 -0.191386 0.158612 0.276679 0.376153 0.117211
-0.337652 0.311803 -0.428539 -0.086953 0.263145 0.353583 0.278743 0.092021 0.351780 0.278101 -0.079140 0.024751 0.368546 0.077781 0.150473 -0.523269
-0.052571 0.105527 -0.190722 0.122599 0.061602 0.033637 0.120436 0.277050 -0.198589 0.308554 -0.159266 0.205273 -0.138729 0.638426 0.183652 0.111427
0.193308 -0.226515 -0.175223 -0.192491 0.051490 0.295484 -0.321927 0.362412 -0.144439 0.250359 0.105574 -0.129541 0.339335 0.020813 0.193066 -0.412175
-0.148152 -0.094751 0.154809 -0.099295 0.009466 -0.362898 0.116621 0.193354 0.008032 0.066151 -0.109362 -0.002146 -0.243297 0.215267 -0.039656 0.375594
-0.188201 -0.134255 -0.092798 -0.096885 0.016204 -0.087590 -0.031527 0.045326 -0.099889 0.044321 0.177348 0.119234 -0.057132 0.082899 -0.106166 -0.294428
