0.000000 0.000386 -0.000002 0.000001 -0.000000 0.000001 -0.000275 -0.000002 0.000000 0.000002 1.517547 0.000000 0.000000 0.000001 0.000001 -0.000002
-0.000001 -0.000006 0.000000 -0.000000 0.000002 -0.000000 0.000006 -0.000002 -0.000000 0.000003 0.000002 -0.000001 0.000001 0.000002 0.000001 0.000002
-0.000002 0.000000 0.000001 0.000002 0.000001 -0.000002 -0.000004 0.000001 0.000000 0.000002 -0.000000 0.000001 0.000001 0.000000 0.000000 0.000001
0.000002 -0.000000 -0.000001 0.000001 -0.000000 0.000000 -0.000000 -0.000002 0.000001 -0.000000 0.000000 0.000001 -0.000001 -0.000002 -0.000002 -0.000000
0.000000 0.000000 0.000001 0.000000 -0.000001 0.000002 0.000002 0.000002 0.000001 -0.000001 0.000001 0.000000 0.000001 0.000000 0.000000 -0.000001
-0.000000 -0.000001 -0.000000 0.000000 0.000001 0.000000 0.000003 -0.000002 0.000000 -0.000002 0.000001 -0.000000 -0.000001 0.000001 -0.000002 -0.000002
-0.000001 -0.000002 0.000001 -0.000000 0.000001 0.000000 -0.000001 0.000000 0.000000 -0.000001 0.000001 0.000000 0.000000 0.000000 -0.000001 0.000000
0.000000 0.000001 -0.000002 -0.000002 -0.000001 -0.000001 0.000001 -0.000001 0.000000 0.000001 -0.000000 0.000001 -0.000002 -0.000001 0.000002 0.000001
-0.000000 0.000001 -0.000001 0.000000 -0.000001 0.000000 -0.000001 -0.000000 -0.000002 -0.000002 0.000001 -0.000002 0.000002 0.000001 0.000001 -0.000001
-0.000003 -0.000006 0.000000 0.000001 0.000000 0.000001 0.000008 0.000001 -0.000000 -0.000001 0.000002 0.000001 0.000001 0.000000 0.000001 -0.000000
0.000000 -0.000003 0.000002 -0.000000 -0.000000 0.000001 0.000000 0.000001 -0.000001 0.000002 -0.000003 0.000000 -0.000000 0.000000 0.000000 0.000000
-0.000001 -0.000004 -0.000000 -0.000002 0.000000 0.000000 0.000015 -0.000000 0.000000 0.000001 0.000003 0.000000 0.000002 0.000001 -0.000002 0.000001
0.000003 0.000000 -0.000001 0.000003 0.000001 0.000001 -0.000001 -0.000002 -0.000002 -0.000000 -0.000002 -0.000001 -0.000001 0.000000 -0.000000 -0.000002
0.000001 0.000002 0.000000 -0.000001 -0.000002 0.000001 -0.000002 0.000002 0.000001 0.000000 -0.000002 -0.000000 -0.000000 0.000002 -0.000000 -0.000000
-0.000000 0.000013 -0.000001 0.000001 0.000000 0.000001 -0.000000 0.000000 -0.000001 0.000002 -0.000002 -0.000002 0.000001 0.000001 0.000001 -0.000000
0.000003 0.000002 -0.000003 0.000000 0.000001 -0.000001 0.000001 0.000000 -0.000002 -0.000001 0.000004 -0.000002 -0.000000 -0.000000 0.000001 0.000001
-0.000000 -0.000004 0.000002 0.000001 0.000000 0.000000 -0.000003 -0.000000 0.000001 -0.000000 -0.000000 -0.000001 -0.000002 0.000001 -0.000000 -0.000001
0.000001 0.915756 0.000002 0.000002 -0.000002 -0.000001 -0.633776 0.000001 0.000001 -0.000000 -0.000032 0.000000 0.000002 -0.000002 -0.000002 -0.000005
-0.000000 -0.000010 -0.000001 -0.000001 0.000000 -0.000002 0.000003 -0.000002 -0.000002 -0.000001 0.000008 0.000000 0.000001 -0.000000 0.000001 0.000002
0.000001 -0.000003 -0.000001 0.000000 -0.000002 -0.000000 0.000001 -0.000002 0.000000 0.000000 0.000000 0.000001 0.000000 -0.000000 0.000001 -0.000000
0.007973 0.112481 0.231490 -0.010201 -0.166458 0.015938 -0.114524 -0.117186 0.137575 -0.223280 0.181466 0.012149 -0.051892 -0.178582 -0.188344 -0.301486
