-0.000009 -0.000001 0.000001 -0.000000 -0.000000 -0.000002 0.000002 0.000000 0.000000 -0.000001 -0.000000 0.000000 -0.000001 0.000001 0.000003 -0.000000 0.000000 0.000013 0.000000 -0.000001
-0.000030 0.000000 -0.000001 -0.000002 0.000001 0.000000 -0.000001 -0.000002 -0.000001 0.000001 0.000000 0.000001 -0.000000 0.000001 -0.000001 0.000000 -0.000002 -0.000027 -0.000001 -0.000001
0.000044 0.000000 0.000000 0.000000 0.000000 -0.000001 -0.000002 -0.000001 0.000002 0.000001 -0.000000 -0.000001 -0.000000 0.000000 -0.000002 0.000002 0.000002 0.000096 -0.000003 -0.000002
0.000055 0.000000 -0.000000 -0.000000 -0.000001 -0.000001 -0.000001 -0.000001 -0.000001 0.000001 0.000001 -0.000001 0.000001 0.000001 0.000002 0.000000 0.000000 0.000108 -0.000002 0.000001
0.000002 0.000000 -0.000002 -0.000000 -0.000000 -0.000002 -0.000000 0.000000 0.000000 0.000000 0.000001 -0.000000 0.000001 0.000001 0.000002 -0.000002 0.000001 0.000007 0.000000 -0.000001
-0.415696 -0.000002 -0.000001 0.000000 -0.000002 -0.000001 0.000002 -0.000000 -0.000000 0.000000 -0.000001 -0.000000 0.000002 -0.000001 0.000000 0.000001 -0.000000 -0.000001 0.000000 0.000002
0.000008 0.000002 -0.000000 -0.000000 -0.000000 -0.000000 0.000002 -0.000002 0.000001 0.000001 -0.000002 0.000001 -0.000000 0.000000 -0.000001 0.000000 0.000000 -0.000003 -0.000002 -0.000002
-0.000001 -0.000001 0.000001 0.000003 0.000000 -0.000000 -0.000001 -0.000002 -0.000002 0.000000 0.000001 0.000002 -0.000001 -0.000000 0.000000 -0.000000 0.000000 -0.000001 -0.000001 -0.000001
0.000005 0.000002 0.000000 -0.000001 0.000000 -0.000001 -0.000002 0.000001 -0.000000 -0.000001 -0.000001 -0.000001 -0.000000 0.000001 0.000000 0.000000 0.000001 -0.000009 -0.000001 0.000000
-0.000002 -0.000000 -0.000000 0.000000 -0.000001 -0.000000 -0.000000 0.000000 -0.000003 0.000000 0.000001 0.000001 -0.000000 0.000002 0.000002 -0.000001 0.000002 0.000002 -0.000001 0.000000
-0.799083 0.000001 -0.000000 -0.000001 -0.000001 -0.000000 0.000001 0.000002 0.000001 0.000002 0.000002 -0.000002 -0.000000 -0.000000 0.000001 -0.000001 0.000001 -0.680645 -0.000000 -0.000001
0.000003 0.000002 -0.000000 0.000002 -0.000001 -0.000001 -0.000001 -0.000001 -0.000000 -0.000001 0.000002 0.000002 0.000001 0.000000 -0.000001 0.000001 -0.000002 0.000010 0.000002 -0.000001
0.000007 -0.000001 -0.000000 0.000001 -0.000000 0.000001 -0.000000 0.000001 -0.000001 -0.000000 0.000001 -0.000000 -0.000001 0.000000 0.000002 0.000002 0.000000 -0.000009 0.000001 -0.000000
-0.000001 0.000002 -0.000000 0.000001 -0.000001 0.000001 -0.000000 0.000001 0.000000 -0.000001 -0.000001 -0.000002 0.000001 0.000001 -0.000001 -0.000001 -0.000001 -0.000001 -0.000001 -0.000002
-0.881227 -0.000001 -0.000000 -0.000001 0.000001 -0.000001 -0.000001 -0.000001 0.000000 0.000001 0.000000 0.000001 0.000001 0.000000 -0.000001 0.000002 -0.000000 -0.996909 -0.000000 0.000001
-0.000000 -0.000002 0.000001 0.000000 0.000003 0.000001 0.000000 -0.000000 -0.000001 0.000002 -0.000000 -0.000001 -0.000000 -0.000001 0.000002 -0.000002 0.000001 -0.000005 -0.000000 0.000001
0.321479 0.081521 0.013905 -0.029457 -0.012858 0.017628 0.081959 -0.004807 0.049451 0.072858 -0.014610 0.090463 0.036350 0.044640 -0.059079 -0.021853 0.052598 -0.501256 0.181227 -0.058098
