0.011747 0.142861 0.114899 -0.136934 -0.076835 -0.005422 -0.115733 0.032054 0.166545 0.110959 -0.051848 -0.090975 0.152904 0.168009 0.177141 0.135125 0.137345 -0.211768 0.068323 0.123554
-0.089978 -0.089553 -0.003081 0.106904 0.035137 -0.100869 0.110943 -0.006222 -0.008390 -0.083545 0.045581 -0.017022 -0.083370 -0.150904 -0.100983 -0.045825 -0.072991 0.156563 -0.101087 -0.066642
-0.036625 -0.072033 -0.002800 0.125950 0.080273 -0.033190 0.095740 -0.087604 -0.079343 -0.136541 0.062889 0.051376 -0.075005 -0.218752 -0.105071 -0.010926 -0.086420 0.189617 -0.069173 -0.090757
0.069444 0.176939 0.030795 -0.138089 -0.035588 -0.009432 -0.094231 0.083582 0.143529 0.139086 -0.040009 -0.041202 0.031287 0.238946 0.090952 0.016050 0.005666 -0.122497 0.084736 0.053999
0.002799 -0.117057 0.027084 0.009067 -0.039605 -0.069346 0.010910 -0.092254 -0.098565 -0.053060 -0.006167 0.046649 -0.001728 -0.135851 -0.040146 0.028760 0.005397 0.008415 -0.103247 -0.018421
-0.047753 -0.064635 -0.046439 0.028948 0.085044 0.050025 0.027393 -0.066655 0.001256 -0.003878 -0.043335 -0.005471 0.016155 -0.131214 -0.090037 -0.082436 0.011444 0.045342 -0.075385 -0.010166
-0.025246 -0.131781 -0.027364 0.107375 -0.007953 -0.088109 0.045746 -0.004253 -0.071483 -0.014209 -0.075259 0.070501 -0.115680 -0.175809 -0.012704 -0.033176 0.024581 0.157345 -0.061517 0.000267
-0.034056 -0.105658 0.052881 0.053442 0.026657 0.036106 -0.036564 0.006507 -0.045697 -0.045462 -0.025721 0.059881 -0.048868 -0.024997 -0.083228 0.037825 -0.084686 0.041273 0.019463 -0.013569
-0.130148 -0.211156 -0.007339 0.075508 0.071722 0.007991 0.029731 -0.128204 -0.061842 -0.118475 0.022359 0.001713 -0.124280 -0.201501 -0.142590 -0.099007 -0.012250 0.198876 -0.154201 -0.085508
-0.013579 0.005261 0.017623 0.024330 -0.043377 -0.074051 -0.060890 0.064101 0.007014 0.069214 -0.050110 -0.069323 -0.050135 -0.056735 0.074907 0.071229 -0.043051 -0.043701 0.010336 -0.009234
-0.187876 -0.250585 -0.173941 0.147416 0.117842 -0.150151 0.115600 -0.163981 -0.195211 -0.184180 -0.066624 0.122128 -0.179933 -0.396027 -0.206752 -0.162189 -0.131851 0.347213 -0.241413 -0.090898
0.067418 0.212335 0.125400 -0.118781 0.018118 0.119810 -0.125960 0.157494 0.122677 0.055393 0.049012 -0.098763 0.041355 0.179241 0.155350 0.079861 0.128254 -0.108149 0.116909 0.098048
0.088843 0.214895 0.062841 -0.151153 -0.123595 0.106501 -0.021641 0.013168 0.099372 0.113801 0.068420 -0.091660 0.045639 0.197960 0.074968 0.157234 0.136397 -0.198324 0.110545 0.032751
-0.012209 -0.044714 -0.041962 0.073667 0.065516 -0.014481 0.059456 -0.077438 0.006874 -0.040766 -0.050801 -0.023558 -0.121244 -0.044666 -0.035881 -0.070658 -0.009239 0.143586 -0.100162 -0.106069
-0.152171 -0.189534 -0.053505 0.085217 0.104267 -0.146312 0.107547 -0.162890 -0.208527 -0.088289 -0.058455 0.135395 -0.202854 -0.336418 -0.197021 -0.175580 -0.049751 0.233159 -0.155244 -0.129723
0.000466 -0.123357 -0.052568 0.017538 0.059515 -0.080737 0.043272 -0.057529 -0.012110 -0.093202 -0.012430 0.064345 -0.097401 -0.184674 -0.103603 -0.126672 -0.039875 0.065555 -0.091592 -0.089589
-0.100503 0.085707 0.011568 -0.115608 -0.052324 -0.220208 0.058029 -0.180230 -0.111398 0.127951 -0.077869 -0.132745 -0.058370 0.253241 0.156168 0.100973 -0.092223 -0.195127 -0.045564 -0.152473
