0.014911 -0.008344 -0.052512 -0.076907 -0.001457 0.033059 0.030622 -0.046027 -0.050781 0.087179 -0.083521 -0.068800 -0.072913 -0.269417 0.019276 0.050440
0.072834 0.001942 0.032880 -0.155256 0.071324 0.063600 -0.019748 -0.026836 0.006191 0.306159 -0.012165 -0.044169 0.048664 -0.472864 -0.016838 0.051449
-0.023453 0.029759 -0.058996 -0.050936 0.077728 0.068388 0.049550 0.054872 -0.000934 0.131250 -0.044247 0.021215 -0.011988 -0.174456 -0.030903 0.017953
-0.059207 0.057526 -0.073973 0.100138 -0.071007 -0.029360 -0.080518 -0.020099 0.071397 -0.230933 0.044779 0.000157 -0.013165 0.244180 -0.071933 -0.001689
-0.057908 0.030416 -0.061270 0.138119 -0.014459 0.004453 0.051199 -0.044329 0.041032 -0.139303 0.050303 0.017569 0.076433 0.127712 -0.007882 -0.030984
-0.053246 0.033377 -0.023467 0.015941 -0.029167 -0.052437 0.031704 0.064414 -0.068112 0.013105 -0.039253 -0.037557 0.048123 -0.282444 0.048569 0.061540
0.054670 0.073580 -0.005620 0.029617 -0.023192 -0.024224 -0.051448 -0.003261 -0.035617 -0.116876 0.049823 -0.025482 0.052469 0.247741 -0.066702 -0.041077
0.062930 -0.046979 0.044017 -0.012550 -0.038406 0.001799 -0.004987 0.044899 0.040868 0.077411 0.035328 -0.040821 -0.066401 -0.332879 0.016881 0.065973
0.008834 -0.055889 0.059377 -0.001237 0.037273 -0.013994 -0.008805 -0.013432 0.025949 0.186313 0.022493 -0.056884 0.021681 -0.360916 -0.021677 -0.052873
-0.005705 -0.000394 0.007941 -0.121573 0.076167 0.030421 -0.028341 -0.060910 0.018453 0.234472 -0.095108 -0.086867 0.024242 -0.222878 0.009778 0.076774
0.039697 -0.067855 0.066962 -0.080416 0.026181 -0.034044 0.041960 0.053869 -0.009392 -0.030382 0.036653 0.015160 -0.030413 -0.052567 -0.013295 0.027559
-0.030420 0.027244 0.027406 0.071570 0.022035 -0.034302 0.015104 0.068016 0.023000 -0.200050 0.044168 -0.029956 0.045170 0.139350 0.020659 -0.062324
0.060794 -0.014233 -0.017948 -0.032575 0.039803 -0.014435 -0.014358 0.019087 -0.011496 0.161673 -0.087318 -0.022223 -0.046095 -0.343164 -0.007416 -0.032182
-0.014496 -0.071117 -0.021334 -0.277299 0.119848 0.023126 -0.008617 0.060371 -0.110544 0.496241 -0.047295 0.026467 -0.055413 -0.520453 0.080550 0.072583
-0.052666 -0.071990 -0.020449 -0.161264 -0.034914 0.070905 0.075838 0.076539 -0.071837 0.300117 0.034175 0.014183 -0.038120 -0.302516 -0.046387 0.039215
-0.019666 -0.079966 -0.055411 -0.130758 0.011540 -0.049277 -0.011696 -0.056884 -0.057395 0.232161 -0.014548 0.001433 -0.078830 -0.231316 0.031972 -0.006932
0.060043 0.043872 -0.000289 -0.015745 0.055470 0.065282 -0.005087 -0.065652 -0.038716 0.125402 -0.001160 -0.023117 -0.078340 -0.218237 0.058117 0.054181
0.022263 0.106735 -0.073632 0.240078 -0.110202 -0.043630 -0.078958 0.043359 0.025409 -0.402998 0.109439 -0.039047 -0.035188 0.422306 -0.020068 -0.095725
0.000608 0.045654 0.080810 -0.137857 -0.015155 0.080036 0.087279 -0.050757 0.033946 0.142058 -0.031420 -0.018513 -0.070722 -0.387664 0.074679 -0.033285
0.002200 -0.019764 0.034727 -0.014246 0.028237 -0.018443 0.078533 0.058666 -0.063420 0.059654 -0.034579 -0.067812 0.052049 -0.289810 0.044706 -0.009427
-0.124480 0.042736 -0.184582 -0.156409 -0.051837 -0.143076 -0.187289 -0.038053 0.160399 0.401874 0.018785 0.169150 0.104276 0.454446 -0.191937 -0.003247
