-0.140253 0.295887 -0.636494 0.544873 0.178707 -0.025504 -1.450920 1.338581 -0.158675 -0.009944 1.310545 0.314618 -0.764209 -0.301558 0.722371 -0.689098
-0.422547 -1.330526 -0.412031 -0.353261 0.106086 1.159791 -0.097648 -0.574617 -1.797997 0.507837 -0.257977 0.218457 -0.402517 -0.477122 0.977809 0.706165
-0.048804 1.037643 -1.746700 -1.752934 -1.009384 0.118489 -0.597505 -0.801764 -0.523396 -0.047239 1.980640 -0.447979 -0.430387 -0.044664 -0.270585 -0.006318
0.204599 0.768474 -1.792652 1.900588 -0.434955 0.733677 -0.217650 -0.744655 -1.987251 -1.660787 1.167698 1.085477 0.851021 0.335828 -1.007319 4.231504
-2.815471 -0.204886 0.569161 0.114843 0.209060 0.111855 1.099772 -1.873571 0.187096 -0.803751 -0.947839 -0.898594 0.683070 -0.604938 -0.650851 1.200386
-2.317060 -1.867533 1.435382 -1.584666 -0.540778 0.631159 -0.107156 -0.132789 0.328419 -0.903859 -0.715284 0.565777 0.672347 -0.553749 -0.158133 -0.096784
0.235644 1.828866 0.936630 0.240613 0.077246 -0.359443 -0.503854 0.985409 -0.210245 -1.661105 -0.256080 0.324236 -0.216722 -0.992926 -1.014810 0.200544
1.731872 -0.794902 0.766338 -0.187002 -0.882660 -0.568309 0.015420 -0.037650 -0.641388 0.076029 0.326672 -0.477254 0.084524 1.036429 1.066820 0.638726
1.975024 -1.100554 -0.673395 0.157921 1.354565 0.653491 1.500615 0.182418 0.318021 -0.287089 -0.747256 0.929559 -0.122041 1.231485 -0.453314 -0.047522
-0.140931 -0.318501 -0.775794 1.256275 1.118188 -0.561836 -0.375774 -0.773861 -0.200709 -1.199728 0.938030 -0.267015 -0.248967 0.306224 -1.257032 0.219523
-0.284164 -0.215891 0.454863 3.273468 -0.373355 -0.390314 0.159015 -1.017443 1.134887 -2.029591 0.560419 -1.155569 -0.350066 0.630088 -1.718970 1.594550
-1.316265 -0.373167 -1.071220 -0.396522 2.272592 -0.040333 -1.138962 -0.862748 -1.066035 -0.011950 0.685853 -1.619565 -0.022966 0.172566 1.205334 -0.668273
0.730880 0.634696 0.270831 -0.803821 0.527344 0.015557 0.099384 -0.114745 0.680863 0.546932 -1.043270 1.116195 0.375602 3.166101 2.085098 -1.423103
-0.309969 0.598342 -1.065926 -0.816960 1.786911 -0.570999 -0.359687 0.179700 -0.560673 -0.189558 0.870577 -0.636598 0.041683 -1.939471 -0.454002 -0.411196
1.457195 0.643270 0.078926 0.594581 -1.257903 0.182511 0.211748 -0.276742 -0.426925 0.657224 1.299928 0.307224 1.063188 -0.078526 -0.591905 0.503479
-0.286839 0.442239 -0.366564 1.761639 1.654178 1.451693 0.438536 -0.288064 0.501063 -0.842670 0.797840 -1.247540 -0.503713 -0.521303 0.656239 -0.663963
0.276478 0.116925 0.651032 0.982001 1.083383 0.689762 0.886311 0.322946 0.483307 0.283909 0.784919 0.570678 0.311399 0.165878 0.899362 0.447336
