-0.045864 2.265908 -0.119986 0.164903 1.578831 0.925864 0.392630 -0.070730 0.577055 -1.788542 -0.624530 -1.729325 0.318678 0.589964 -0.216395 0.907494
0.952905 -0.566704 1.668994 1.085942 0.379127 0.814686 -0.924578 1.166264 0.520159 -1.859066 1.876880 1.924761 0.061760 0.804248 -1.342675 2.223196
-1.015752 -1.164488 -0.708311 -1.037865 0.928575 0.529956 -0.173167 0.643370 0.336819 0.578512 -1.539151 -1.021107 -0.421058 -1.668759 2.015842 0.513557
0.494449 0.168969 -1.431752 0.275234 -0.146005 -0.011142 -0.651026 -1.067615 0.066405 0.847500 0.797230 0.222912 -1.250801 -2.418275 -0.415133 -1.320315
-0.194658 0.204559 -1.502933 0.811143 0.314060 -0.318748 -1.188885 0.053720 0.809488 1.117586 1.227569 -1.180137 -0.853723 1.003372 0.983483 -0.069014
-0.032965 1.435282 0.118672 1.688998 -0.224572 0.264136 0.301499 -2.228231 -0.201760 -1.143626 -2.365305 0.110071 0.837853 -0.569652 0.105274 0.597805
-0.104863 0.704648 0.435171 1.078920 1.231254 0.826702 -1.289083 0.309204 -0.195647 1.135092 -0.081541 1.141968 -1.937544 0.508378 1.268734 0.589460
-0.316721 0.196248 0.189905 -2.722303 0.660970 -1.373868 0.838280 -0.834346 0.030519 -0.015721 0.075761 -0.658074 -0.473881 1.116043 0.418421 -1.515829
1.064669 1.717438 1.848764 0.427940 1.111683 1.470338 0.569122 -0.904767 -0.646363 0.566143 -0.863632 -1.068328 -1.818197 -1.325305 -0.807173 -0.877693
-0.786995 -0.586535 0.954376 -0.116645 0.516594 0.170305 0.582843 -0.625000 -1.133939 0.583866 1.657339 -0.815708 -0.931731 0.756875 -0.197113 -0.397655
0.853141 -0.794836 0.576081 1.349374 -1.179079 1.107168 0.180637 0.755576 0.714551 -0.387589 0.364604 -0.398163 -0.025569 0.633176 -0.762096 1.448314
1.286363 1.116248 0.816445 0.825702 0.306412 0.410107 -0.740021 0.377778 -0.584893 -0.305517 -1.212641 -0.885497 -0.080454 0.864582 -0.564197 2.215595
3.022758 0.106054 0.642600 -0.334555 0.445389 1.308511 1.212056 -0.288771 0.290063 -0.019673 1.719495 1.227702 -1.579741 -0.750379 0.242281 -1.699911
1.315020 -2.541146 0.678255 1.859014 -1.166413 1.964996 0.646134 -1.077834 0.589506 0.597941 0.150195 0.831428 0.312089 -1.741751 1.051351 -0.136348
1.209065 -0.951247 2.099113 0.821059 -0.040299 0.689321 0.458538 -1.204483 -1.930451 1.040309 0.346408 -0.703150 -0.939761 2.221295 -0.387616 -0.787750
-0.173800 -0.844201 -1.692156 -0.824590 -1.019081 -0.523052 1.869584 -0.155361 0.022728 -1.154145 -0.305976 -1.751325 0.015009 -1.470160 -0.616704 -3.366113
0.189820 0.434792 0.988063 0.624253 0.049142 0.057255 1.450122 0.635651 0.578944 0.384016 0.304347 0.454507 -0.696703 0.492791 0.804574 1.192563
