0.415838 0.232305 -1.297969 -0.720103 -0.112714 1.646847 -0.419182 0.247630 2.738670 0.205410 0.070407 -0.180076 -0.752684 0.243464 -0.331002 -0.535029 -3.307451 -0.617617 0.198070 -1.427490
0.693648 0.067124 0.771101 0.796299 -1.273045 0.611170 1.542346 0.473502 0.207469 -0.338247 1.398001 -0.129330 0.687381 -0.114176 -0.298892 2.585061 -0.139728 1.431840 -0.883689 1.868773
1.216766 0.302552 -0.407093 -0.136850 0.068271 -0.502844 0.931963 1.525126 0.531780 1.435901 -0.225315 0.603737 -0.731110 1.470961 0.708189 0.327784 1.485788 0.174539 0.638658 -0.060745
-0.792549 0.003925 -2.327636 -0.192177 -0.055647 0.288982 0.237616 -0.400259 1.395520 -2.049383 -0.636350 -1.693924 -0.269602 0.333378 -1.187685 0.633387 -1.500856 -1.280812 -0.907409 -0.007855
-0.480210 1.627676 -0.449385 0.490903 -0.642014 0.273813 0.140095 0.459968 0.109686 -1.991880 -0.300174 1.824995 -2.442395 -0.053301 1.027385 1.129921 -1.280128 -0.848630 0.519265 0.702470
-0.803039 -0.205293 -0.479107 0.365835 -0.705420 0.135005 1.166033 -1.133136 -1.630786 2.177033 1.103817 -1.156924 -1.173927 0.319714 -0.104341 0.293528 -1.450265 -0.599354 0.944243 -0.151587
0.482573 -1.972974 -0.789527 1.827672 0.027361 -1.963698 -0.234825 -0.727976 -0.871394 1.006168 1.785427 -0.633305 -0.404132 -1.030624 1.277861 -1.514495 -0.921747 0.280761 0.516086 2.072775
-0.841924 0.150571 -0.174833 -0.117289 -1.158620 0.058023 -0.594700 -0.334835 -1.926669 0.336204 0.978534 -0.915381 -0.150600 0.191013 0.460484 -1.339121 -0.074292 -1.402569 -2.602461 1.631019
-2.148017 1.178311 -0.151187 -1.058029 1.882174 0.692180 1.057488 0.523279 0.007650 1.254054 1.048089 -0.134199 -0.162745 -1.546750 0.276765 -0.008292 0.216980 0.579054 0.084489 2.771238
0.394919 0.506179 -0.895987 2.026567 0.733249 1.236149 -0.680176 -0.390936 0.864039 -0.858538 1.318733 2.105768 -0.297300 -0.974287 -0.944682 -0.587750 -0.427045 1.002174 0.162796 -0.445181
0.954365 1.305183 -0.817418 0.717763 0.015045 -0.532100 2.419065 -0.116088 0.054488 0.036238 0.775400 1.510912 1.345387 -0.727540 -0.370753 -0.800203 -1.590791 0.510727 1.906888 -1.763060
0.175997 0.184346 0.890568 -0.070189 0.808325 0.872891 -0.294370 0.075709 1.288547 0.992227 -0.231601 -1.576768 0.083866 -0.264103 0.485616 0.610476 0.292419 0.475107 2.471524 -1.106102
0.401237 0.072438 -0.534908 -1.483571 -2.043302 -0.807775 1.214018 1.097320 -1.235364 -1.385651 -0.830804 -0.317464 -0.744675 0.507814 -1.894248 0.090447 -0.849987 -0.089308 0.699697 -0.774017
-0.525175 -0.767358 -0.288117 1.444711 -0.068661 0.322739 -0.855016 0.066264 1.070748 -3.146303 0.119715 0.152592 -0.191368 -0.758164 -1.913109 -0.187438 -1.556158 0.557173 1.307962 0.748573
1.342175 0.738954 0.081135 -0.072458 0.632299 -0.664645 0.208027 -2.276013 0.082343 0.428555 -0.590995 -0.048516 0.903427 -0.520682 -0.392947 0.420311 0.435019 1.931622 1.997290 -1.205909
0.720892 -0.992740 -0.555530 0.296311 0.874153 -0.438006 1.034580 -0.371120 -0.865912 0.758836 0.584691 0.599814 -1.307665 -1.215343 -0.378449 0.229198 1.719806 -0.067608 0.809597 0.340109
0.127591 0.654039 0.120361 0.277568 0.749597 0.714388 0.619945 0.813972 0.652916 0.462231 0.736932 0.261624 0.575567 -0.056805 0.732541 0.376685 0.135794 -0.192178 0.248191 0.922016
