0.561050 -1.153810 0.186034 -0.479160 0.351100 -0.038013 0.968468 -1.626386 -1.131900 1.086970 -1.742148 -1.612438 -0.375089 -0.806757 2.095687 -0.951518
0.414490 -0.226779 0.208239 -0.580824 0.149048 -1.824879 0.682051 -1.483518 0.497082 0.002398 -0.720630 -0.850914 0.987650 -1.577345 -1.304371 0.865420
-0.918649 0.114621 0.158734 -0.038818 0.069612 -1.603586 -1.737715 -0.116452 0.747120 -0.572747 -0.356651 -1.594129 1.506289 0.380234 -0.115449 0.099193
-0.137349 -0.385397 0.826265 -1.742447 0.148868 -0.675441 -2.524968 -1.429128 0.466090 0.658006 2.206082 -0.715072 1.532168 0.664138 -0.725851 0.777067
2.070802 -0.627452 -0.960742 -0.632637 -0.154560 -0.488044 -1.535090 -2.785300 1.174326 0.256073 0.974381 0.149380 1.240463 0.521074 1.626002 2.994266
1.249295 0.805723 0.864612 0.494634 -0.125132 -2.757417 1.350642 0.107798 0.643080 0.492922 1.833393 -1.011540 0.802218 0.766887 -0.446226 0.155433
1.709884 0.652052 0.779507 1.142185 0.333314 0.823495 0.404890 0.776640 1.201195 0.362260 0.567925 -1.093184 0.023416 0.577147 -0.179031 0.030393
0.101077 0.662960 0.987892 0.380852 1.182406 -0.455172 0.463393 -0.469619 1.271807 0.140581 -1.936601 0.582335 2.130005 -0.138786 -1.574881 -1.441664
-1.605285 -0.829798 -0.839402 -1.894678 0.711103 0.120166 0.594778 -1.706140 -0.257730 -0.081561 -1.041172 1.109209 1.004236 -0.514839 0.573015 0.184251
-0.053487 -1.629514 0.209161 -1.776388 1.300981 0.651123 -0.115551 -0.098942 0.456713 -2.471321 -0.242824 -0.120680 0.012416 0.119612 1.312465 -1.861429
-0.547568 0.636514 -1.595711 0.405590 0.373607 0.009540 0.706799 -0.798797 -1.391174 2.427724 0.048098 0.370818 1.071965 -1.637554 -0.873813 -1.425772
-0.752390 -0.779373 1.119424 0.524038 0.467989 1.607635 0.095894 0.334472 0.013396 0.575281 0.324297 -1.614763 -0.981717 0.161416 -0.184353 -0.871117
2.146778 -0.385709 1.312224 -1.024989 1.967583 -0.594913 0.423962 -1.366505 0.592596 -0.930976 -0.138180 -0.615427 -0.411363 -0.203816 3.650604 0.474185
-1.323420 0.422192 0.479689 2.442025 0.396623 0.270670 1.087810 0.038320 0.510131 0.221153 -0.325794 0.245733 -1.204663 -0.698298 0.792558 -0.881591
-0.073833 -0.587235 -0.022463 0.749507 1.743737 1.700089 1.124509 0.255007 -1.675148 -0.508930 -1.587198 -0.261737 -0.415415 0.872620 -1.305678 1.389627
0.847545 -2.474083 0.907982 -0.298955 -0.835376 1.099796 0.911902 -1.196597 -0.296967 1.534122 1.035099 -0.198465 -0.244774 0.408288 0.806877 -1.318330
-0.505065 -0.440098 0.156916 -0.285862 -2.234255 -2.059642 -0.074139 -2.124367 2.231875 0.095992 3.001159 -0.839365 -0.703634 -0.006834 2.154479 0.432546
-1.750826 0.509701 -1.132397 0.101319 -0.343589 -0.227337 -0.243798 1.593476 -2.038337 -1.044375 -1.061194 -1.450584 -0.424087 -0.117968 -0.639193 -0.185441
-0.474651 0.231538 -0.530963 0.886109 -0.382003 0.542849 -1.107542 1.426381 -1.565945 1.034925 -0.354591 0.069477 -1.246309 -1.112218 -0.526470 0.079234
0.806144 -0.073406 -1.113033 0.922740 -0.889576 0.189145 0.646037 0.255848 0.067948 0.621819 0.888349 0.844456 -1.025285 -1.643694 1.088871 0.318342
0.319653 0.359609 0.423442 0.747243 0.780999 0.013065 0.222188 0.497345 0.734216 0.579471 0.139179 0.557737 1.072521 -0.186889 0.085957 0.039153
