100.000000 0.026708 0.513717 0.025215 0.520203
200.000000 0.026487 0.517738 0.024938 0.525482
300.000000 0.026351 0.520219 0.024742 0.529198
400.000000 0.026346 0.520297 0.024753 0.529001
500.000000 0.026209 0.522791 0.024565 0.532568
600.000000 0.026164 0.523617 0.024516 0.533512
700.000000 0.026093 0.524915 0.024452 0.534729
800.000000 0.026013 0.526373 0.024372 0.536256
900.000000 0.025972 0.527121 0.024333 0.536997
1000.000000 0.025944 0.527616 0.024319 0.537261
1100.000000 0.025861 0.529143 0.024222 0.539104
1200.000000 0.025809 0.530077 0.024155 0.540380
1300.000000 0.025770 0.530792 0.024117 0.541104
1400.000000 0.025721 0.531682 0.024066 0.542074
1500.000000 0.025675 0.532525 0.024036 0.542638
1600.000000 0.025653 0.532918 0.024023 0.542896
1700.000000 0.025600 0.533886 0.023936 0.544548
1800.000000 0.025541 0.534968 0.023878 0.545641
1900.000000 0.025498 0.535736 0.023845 0.546268
2000.000000 0.025458 0.536475 0.023815 0.546847
2100.000000 0.025430 0.536982 0.023763 0.547836
2200.000000 0.025376 0.537964 0.023729 0.548478
2300.000000 0.025330 0.538809 0.023676 0.549488
2400.000000 0.025302 0.539309 0.023630 0.550373
2500.000000 0.025237 0.540500 0.023582 0.551281
2600.000000 0.025198 0.541216 0.023525 0.552362
2700.000000 0.025154 0.542002 0.023498 0.552869
2800.000000 0.025102 0.542960 0.023425 0.554273
2900.000000 0.025053 0.543840 0.023382 0.555076
3000.000000 0.025004 0.544740 0.023316 0.556343
3100.000000 0.024949 0.545736 0.023273 0.557161
3200.000000 0.024896 0.546698 0.023221 0.558151
3300.000000 0.024842 0.547685 0.023180 0.558920
3400.000000 0.024790 0.548628 0.023109 0.560276
3500.000000 0.024724 0.549847 0.023049 0.561412
3600.000000 0.024662 0.550965 0.022973 0.562865
3700.000000 0.024599 0.552112 0.022917 0.563934
3800.000000 0.024533 0.553320 0.022850 0.565216
3900.000000 0.024464 0.554580 0.022801 0.566132
4000.000000 0.024383 0.556050 0.022703 0.567999
4100.000000 0.024316 0.557263 0.022619 0.569594
4200.000000 0.024225 0.558927 0.022538 0.571141
4300.000000 0.024151 0.560268 0.022478 0.572279
4400.000000 0.024053 0.562051 0.022358 0.574566
4500.000000 0.023984 0.563305 0.022320 0.575288
4600.000000 0.023867 0.565448 0.022182 0.577915
4700.000000 0.023769 0.567222 0.022059 0.580254
4800.000000 0.023684 0.568783 0.021956 0.582221
4900.000000 0.023554 0.571146 0.021843 0.584360
5000.000000 0.023435 0.573309 0.021721 0.586683
5100.000000 0.023308 0.575625 0.021605 0.588897
5200.000000 0.023185 0.577865 0.021475 0.591375
5300.000000 0.023052 0.580275 0.021342 0.593899
5400.000000 0.022918 0.582720 0.021222 0.596186
5500.000000 0.022762 0.585552 0.021065 0.599172
5600.000000 0.022601 0.588500 0.020887 0.602569
5700.000000 0.022435 0.591516 0.020715 0.605826
5800.000000 0.022258 0.594743 0.020556 0.608850
5900.000000 0.022085 0.597889 0.020368 0.612441
6000.000000 0.021897 0.601305 0.020171 0.616177
6100.000000 0.021702 0.604867 0.019989 0.619647
6200.000000 0.021521 0.608150 0.019836 0.622551
6300.000000 0.021276 0.612622 0.019554 0.627923
6400.000000 0.021047 0.616788 0.019295 0.632849
6500.000000 0.020807 0.621162 0.019087 0.636803
6600.000000 0.020561 0.625632 0.018813 0.642022
6700.000000 0.020294 0.630500 0.018566 0.646727
6800.000000 0.020020 0.635488 0.018281 0.652156
6900.000000 0.019755 0.640309 0.018029 0.656937
7000.000000 0.019441 0.646020 0.017707 0.663070
7100.000000 0.019174 0.650895 0.017441 0.668131
7200.000000 0.018837 0.657027 0.017077 0.675066
7300.000000 0.018543 0.662382 0.016778 0.680750
7400.000000 0.018214 0.668364 0.016439 0.687196
7500.000000 0.017895 0.674177 0.016094 0.693767
7600.000000 0.017556 0.680352 0.015806 0.699233
7700.000000 0.017174 0.687304 0.015404 0.706889
7800.000000 0.016799 0.694135 0.015014 0.714307
7900.000000 0.016430 0.700843 0.014656 0.721131
8000.000000 0.016046 0.707839 0.014260 0.728668
8100.000000 0.015656 0.714944 0.013875 0.735977
8200.000000 0.015289 0.721635 0.013501 0.743093
8300.000000 0.014912 0.728493 0.013074 0.751229
8400.000000 0.014496 0.736059 0.012655 0.759196
8500.000000 0.014136 0.742619 0.012293 0.766082
8600.000000 0.013738 0.749858 0.011916 0.773260
8700.000000 0.013367 0.756612 0.011510 0.780993
8800.000000 0.013017 0.762996 0.011128 0.788262
8900.000000 0.012660 0.769497 0.010786 0.794754
9000.000000 0.012321 0.775658 0.010447 0.801204
9100.000000 0.012031 0.780955 0.010095 0.807912
9200.000000 0.011698 0.787014 0.009746 0.814552
9300.000000 0.011393 0.792561 0.009415 0.820850
9400.000000 0.011087 0.798126 0.009121 0.826445
9500.000000 0.010824 0.802930 0.008815 0.832275
9600.000000 0.010550 0.807903 0.008543 0.837449
9700.000000 0.010342 0.811694 0.008362 0.840893
9800.000000 0.010073 0.816600 0.008005 0.847683
9900.000000 0.009823 0.821146 0.007766 0.852224
10000.000000 0.009600 0.825202 0.007519 0.856932
10100.000000 0.009408 0.828701 0.007280 0.861474
10200.000000 0.009164 0.833148 0.007054 0.865776
10300.000000 0.009009 0.835966 0.006814 0.870334
10400.000000 0.008808 0.839625 0.006617 0.874095
10500.000000 0.008550 0.844323 0.006369 0.878819
10600.000000 0.008369 0.847629 0.006177 0.882462
10700.000000 0.008191 0.850864 0.005922 0.887325
10800.000000 0.008005 0.854246 0.005774 0.890138
10900.000000 0.007802 0.857953 0.005522 0.894929
11000.000000 0.007687 0.860033 0.005385 0.897527
11100.000000 0.007424 0.864820 0.005116 0.902656
11200.000000 0.007274 0.867557 0.004908 0.906601
11300.000000 0.007077 0.871142 0.004694 0.910684
11400.000000 0.006894 0.874482 0.004493 0.914501
11500.000000 0.006744 0.877216 0.004329 0.917619
11600.000000 0.006565 0.880463 0.004116 0.921672
11700.000000 0.006412 0.883263 0.003906 0.925679
11800.000000 0.006343 0.884517 0.003885 0.926085
11900.000000 0.006076 0.889370 0.003556 0.932331
12000.000000 0.005921 0.892202 0.003374 0.935800
12100.000000 0.005785 0.894675 0.003219 0.938755
12200.000000 0.005647 0.897189 0.003071 0.941568
12300.000000 0.005500 0.899858 0.002885 0.945097
12400.000000 0.005361 0.902394 0.002713 0.948383
12500.000000 0.005238 0.904635 0.002569 0.951123
12600.000000 0.005136 0.906480 0.002429 0.953784
12700.000000 0.004994 0.909066 0.002309 0.956059
12800.000000 0.004871 0.911318 0.002152 0.959049
12900.000000 0.004782 0.912926 0.002019 0.961578
13000.000000 0.004700 0.914430 0.001936 0.963156
13100.000000 0.004582 0.916581 0.001828 0.965210
13200.000000 0.004483 0.918368 0.001689 0.967857
13300.000000 0.004409 0.919718 0.001602 0.969515
13400.000000 0.004319 0.921355 0.001478 0.971881
13500.000000 0.004400 0.919878 0.001587 0.969798
13600.000000 0.004179 0.923913 0.001293 0.975396
13700.000000 0.004227 0.923043 0.001296 0.975336
13800.000000 0.004091 0.925510 0.001215 0.976874
13900.000000 0.004002 0.927132 0.001096 0.979139
14000.000000 0.003951 0.928054 0.001024 0.980517
14100.000000 0.003922 0.928586 0.000935 0.982211
14200.000000 0.003861 0.929710 0.000890 0.983059
14300.000000 0.003812 0.930587 0.000844 0.983938
14400.000000 0.003790 0.930999 0.000846 0.983909
14500.000000 0.003738 0.931937 0.000731 0.986096
14600.000000 0.003717 0.932332 0.000712 0.986452
14700.000000 0.003705 0.932535 0.000698 0.986721
14800.000000 0.003655 0.933456 0.000628 0.988042
14900.000000 0.003624 0.934009 0.000595 0.988675
15000.000000 0.003655 0.933444 0.000625 0.988106
15100.000000 0.003613 0.934218 0.000521 0.990093
15200.000000 0.003600 0.934456 0.000593 0.988724
15300.000000 0.003574 0.934918 0.000501 0.990472
15400.000000 0.003581 0.934799 0.000580 0.988963
15500.000000 0.003527 0.935790 0.000454 0.991359
15600.000000 0.003530 0.935737 0.000407 0.992249
15700.000000 0.003531 0.935716 0.000467 0.991122
15800.000000 0.003503 0.936219 0.000439 0.991653
15900.000000 0.003491 0.936440 0.000387 0.992631
16000.000000 0.003492 0.936419 0.000401 0.992378
16100.000000 0.003480 0.936638 0.000376 0.992850
16200.000000 0.003489 0.936474 0.000363 0.993091
16300.000000 0.003475 0.936726 0.000363 0.993100
16400.000000 0.003483 0.936589 0.000433 0.991762
16500.000000 0.003450 0.937186 0.000338 0.993570
16600.000000 0.003456 0.937075 0.000357 0.993213
16700.000000 0.003450 0.937191 0.000357 0.993216
16800.000000 0.003471 0.936795 0.000348 0.993378
16900.000000 0.003439 0.937386 0.000342 0.993500
17000.000000 0.003428 0.937580 0.000322 0.993865
17100.000000 0.003447 0.937239 0.000356 0.993219
17200.000000 0.003464 0.936924 0.000391 0.992569
17300.000000 0.003436 0.937432 0.000345 0.993434
17400.000000 0.003419 0.937754 0.000324 0.993828
17500.000000 0.003457 0.937064 0.000368 0.992994
17600.000000 0.003411 0.937900 0.000287 0.994546
17700.000000 0.003407 0.937967 0.000298 0.994334
17800.000000 0.003422 0.937701 0.000343 0.993474
17900.000000 0.003407 0.937963 0.000283 0.994609
18000.000000 0.003433 0.937491 0.000308 0.994148
18100.000000 0.003421 0.937719 0.000299 0.994308
18200.000000 0.003433 0.937493 0.000367 0.993018
18300.000000 0.003419 0.937742 0.000323 0.993860
18400.000000 0.003471 0.936807 0.000317 0.993969
18500.000000 0.003391 0.938264 0.000256 0.995127
18600.000000 0.003409 0.937928 0.000312 0.994062
18700.000000 0.003388 0.938318 0.000270 0.994854
18800.000000 0.003384 0.938381 0.000264 0.994980
18900.000000 0.003420 0.937721 0.000358 0.993191
19000.000000 0.003389 0.938297 0.000267 0.994912
19100.000000 0.003394 0.938199 0.000309 0.994118
19200.000000 0.003383 0.938400 0.000291 0.994460
19300.000000 0.003378 0.938498 0.000267 0.994916
19400.000000 0.003419 0.937752 0.000263 0.995003
19500.000000 0.003380 0.938453 0.000290 0.994486
19600.000000 0.003380 0.938462 0.000278 0.994710
19700.000000 0.003383 0.938411 0.000307 0.994155
19800.000000 0.003370 0.938639 0.000263 0.994987
19900.000000 0.003366 0.938721 0.000251 0.995230
20000.000000 0.003367 0.938690 0.000277 0.994734
20100.000000 0.003372 0.938611 0.000292 0.994436
20200.000000 0.003360 0.938830 0.000240 0.995432
20300.000000 0.003362 0.938778 0.000267 0.994928
20400.000000 0.003357 0.938876 0.000234 0.995553
20500.000000 0.003368 0.938680 0.000282 0.994632
20600.000000 0.003372 0.938606 0.000277 0.994733
20700.000000 0.003363 0.938765 0.000239 0.995451
20800.000000 0.003354 0.938934 0.000254 0.995167
20900.000000 0.003351 0.938983 0.000254 0.995172
21000.000000 0.003356 0.938902 0.000266 0.994940
21100.000000 0.003347 0.939067 0.000247 0.995297
21200.000000 0.003351 0.938992 0.000224 0.995738
21300.000000 0.003385 0.938367 0.000289 0.994509
21400.000000 0.003350 0.939001 0.000267 0.994922
21500.000000 0.003347 0.939058 0.000264 0.994979
21600.000000 0.003342 0.939155 0.000250 0.995236
21700.000000 0.003354 0.938925 0.000287 0.994542
21800.000000 0.003352 0.938960 0.000290 0.994482
21900.000000 0.003345 0.939090 0.000270 0.994865
22000.000000 0.003343 0.939130 0.000275 0.994770
22100.000000 0.003349 0.939014 0.000285 0.994570
22200.000000 0.003339 0.939214 0.000265 0.994953
22300.000000 0.003340 0.939191 0.000260 0.995049
22400.000000 0.003339 0.939210 0.000270 0.994863
22500.000000 0.003331 0.939343 0.000229 0.995636
22600.000000 0.003356 0.938894 0.000241 0.995411
22700.000000 0.003340 0.939182 0.000248 0.995289
22800.000000 0.003332 0.939333 0.000206 0.996074
22900.000000 0.003320 0.939550 0.000221 0.995801
23000.000000 0.003324 0.939474 0.000232 0.995590
23100.000000 0.003320 0.939557 0.000231 0.995605
23200.000000 0.003338 0.939220 0.000268 0.994895
23300.000000 0.003350 0.939001 0.000226 0.995700
23400.000000 0.003319 0.939567 0.000231 0.995603
23500.000000 0.003319 0.939568 0.000219 0.995825
23600.000000 0.003327 0.939430 0.000282 0.994640
23700.000000 0.003334 0.939305 0.000267 0.994919
23800.000000 0.003317 0.939605 0.000239 0.995451
23900.000000 0.003317 0.939612 0.000226 0.995694
24000.000000 0.003347 0.939057 0.000263 0.995000
24100.000000 0.003318 0.939583 0.000280 0.994675
24200.000000 0.003311 0.939718 0.000235 0.995528
24300.000000 0.003304 0.939845 0.000227 0.995689
24400.000000 0.003306 0.939810 0.000237 0.995488
24500.000000 0.003304 0.939837 0.000236 0.995507
24600.000000 0.003305 0.939817 0.000241 0.995418
24700.000000 0.003302 0.939885 0.000221 0.995798
24800.000000 0.003294 0.940030 0.000225 0.995719
24900.000000 0.003295 0.940003 0.000229 0.995651
25000.000000 0.003296 0.939996 0.000215 0.995900
25100.000000 0.003299 0.939941 0.000214 0.995921
25200.000000 0.003296 0.939991 0.000250 0.995237
25300.000000 0.003295 0.940015 0.000230 0.995625
25400.000000 0.003297 0.939966 0.000260 0.995050
25500.000000 0.003328 0.939398 0.000226 0.995706
25600.000000 0.003300 0.939924 0.000228 0.995656
25700.000000 0.003283 0.940221 0.000222 0.995779
25800.000000 0.003282 0.940239 0.000223 0.995762
25900.000000 0.003305 0.939823 0.000233 0.995573
26000.000000 0.003290 0.940089 0.000267 0.994911
26100.000000 0.003288 0.940126 0.000265 0.994967
26200.000000 0.003288 0.940127 0.000218 0.995857
26300.000000 0.003286 0.940175 0.000237 0.995498
26400.000000 0.003279 0.940290 0.000235 0.995538
26500.000000 0.003280 0.940282 0.000247 0.995301
26600.000000 0.003284 0.940206 0.000234 0.995550
26700.000000 0.003274 0.940380 0.000215 0.995915
26800.000000 0.003279 0.940291 0.000256 0.995120
26900.000000 0.003280 0.940282 0.000229 0.995648
27000.000000 0.003272 0.940425 0.000225 0.995725
27100.000000 0.003271 0.940448 0.000234 0.995543
27200.000000 0.003281 0.940252 0.000261 0.995042
27300.000000 0.003274 0.940381 0.000255 0.995148
27400.000000 0.003269 0.940482 0.000239 0.995459
27500.000000 0.003272 0.940432 0.000226 0.995706
27600.000000 0.003288 0.940132 0.000231 0.995603
27700.000000 0.003264 0.940569 0.000231 0.995605
27800.000000 0.003265 0.940550 0.000215 0.995906
27900.000000 0.003263 0.940581 0.000239 0.995448
28000.000000 0.003279 0.940305 0.000221 0.995795
28100.000000 0.003278 0.940318 0.000242 0.995393
28200.000000 0.003262 0.940599 0.000236 0.995513
28300.000000 0.003260 0.940644 0.000232 0.995589
28400.000000 0.003262 0.940599 0.000214 0.995924
28500.000000 0.003267 0.940514 0.000240 0.995431
28600.000000 0.003257 0.940692 0.000219 0.995830
28700.000000 0.003261 0.940630 0.000211 0.995985
28800.000000 0.003259 0.940658 0.000213 0.995942
28900.000000 0.003268 0.940498 0.000211 0.995990
29000.000000 0.003248 0.940857 0.000221 0.995793
29100.000000 0.003251 0.940813 0.000216 0.995885
29200.000000 0.003258 0.940682 0.000227 0.995671
29300.000000 0.003247 0.940883 0.000221 0.995796
29400.000000 0.003251 0.940815 0.000248 0.995288
29500.000000 0.003248 0.940859 0.000206 0.996080
29600.000000 0.003247 0.940879 0.000243 0.995368
29700.000000 0.003257 0.940696 0.000227 0.995683
29800.000000 0.003240 0.941010 0.000216 0.995893
29900.000000 0.003259 0.940670 0.000216 0.995882
30000.000000 0.003253 0.940763 0.000251 0.995229
30100.000000 0.003247 0.940887 0.000238 0.995476
30200.000000 0.003249 0.940844 0.000220 0.995818
30300.000000 0.003237 0.941056 0.000223 0.995757
30400.000000 0.003246 0.940894 0.000258 0.995092
30500.000000 0.003235 0.941102 0.000203 0.996141
30600.000000 0.003232 0.941157 0.000213 0.995940
30700.000000 0.003236 0.941075 0.000214 0.995924
30800.000000 0.003239 0.941031 0.000248 0.995275
30900.000000 0.003231 0.941163 0.000213 0.995944
31000.000000 0.003238 0.941043 0.000206 0.996087
31100.000000 0.003231 0.941180 0.000221 0.995788
31200.000000 0.003231 0.941171 0.000231 0.995612
31300.000000 0.003236 0.941089 0.000245 0.995339
31400.000000 0.003237 0.941067 0.000227 0.995686
31500.000000 0.003229 0.941201 0.000207 0.996063
31600.000000 0.003242 0.940968 0.000212 0.995962
31700.000000 0.003227 0.941250 0.000228 0.995662
31800.000000 0.003229 0.941203 0.000235 0.995537
31900.000000 0.003235 0.941103 0.000226 0.995704
32000.000000 0.003231 0.941174 0.000221 0.995797
32100.000000 0.003224 0.941297 0.000229 0.995643
32200.000000 0.003246 0.940892 0.000209 0.996031
32300.000000 0.003225 0.941277 0.000221 0.995787
32400.000000 0.003230 0.941182 0.000243 0.995382
32500.000000 0.003222 0.941335 0.000229 0.995634
32600.000000 0.003237 0.941058 0.000255 0.995151
32700.000000 0.003231 0.941178 0.000236 0.995512
32800.000000 0.003230 0.941196 0.000218 0.995857
32900.000000 0.003230 0.941190 0.000259 0.995079
33000.000000 0.003222 0.941335 0.000232 0.995583
33100.000000 0.003225 0.941273 0.000253 0.995187
33200.000000 0.003226 0.941263 0.000223 0.995760
33300.000000 0.003213 0.941499 0.000210 0.996000
33400.000000 0.003253 0.940776 0.000215 0.995900
33500.000000 0.003215 0.941455 0.000227 0.995673
33600.000000 0.003214 0.941479 0.000228 0.995664
33700.000000 0.003214 0.941478 0.000230 0.995631
33800.000000 0.003212 0.941516 0.000212 0.995965
33900.000000 0.003225 0.941289 0.000193 0.996329
34000.000000 0.003218 0.941416 0.000224 0.995742
34100.000000 0.003254 0.940757 0.000236 0.995518
34200.000000 0.003223 0.941320 0.000265 0.994952
34300.000000 0.003214 0.941487 0.000235 0.995521
34400.000000 0.003208 0.941588 0.000223 0.995754
34500.000000 0.003221 0.941349 0.000233 0.995571
34600.000000 0.003208 0.941587 0.000225 0.995718
34700.000000 0.003211 0.941532 0.000203 0.996138
34800.000000 0.003215 0.941464 0.000193 0.996325
34900.000000 0.003209 0.941565 0.000237 0.995487
35000.000000 0.003207 0.941611 0.000211 0.995989
35100.000000 0.003214 0.941489 0.000220 0.995808
35200.000000 0.003207 0.941600 0.000235 0.995532
35300.000000 0.003220 0.941370 0.000207 0.996065
35400.000000 0.003213 0.941500 0.000233 0.995564
35500.000000 0.003204 0.941662 0.000208 0.996040
35600.000000 0.003199 0.941750 0.000211 0.995989
35700.000000 0.003203 0.941688 0.000224 0.995730
35800.000000 0.003198 0.941772 0.000209 0.996016
35900.000000 0.003215 0.941461 0.000204 0.996122
36000.000000 0.003217 0.941422 0.000254 0.995158
36100.000000 0.003200 0.941743 0.000223 0.995763
36200.000000 0.003197 0.941790 0.000213 0.995941
36300.000000 0.003209 0.941574 0.000221 0.995790
36400.000000 0.003202 0.941702 0.000238 0.995479
36500.000000 0.003215 0.941468 0.000215 0.995918
36600.000000 0.003211 0.941535 0.000224 0.995733
36700.000000 0.003226 0.941266 0.000198 0.996225
36800.000000 0.003200 0.941728 0.000192 0.996356
36900.000000 0.003217 0.941418 0.000205 0.996090
37000.000000 0.003196 0.941809 0.000195 0.996292
37100.000000 0.003196 0.941811 0.000225 0.995715
37200.000000 0.003206 0.941630 0.000220 0.995816
37300.000000 0.003198 0.941770 0.000232 0.995592
37400.000000 0.003192 0.941874 0.000211 0.995976
37500.000000 0.003194 0.941838 0.000208 0.996049
37600.000000 0.003190 0.941916 0.000205 0.996098
37700.000000 0.003201 0.941713 0.000203 0.996133
37800.000000 0.003199 0.941758 0.000187 0.996447
37900.000000 0.003190 0.941927 0.000185 0.996483
38000.000000 0.003196 0.941803 0.000223 0.995754
38100.000000 0.003192 0.941876 0.000222 0.995784
38200.000000 0.003189 0.941928 0.000194 0.996316
38300.000000 0.003208 0.941581 0.000190 0.996375
38400.000000 0.003199 0.941749 0.000201 0.996178
38500.000000 0.003191 0.941892 0.000213 0.995947
38600.000000 0.003208 0.941584 0.000258 0.995092
38700.000000 0.003198 0.941774 0.000222 0.995785
38800.000000 0.003192 0.941874 0.000236 0.995507
38900.000000 0.003191 0.941905 0.000231 0.995607
39000.000000 0.003200 0.941730 0.000220 0.995818
39100.000000 0.003201 0.941715 0.000258 0.995084
39200.000000 0.003198 0.941764 0.000239 0.995452
39300.000000 0.003187 0.941979 0.000214 0.995925
39400.000000 0.003196 0.941806 0.000251 0.995231
39500.000000 0.003202 0.941695 0.000226 0.995692
39600.000000 0.003206 0.941621 0.000207 0.996064
39700.000000 0.003188 0.941951 0.000234 0.995556
39800.000000 0.003199 0.941758 0.000248 0.995286
39900.000000 0.003192 0.941889 0.000240 0.995430
40000.000000 0.003195 0.941823 0.000214 0.995928
40100.000000 0.003209 0.941581 0.000252 0.995208
40200.000000 0.003189 0.941944 0.000233 0.995558
40300.000000 0.003192 0.941883 0.000230 0.995619
40400.000000 0.003188 0.941959 0.000220 0.995820
40500.000000 0.003184 0.942030 0.000216 0.995898
40600.000000 0.003184 0.942035 0.000208 0.996044
40700.000000 0.003195 0.941827 0.000217 0.995871
40800.000000 0.003191 0.941902 0.000231 0.995613
40900.000000 0.003186 0.941995 0.000239 0.995445
41000.000000 0.003204 0.941662 0.000221 0.995798
41100.000000 0.003190 0.941922 0.000224 0.995743
41200.000000 0.003186 0.941997 0.000231 0.995614
41300.000000 0.003201 0.941717 0.000213 0.995952
41400.000000 0.003181 0.942088 0.000204 0.996123
41500.000000 0.003200 0.941736 0.000221 0.995790
41600.000000 0.003186 0.941997 0.000238 0.995474
41700.000000 0.003185 0.942012 0.000236 0.995512
41800.000000 0.003180 0.942106 0.000220 0.995805
41900.000000 0.003191 0.941898 0.000243 0.995376
42000.000000 0.003187 0.941965 0.000249 0.995259
42100.000000 0.003207 0.941616 0.000249 0.995270
42200.000000 0.003185 0.942014 0.000238 0.995471
42300.000000 0.003192 0.941883 0.000261 0.995024
42400.000000 0.003191 0.941901 0.000241 0.995411
42500.000000 0.003181 0.942087 0.000226 0.995704
42600.000000 0.003183 0.942041 0.000248 0.995290
42700.000000 0.003197 0.941798 0.000228 0.995661
42800.000000 0.003184 0.942033 0.000229 0.995644
42900.000000 0.003194 0.941851 0.000243 0.995375
43000.000000 0.003179 0.942127 0.000222 0.995777
43100.000000 0.003186 0.941996 0.000218 0.995845
43200.000000 0.003178 0.942141 0.000208 0.996050
43300.000000 0.003175 0.942183 0.000220 0.995808
43400.000000 0.003179 0.942117 0.000238 0.995470
43500.000000 0.003179 0.942117 0.000218 0.995853
43600.000000 0.003177 0.942152 0.000232 0.995581
43700.000000 0.003178 0.942143 0.000222 0.995767
43800.000000 0.003197 0.941797 0.000236 0.995517
43900.000000 0.003197 0.941799 0.000260 0.995048
44000.000000 0.003195 0.941833 0.000272 0.994816
44100.000000 0.003186 0.941990 0.000240 0.995425
44200.000000 0.003183 0.942048 0.000236 0.995503
44300.000000 0.003177 0.942160 0.000224 0.995731
44400.000000 0.003201 0.941723 0.000282 0.994642
44500.000000 0.003194 0.941854 0.000248 0.995289
44600.000000 0.003183 0.942052 0.000260 0.995055
44700.000000 0.003176 0.942181 0.000233 0.995567
44800.000000 0.003190 0.941910 0.000229 0.995647
44900.000000 0.003175 0.942193 0.000223 0.995748
45000.000000 0.003172 0.942251 0.000215 0.995914
45100.000000 0.003176 0.942171 0.000221 0.995803
45200.000000 0.003173 0.942220 0.000231 0.995607
45300.000000 0.003177 0.942149 0.000229 0.995647
45400.000000 0.003183 0.942046 0.000263 0.994999
45500.000000 0.003175 0.942192 0.000239 0.995450
45600.000000 0.003181 0.942081 0.000227 0.995683
45700.000000 0.003189 0.941938 0.000239 0.995455
45800.000000 0.003173 0.942236 0.000229 0.995649
45900.000000 0.003182 0.942062 0.000246 0.995324
46000.000000 0.003179 0.942119 0.000230 0.995630
46100.000000 0.003179 0.942124 0.000222 0.995768
46200.000000 0.003172 0.942251 0.000216 0.995885
46300.000000 0.003174 0.942218 0.000237 0.995481
46400.000000 0.003174 0.942205 0.000233 0.995570
46500.000000 0.003177 0.942147 0.000217 0.995868
46600.000000 0.003173 0.942220 0.000242 0.995387
46700.000000 0.003177 0.942153 0.000225 0.995725
46800.000000 0.003173 0.942236 0.000240 0.995441
46900.000000 0.003192 0.941890 0.000250 0.995242
47000.000000 0.003178 0.942128 0.000230 0.995618
47100.000000 0.003174 0.942210 0.000230 0.995617
47200.000000 0.003171 0.942263 0.000216 0.995897
47300.000000 0.003173 0.942221 0.000222 0.995775
47400.000000 0.003193 0.941871 0.000257 0.995106
47500.000000 0.003185 0.942006 0.000271 0.994851
47600.000000 0.003168 0.942311 0.000227 0.995689
47700.000000 0.003170 0.942286 0.000241 0.995414
47800.000000 0.003176 0.942177 0.000248 0.995279
47900.000000 0.003177 0.942146 0.000262 0.995012
48000.000000 0.003171 0.942256 0.000241 0.995420
48100.000000 0.003186 0.941992 0.000246 0.995326
48200.000000 0.003176 0.942175 0.000227 0.995688
48300.000000 0.003179 0.942117 0.000268 0.994892
48400.000000 0.003175 0.942193 0.000255 0.995143
48500.000000 0.003176 0.942182 0.000261 0.995028
48600.000000 0.003185 0.942006 0.000243 0.995375
48700.000000 0.003174 0.942203 0.000229 0.995646
48800.000000 0.003200 0.941731 0.000232 0.995582
48900.000000 0.003170 0.942276 0.000241 0.995422
49000.000000 0.003169 0.942298 0.000246 0.995316
49100.000000 0.003167 0.942339 0.000220 0.995813
49200.000000 0.003163 0.942403 0.000218 0.995851
49300.000000 0.003171 0.942269 0.000235 0.995520
49400.000000 0.003173 0.942225 0.000208 0.996047
49500.000000 0.003164 0.942395 0.000224 0.995735
49600.000000 0.003166 0.942354 0.000227 0.995674
49700.000000 0.003171 0.942255 0.000226 0.995696
49800.000000 0.003168 0.942324 0.000237 0.995486
49900.000000 0.003171 0.942264 0.000233 0.995564
50000.000000 0.003167 0.942329 0.000225 0.995717
50100.000000 0.003197 0.941793 0.000253 0.995192
50200.000000 0.003166 0.942354 0.000237 0.995490
50300.000000 0.003184 0.942035 0.000236 0.995513
50400.000000 0.003181 0.942082 0.000269 0.994875
50500.000000 0.003175 0.942194 0.000259 0.995068
50600.000000 0.003178 0.942139 0.000257 0.995110
50700.000000 0.003169 0.942308 0.000224 0.995734
50800.000000 0.003163 0.942417 0.000218 0.995859
50900.000000 0.003175 0.942200 0.000241 0.995405
51000.000000 0.003187 0.941974 0.000245 0.995339
51100.000000 0.003166 0.942346 0.000248 0.995286
51200.000000 0.003172 0.942252 0.000219 0.995828
51300.000000 0.003165 0.942381 0.000240 0.995425
51400.000000 0.003173 0.942219 0.000217 0.995868
51500.000000 0.003163 0.942414 0.000231 0.995601
51600.000000 0.003176 0.942171 0.000216 0.995891
51700.000000 0.003168 0.942325 0.000230 0.995626
51800.000000 0.003164 0.942387 0.000239 0.995444
51900.000000 0.003164 0.942400 0.000234 0.995557
52000.000000 0.003173 0.942236 0.000222 0.995782
52100.000000 0.003163 0.942406 0.000242 0.995403
52200.000000 0.003173 0.942226 0.000258 0.995097
52300.000000 0.003164 0.942385 0.000246 0.995325
52400.000000 0.003172 0.942252 0.000229 0.995637
52500.000000 0.003171 0.942268 0.000259 0.995063
52600.000000 0.003171 0.942270 0.000246 0.995320
52700.000000 0.003185 0.942015 0.000255 0.995151
52800.000000 0.003164 0.942390 0.000246 0.995327
52900.000000 0.003169 0.942308 0.000263 0.994994
53000.000000 0.003162 0.942420 0.000234 0.995540
53100.000000 0.003185 0.942001 0.000230 0.995619
53200.000000 0.003168 0.942320 0.000263 0.995001
53300.000000 0.003165 0.942380 0.000244 0.995352
53400.000000 0.003181 0.942083 0.000249 0.995270
53500.000000 0.003164 0.942384 0.000237 0.995496
53600.000000 0.003167 0.942334 0.000245 0.995341
53700.000000 0.003158 0.942509 0.000223 0.995751
53800.000000 0.003166 0.942351 0.000240 0.995430
53900.000000 0.003157 0.942527 0.000215 0.995909
54000.000000 0.003163 0.942410 0.000245 0.995338
54100.000000 0.003163 0.942406 0.000243 0.995375
54200.000000 0.003163 0.942401 0.000244 0.995366
54300.000000 0.003166 0.942357 0.000236 0.995509
54400.000000 0.003176 0.942181 0.000265 0.994949
54500.000000 0.003163 0.942402 0.000244 0.995355
54600.000000 0.003182 0.942056 0.000247 0.995293
54700.000000 0.003159 0.942483 0.000235 0.995521
54800.000000 0.003177 0.942149 0.000263 0.995002
54900.000000 0.003170 0.942280 0.000246 0.995325
55000.000000 0.003173 0.942228 0.000267 0.994923
55100.000000 0.003172 0.942254 0.000260 0.995048
55200.000000 0.003167 0.942344 0.000262 0.995006
55300.000000 0.003165 0.942371 0.000221 0.995800
55400.000000 0.003168 0.942320 0.000248 0.995283
55500.000000 0.003161 0.942443 0.000222 0.995774
55600.000000 0.003163 0.942404 0.000255 0.995145
55700.000000 0.003155 0.942558 0.000224 0.995730
55800.000000 0.003158 0.942507 0.000229 0.995643
55900.000000 0.003163 0.942414 0.000244 0.995364
56000.000000 0.003161 0.942454 0.000251 0.995220
56100.000000 0.003179 0.942115 0.000231 0.995607
56200.000000 0.003175 0.942188 0.000265 0.994960
56300.000000 0.003169 0.942308 0.000263 0.994990
56400.000000 0.003165 0.942371 0.000233 0.995573
56500.000000 0.003165 0.942368 0.000235 0.995535
56600.000000 0.003171 0.942257 0.000248 0.995289
56700.000000 0.003157 0.942523 0.000236 0.995500
56800.000000 0.003178 0.942135 0.000277 0.994725
56900.000000 0.003160 0.942466 0.000257 0.995117
57000.000000 0.003183 0.942050 0.000263 0.994996
57100.000000 0.003159 0.942491 0.000248 0.995286
57200.000000 0.003167 0.942329 0.000273 0.994798
57300.000000 0.003167 0.942332 0.000246 0.995317
57400.000000 0.003162 0.942422 0.000258 0.995088
57500.000000 0.003157 0.942519 0.000248 0.995280
57600.000000 0.003161 0.942447 0.000268 0.994909
57700.000000 0.003163 0.942417 0.000262 0.995012
57800.000000 0.003163 0.942414 0.000259 0.995066
57900.000000 0.003163 0.942402 0.000244 0.995356
58000.000000 0.003165 0.942381 0.000258 0.995097
58100.000000 0.003165 0.942368 0.000273 0.994806
58200.000000 0.003170 0.942279 0.000282 0.994637
58300.000000 0.003157 0.942511 0.000262 0.995021
58400.000000 0.003163 0.942407 0.000236 0.995504
58500.000000 0.003162 0.942435 0.000262 0.995021
58600.000000 0.003159 0.942479 0.000247 0.995301
58700.000000 0.003161 0.942439 0.000247 0.995305
58800.000000 0.003178 0.942137 0.000255 0.995147
58900.000000 0.003162 0.942433 0.000236 0.995513
59000.000000 0.003154 0.942566 0.000245 0.995344
59100.000000 0.003173 0.942237 0.000277 0.994735
59200.000000 0.003157 0.942514 0.000235 0.995529
59300.000000 0.003174 0.942209 0.000255 0.995146
59400.000000 0.003163 0.942405 0.000256 0.995135
59500.000000 0.003170 0.942291 0.000253 0.995188
59600.000000 0.003161 0.942443 0.000245 0.995345
59700.000000 0.003155 0.942554 0.000252 0.995205
59800.000000 0.003159 0.942476 0.000257 0.995110
59900.000000 0.003165 0.942377 0.000246 0.995325
60000.000000 0.003181 0.942079 0.000276 0.994739
60100.000000 0.003161 0.942440 0.000245 0.995334
60200.000000 0.003171 0.942264 0.000240 0.995426
60300.000000 0.003159 0.942476 0.000249 0.995260
60400.000000 0.003152 0.942605 0.000245 0.995342
60500.000000 0.003158 0.942509 0.000249 0.995270
60600.000000 0.003163 0.942417 0.000253 0.995186
60700.000000 0.003153 0.942594 0.000239 0.995457
60800.000000 0.003160 0.942460 0.000254 0.995172
60900.000000 0.003154 0.942565 0.000250 0.995246
61000.000000 0.003171 0.942258 0.000261 0.995038
61100.000000 0.003158 0.942501 0.000242 0.995387
61200.000000 0.003163 0.942419 0.000249 0.995253
61300.000000 0.003151 0.942634 0.000237 0.995484
61400.000000 0.003167 0.942328 0.000247 0.995296
61500.000000 0.003157 0.942519 0.000261 0.995032
61600.000000 0.003153 0.942587 0.000229 0.995640
61700.000000 0.003156 0.942536 0.000255 0.995148
61800.000000 0.003166 0.942358 0.000251 0.995223
61900.000000 0.003190 0.941912 0.000268 0.994900
62000.000000 0.003166 0.942351 0.000244 0.995365
62100.000000 0.003160 0.942459 0.000248 0.995288
62200.000000 0.003161 0.942443 0.000251 0.995233
62300.000000 0.003161 0.942450 0.000254 0.995176
62400.000000 0.003156 0.942542 0.000228 0.995662
62500.000000 0.003182 0.942072 0.000250 0.995239
62600.000000 0.003168 0.942317 0.000226 0.995700
62700.000000 0.003154 0.942566 0.000242 0.995395
62800.000000 0.003155 0.942555 0.000272 0.994823
62900.000000 0.003160 0.942468 0.000245 0.995331
63000.000000 0.003162 0.942429 0.000250 0.995248
63100.000000 0.003154 0.942575 0.000251 0.995227
63200.000000 0.003150 0.942653 0.000249 0.995257
63300.000000 0.003149 0.942662 0.000239 0.995461
63400.000000 0.003153 0.942598 0.000260 0.995061
63500.000000 0.003151 0.942629 0.000253 0.995195
63600.000000 0.003147 0.942697 0.000244 0.995359
63700.000000 0.003152 0.942606 0.000242 0.995386
63800.000000 0.003153 0.942590 0.000248 0.995285
63900.000000 0.003162 0.942435 0.000245 0.995345
64000.000000 0.003168 0.942316 0.000252 0.995199
64100.000000 0.003161 0.942442 0.000258 0.995100
64200.000000 0.003156 0.942533 0.000243 0.995378
64300.000000 0.003148 0.942691 0.000251 0.995229
64400.000000 0.003162 0.942422 0.000253 0.995183
64500.000000 0.003158 0.942498 0.000243 0.995380
64600.000000 0.003154 0.942568 0.000252 0.995202
64700.000000 0.003160 0.942465 0.000250 0.995236
64800.000000 0.003160 0.942470 0.000242 0.995398
64900.000000 0.003146 0.942711 0.000241 0.995413
65000.000000 0.003154 0.942569 0.000255 0.995140
65100.000000 0.003157 0.942511 0.000262 0.995016
65200.000000 0.003148 0.942687 0.000250 0.995246
65300.000000 0.003166 0.942355 0.000253 0.995192
65400.000000 0.003151 0.942620 0.000243 0.995370
65500.000000 0.003151 0.942622 0.000260 0.995059
65600.000000 0.003147 0.942696 0.000232 0.995593
65700.000000 0.003153 0.942589 0.000248 0.995281
65800.000000 0.003158 0.942495 0.000238 0.995469
65900.000000 0.003154 0.942579 0.000250 0.995237
66000.000000 0.003161 0.942442 0.000249 0.995270
66100.000000 0.003150 0.942643 0.000248 0.995280
66200.000000 0.003160 0.942469 0.000252 0.995203
66300.000000 0.003158 0.942498 0.000246 0.995328
66400.000000 0.003148 0.942680 0.000254 0.995171
66500.000000 0.003148 0.942691 0.000251 0.995231
66600.000000 0.003145 0.942729 0.000244 0.995363
66700.000000 0.003164 0.942387 0.000251 0.995226
66800.000000 0.003149 0.942670 0.000244 0.995366
66900.000000 0.003149 0.942669 0.000243 0.995380
67000.000000 0.003147 0.942708 0.000244 0.995352
67100.000000 0.003154 0.942574 0.000231 0.995606
67200.000000 0.003159 0.942490 0.000241 0.995411
67300.000000 0.003157 0.942523 0.000263 0.994998
67400.000000 0.003159 0.942488 0.000228 0.995665
67500.000000 0.003158 0.942492 0.000248 0.995272
67600.000000 0.003145 0.942743 0.000239 0.995459
67700.000000 0.003152 0.942606 0.000261 0.995032
67800.000000 0.003149 0.942664 0.000257 0.995111
67900.000000 0.003158 0.942505 0.000258 0.995082
68000.000000 0.003140 0.942822 0.000237 0.995484
68100.000000 0.003148 0.942678 0.000246 0.995324
68200.000000 0.003151 0.942635 0.000249 0.995270
68300.000000 0.003150 0.942642 0.000262 0.995008
68400.000000 0.003159 0.942488 0.000273 0.994812
68500.000000 0.003160 0.942472 0.000251 0.995220
68600.000000 0.003142 0.942797 0.000235 0.995521
68700.000000 0.003152 0.942609 0.000260 0.995061
68800.000000 0.003144 0.942758 0.000257 0.995110
68900.000000 0.003150 0.942646 0.000263 0.995004
69000.000000 0.003143 0.942766 0.000253 0.995195
69100.000000 0.003157 0.942527 0.000254 0.995162
69200.000000 0.003145 0.942731 0.000253 0.995189
69300.000000 0.003159 0.942483 0.000242 0.995395
69400.000000 0.003139 0.942841 0.000243 0.995372
69500.000000 0.003149 0.942667 0.000241 0.995420
69600.000000 0.003152 0.942611 0.000249 0.995256
69700.000000 0.003164 0.942396 0.000267 0.994922
69800.000000 0.003158 0.942503 0.000280 0.994681
69900.000000 0.003158 0.942496 0.000268 0.994902
70000.000000 0.003147 0.942702 0.000262 0.995018
70100.000000 0.003140 0.942828 0.000237 0.995481
70200.000000 0.003141 0.942814 0.000253 0.995178
70300.000000 0.003158 0.942493 0.000273 0.994810
70400.000000 0.003141 0.942808 0.000251 0.995221
70500.000000 0.003156 0.942538 0.000282 0.994634
70600.000000 0.003152 0.942613 0.000237 0.995484
70700.000000 0.003144 0.942758 0.000246 0.995311
70800.000000 0.003143 0.942773 0.000268 0.994904
70900.000000 0.003147 0.942705 0.000251 0.995225
71000.000000 0.003137 0.942892 0.000242 0.995391
71100.000000 0.003141 0.942809 0.000242 0.995388
71200.000000 0.003139 0.942845 0.000245 0.995347
71300.000000 0.003141 0.942811 0.000259 0.995078
71400.000000 0.003165 0.942374 0.000269 0.994883
71500.000000 0.003144 0.942759 0.000262 0.995006
71600.000000 0.003143 0.942773 0.000257 0.995100
71700.000000 0.003141 0.942802 0.000247 0.995306
71800.000000 0.003142 0.942795 0.000243 0.995385
71900.000000 0.003139 0.942851 0.000245 0.995331
72000.000000 0.003147 0.942697 0.000242 0.995389
72100.000000 0.003146 0.942728 0.000237 0.995494
72200.000000 0.003148 0.942679 0.000266 0.994935
72300.000000 0.003153 0.942595 0.000264 0.994981
72400.000000 0.003156 0.942534 0.000275 0.994769
72500.000000 0.003136 0.942895 0.000242 0.995387
72600.000000 0.003150 0.942643 0.000264 0.994982
72700.000000 0.003149 0.942668 0.000262 0.995022
72800.000000 0.003146 0.942712 0.000251 0.995218
72900.000000 0.003150 0.942652 0.000266 0.994937
73000.000000 0.003142 0.942786 0.000260 0.995054
73100.000000 0.003147 0.942704 0.000266 0.994944
73200.000000 0.003140 0.942836 0.000264 0.994970
73300.000000 0.003158 0.942502 0.000259 0.995075
73400.000000 0.003138 0.942874 0.000253 0.995184
73500.000000 0.003137 0.942891 0.000246 0.995314
73600.000000 0.003147 0.942709 0.000250 0.995241
73700.000000 0.003151 0.942629 0.000272 0.994827
73800.000000 0.003142 0.942796 0.000253 0.995192
73900.000000 0.003144 0.942755 0.000274 0.994787
74000.000000 0.003145 0.942733 0.000249 0.995271
74100.000000 0.003146 0.942727 0.000268 0.994899
74200.000000 0.003144 0.942749 0.000270 0.994869
74300.000000 0.003139 0.942844 0.000237 0.995487
74400.000000 0.003140 0.942823 0.000246 0.995313
74500.000000 0.003148 0.942678 0.000275 0.994760
74600.000000 0.003136 0.942905 0.000237 0.995485
74700.000000 0.003135 0.942911 0.000246 0.995314
74800.000000 0.003168 0.942312 0.000253 0.995182
74900.000000 0.003142 0.942795 0.000268 0.994894
75000.000000 0.003145 0.942732 0.000280 0.994665
75100.000000 0.003141 0.942813 0.000264 0.994978
75200.000000 0.003159 0.942484 0.000261 0.995042
75300.000000 0.003151 0.942620 0.000260 0.995049
75400.000000 0.003142 0.942786 0.000258 0.995094
75500.000000 0.003155 0.942553 0.000266 0.994940
75600.000000 0.003137 0.942878 0.000258 0.995095
75700.000000 0.003146 0.942720 0.000262 0.995015
75800.000000 0.003146 0.942711 0.000270 0.994856
75900.000000 0.003132 0.942974 0.000242 0.995391
76000.000000 0.003140 0.942824 0.000255 0.995144
76100.000000 0.003139 0.942845 0.000246 0.995323
76200.000000 0.003152 0.942603 0.000265 0.994962
76300.000000 0.003136 0.942898 0.000251 0.995232
76400.000000 0.003135 0.942914 0.000245 0.995333
76500.000000 0.003154 0.942575 0.000264 0.994979
76600.000000 0.003157 0.942515 0.000277 0.994736
76700.000000 0.003142 0.942789 0.000252 0.995207
76800.000000 0.003132 0.942967 0.000252 0.995201
76900.000000 0.003137 0.942892 0.000251 0.995231
77000.000000 0.003138 0.942871 0.000249 0.995255
77100.000000 0.003143 0.942781 0.000258 0.995082
77200.000000 0.003143 0.942775 0.000266 0.994934
77300.000000 0.003143 0.942767 0.000268 0.994899
77400.000000 0.003138 0.942869 0.000237 0.995491
77500.000000 0.003142 0.942785 0.000266 0.994941
77600.000000 0.003137 0.942887 0.000247 0.995306
77700.000000 0.003144 0.942752 0.000261 0.995030
77800.000000 0.003146 0.942720 0.000257 0.995118
77900.000000 0.003146 0.942726 0.000274 0.994786
78000.000000 0.003139 0.942850 0.000259 0.995066
78100.000000 0.003155 0.942552 0.000285 0.994575
78200.000000 0.003140 0.942829 0.000226 0.995702
78300.000000 0.003133 0.942965 0.000241 0.995412
78400.000000 0.003147 0.942702 0.000262 0.995006
78500.000000 0.003138 0.942866 0.000250 0.995234
78600.000000 0.003132 0.942966 0.000255 0.995139
78700.000000 0.003143 0.942774 0.000259 0.995077
78800.000000 0.003143 0.942780 0.000248 0.995284
78900.000000 0.003137 0.942878 0.000271 0.994849
79000.000000 0.003145 0.942746 0.000260 0.995048
79100.000000 0.003129 0.943035 0.000234 0.995550
79200.000000 0.003136 0.942894 0.000258 0.995094
79300.000000 0.003140 0.942835 0.000251 0.995218
79400.000000 0.003138 0.942865 0.000269 0.994882
79500.000000 0.003133 0.942964 0.000265 0.994959
79600.000000 0.003134 0.942945 0.000258 0.995092
79700.000000 0.003132 0.942976 0.000254 0.995160
79800.000000 0.003143 0.942773 0.000286 0.994554
79900.000000 0.003134 0.942933 0.000261 0.995027
80000.000000 0.003128 0.943043 0.000252 0.995197
80100.000000 0.003139 0.942845 0.000267 0.994917
80200.000000 0.003140 0.942830 0.000282 0.994626
80300.000000 0.003148 0.942680 0.000291 0.994470
80400.000000 0.003132 0.942978 0.000252 0.995214
80500.000000 0.003141 0.942804 0.000260 0.995048
80600.000000 0.003139 0.942849 0.000274 0.994784
80700.000000 0.003135 0.942922 0.000249 0.995256
80800.000000 0.003136 0.942898 0.000256 0.995138
80900.000000 0.003143 0.942774 0.000259 0.995070
81000.000000 0.003135 0.942919 0.000255 0.995143
81100.000000 0.003126 0.943083 0.000247 0.995298
81200.000000 0.003134 0.942936 0.000239 0.995449
81300.000000 0.003126 0.943077 0.000251 0.995228
81400.000000 0.003131 0.942999 0.000242 0.995397
81500.000000 0.003134 0.942936 0.000251 0.995216
81600.000000 0.003128 0.943045 0.000249 0.995256
81700.000000 0.003135 0.942911 0.000263 0.994989
81800.000000 0.003139 0.942853 0.000250 0.995249
81900.000000 0.003128 0.943046 0.000239 0.995443
82000.000000 0.003137 0.942878 0.000238 0.995474
82100.000000 0.003136 0.942908 0.000258 0.995085
82200.000000 0.003139 0.942842 0.000263 0.994999
82300.000000 0.003132 0.942968 0.000256 0.995122
82400.000000 0.003142 0.942788 0.000249 0.995260
82500.000000 0.003139 0.942840 0.000259 0.995069
82600.000000 0.003144 0.942750 0.000281 0.994648
82700.000000 0.003132 0.942978 0.000237 0.995483
82800.000000 0.003131 0.942989 0.000261 0.995027
82900.000000 0.003128 0.943048 0.000262 0.995014
83000.000000 0.003127 0.943060 0.000244 0.995364
83100.000000 0.003125 0.943105 0.000240 0.995425
83200.000000 0.003125 0.943093 0.000263 0.994993
83300.000000 0.003133 0.942951 0.000258 0.995094
83400.000000 0.003135 0.942923 0.000236 0.995518
83500.000000 0.003136 0.942900 0.000277 0.994723
83600.000000 0.003126 0.943086 0.000254 0.995167
83700.000000 0.003145 0.942740 0.000266 0.994932
83800.000000 0.003133 0.942963 0.000268 0.994909
83900.000000 0.003129 0.943030 0.000270 0.994868
84000.000000 0.003140 0.942833 0.000264 0.994976
84100.000000 0.003127 0.943058 0.000250 0.995245
84200.000000 0.003125 0.943098 0.000260 0.995059
84300.000000 0.003128 0.943055 0.000267 0.994921
84400.000000 0.003142 0.942797 0.000280 0.994669
84500.000000 0.003133 0.942948 0.000278 0.994714
84600.000000 0.003122 0.943153 0.000246 0.995320
84700.000000 0.003139 0.942843 0.000278 0.994716
84800.000000 0.003140 0.942825 0.000259 0.995068
84900.000000 0.003135 0.942918 0.000272 0.994831
85000.000000 0.003130 0.943019 0.000266 0.994930
85100.000000 0.003128 0.943045 0.000255 0.995146
85200.000000 0.003126 0.943083 0.000257 0.995109
85300.000000 0.003125 0.943096 0.000254 0.995170
85400.000000 0.003134 0.942937 0.000271 0.994846
85500.000000 0.003134 0.942931 0.000249 0.995268
85600.000000 0.003144 0.942760 0.000277 0.994723
85700.000000 0.003131 0.942999 0.000266 0.994947
85800.000000 0.003123 0.943137 0.000252 0.995207
85900.000000 0.003139 0.942856 0.000274 0.994786
86000.000000 0.003132 0.942972 0.000249 0.995261
86100.000000 0.003140 0.942832 0.000256 0.995136
86200.000000 0.003127 0.943064 0.000237 0.995487
86300.000000 0.003123 0.943147 0.000235 0.995530
86400.000000 0.003120 0.943185 0.000244 0.995358
86500.000000 0.003128 0.943047 0.000239 0.995447
86600.000000 0.003144 0.942747 0.000265 0.994965
86700.000000 0.003126 0.943087 0.000260 0.995046
86800.000000 0.003134 0.942940 0.000275 0.994764
86900.000000 0.003126 0.943084 0.000252 0.995209
87000.000000 0.003135 0.942922 0.000275 0.994776
87100.000000 0.003147 0.942708 0.000281 0.994661
87200.000000 0.003135 0.942918 0.000250 0.995238
87300.000000 0.003134 0.942945 0.000243 0.995369
87400.000000 0.003143 0.942774 0.000267 0.994928
87500.000000 0.003168 0.942319 0.000311 0.994088
87600.000000 0.003128 0.943053 0.000264 0.994976
87700.000000 0.003129 0.943035 0.000259 0.995066
87800.000000 0.003131 0.942999 0.000266 0.994930
87900.000000 0.003125 0.943100 0.000257 0.995108
88000.000000 0.003131 0.942993 0.000265 0.994967
88100.000000 0.003130 0.943019 0.000264 0.994985
88200.000000 0.003121 0.943181 0.000247 0.995309
88300.000000 0.003131 0.943001 0.000266 0.994932
88400.000000 0.003126 0.943089 0.000263 0.995004
88500.000000 0.003145 0.942730 0.000287 0.994545
88600.000000 0.003135 0.942921 0.000282 0.994635
88700.000000 0.003130 0.943019 0.000273 0.994814
88800.000000 0.003126 0.943083 0.000258 0.995093
88900.000000 0.003120 0.943187 0.000272 0.994825
89000.000000 0.003129 0.943034 0.000273 0.994796
89100.000000 0.003121 0.943177 0.000265 0.994966
89200.000000 0.003126 0.943077 0.000280 0.994664
89300.000000 0.003127 0.943063 0.000280 0.994666
89400.000000 0.003121 0.943178 0.000255 0.995145
89500.000000 0.003128 0.943039 0.000246 0.995316
89600.000000 0.003134 0.942936 0.000253 0.995177
89700.000000 0.003123 0.943134 0.000242 0.995399
89800.000000 0.003127 0.943068 0.000266 0.994944
89900.000000 0.003128 0.943052 0.000268 0.994899
90000.000000 0.003145 0.942739 0.000287 0.994535
90100.000000 0.003131 0.942992 0.000258 0.995082
90200.000000 0.003122 0.943160 0.000267 0.994925
90300.000000 0.003125 0.943105 0.000266 0.994948
90400.000000 0.003123 0.943144 0.000251 0.995226
90500.000000 0.003127 0.943057 0.000276 0.994755
90600.000000 0.003127 0.943061 0.000250 0.995243
90700.000000 0.003130 0.943015 0.000271 0.994835
90800.000000 0.003134 0.942939 0.000284 0.994592
90900.000000 0.003123 0.943143 0.000269 0.994884
91000.000000 0.003128 0.943041 0.000274 0.994791
91100.000000 0.003128 0.943046 0.000274 0.994787
91200.000000 0.003118 0.943237 0.000257 0.995113
91300.000000 0.003117 0.943247 0.000247 0.995308
91400.000000 0.003130 0.943002 0.000280 0.994668
91500.000000 0.003122 0.943149 0.000259 0.995072
91600.000000 0.003127 0.943063 0.000273 0.994807
91700.000000 0.003117 0.943254 0.000253 0.995185
91800.000000 0.003120 0.943187 0.000245 0.995331
91900.000000 0.003132 0.942980 0.000279 0.994689
92000.000000 0.003117 0.943249 0.000248 0.995277
92100.000000 0.003134 0.942932 0.000261 0.995026
92200.000000 0.003127 0.943060 0.000280 0.994676
92300.000000 0.003120 0.943189 0.000262 0.995019
92400.000000 0.003119 0.943202 0.000265 0.994963
92500.000000 0.003136 0.942904 0.000270 0.994871
92600.000000 0.003124 0.943111 0.000256 0.995137
92700.000000 0.003126 0.943088 0.000271 0.994845
92800.000000 0.003129 0.943026 0.000272 0.994815
92900.000000 0.003118 0.943238 0.000257 0.995111
93000.000000 0.003123 0.943142 0.000276 0.994742
93100.000000 0.003130 0.943007 0.000263 0.995001
93200.000000 0.003126 0.943086 0.000273 0.994813
93300.000000 0.003114 0.943298 0.000257 0.995103
93400.000000 0.003116 0.943261 0.000265 0.994950
93500.000000 0.003133 0.942950 0.000261 0.995026
93600.000000 0.003123 0.943144 0.000244 0.995361
93700.000000 0.003114 0.943298 0.000245 0.995343
93800.000000 0.003118 0.943235 0.000265 0.994964
93900.000000 0.003126 0.943077 0.000264 0.994981
94000.000000 0.003118 0.943228 0.000270 0.994866
94100.000000 0.003116 0.943268 0.000251 0.995225
94200.000000 0.003122 0.943153 0.000260 0.995047
94300.000000 0.003124 0.943117 0.000265 0.994963
94400.000000 0.003118 0.943224 0.000258 0.995091
94500.000000 0.003115 0.943275 0.000248 0.995289
94600.000000 0.003125 0.943104 0.000258 0.995098
94700.000000 0.003114 0.943302 0.000241 0.995406
94800.000000 0.003121 0.943183 0.000255 0.995142
94900.000000 0.003135 0.942915 0.000278 0.994717
95000.000000 0.003115 0.943286 0.000254 0.995164
95100.000000 0.003118 0.943223 0.000249 0.995266
95200.000000 0.003118 0.943221 0.000280 0.994679
95300.000000 0.003115 0.943281 0.000262 0.995022
95400.000000 0.003123 0.943146 0.000269 0.994879
95500.000000 0.003119 0.943211 0.000257 0.995107
95600.000000 0.003143 0.942777 0.000311 0.994085
95700.000000 0.003116 0.943266 0.000262 0.995023
95800.000000 0.003128 0.943038 0.000274 0.994781
95900.000000 0.003127 0.943069 0.000288 0.994516
96000.000000 0.003111 0.943360 0.000260 0.995055
96100.000000 0.003113 0.943324 0.000250 0.995250
96200.000000 0.003116 0.943267 0.000272 0.994818
96300.000000 0.003115 0.943291 0.000247 0.995299
96400.000000 0.003129 0.943029 0.000287 0.994544
96500.000000 0.003118 0.943228 0.000271 0.994843
96600.000000 0.003114 0.943304 0.000266 0.994937
96700.000000 0.003116 0.943268 0.000259 0.995077
96800.000000 0.003118 0.943227 0.000265 0.994952
96900.000000 0.003119 0.943206 0.000289 0.994507
97000.000000 0.003115 0.943278 0.000275 0.994770
97100.000000 0.003109 0.943388 0.000263 0.994994
97200.000000 0.003116 0.943265 0.000253 0.995181
97300.000000 0.003124 0.943122 0.000289 0.994508
97400.000000 0.003122 0.943159 0.000279 0.994694
97500.000000 0.003117 0.943252 0.000274 0.994785
97600.000000 0.003118 0.943221 0.000277 0.994720
97700.000000 0.003127 0.943063 0.000302 0.994247
97800.000000 0.003116 0.943263 0.000279 0.994688
97900.000000 0.003124 0.943114 0.000278 0.994719
98000.000000 0.003109 0.943389 0.000260 0.995061
98100.000000 0.003115 0.943289 0.000290 0.994485
98200.000000 0.003120 0.943195 0.000260 0.995062
98300.000000 0.003132 0.942971 0.000300 0.994285
98400.000000 0.003119 0.943204 0.000271 0.994837
98500.000000 0.003111 0.943362 0.000260 0.995048
98600.000000 0.003119 0.943205 0.000279 0.994684
98700.000000 0.003118 0.943226 0.000269 0.994881
98800.000000 0.003117 0.943246 0.000269 0.994890
98900.000000 0.003115 0.943287 0.000283 0.994621
99000.000000 0.003120 0.943192 0.000292 0.994448
99100.000000 0.003117 0.943254 0.000276 0.994749
99200.000000 0.003117 0.943252 0.000280 0.994669
99300.000000 0.003117 0.943255 0.000276 0.994754
99400.000000 0.003113 0.943314 0.000262 0.995020
99500.000000 0.003112 0.943333 0.000248 0.995278
99600.000000 0.003120 0.943191 0.000277 0.994722
99700.000000 0.003110 0.943367 0.000265 0.994965
99800.000000 0.003116 0.943257 0.000247 0.995307
99900.000000 0.003119 0.943206 0.000266 0.994946
100000.000000 0.003117 0.943256 0.000270 0.994863
