100.000000 0.054945 -0.000410 0.053336 -0.014877
200.000000 0.054490 0.007871 0.052920 -0.006962
300.000000 0.054098 0.015015 0.052545 0.000171
400.000000 0.053723 0.021832 0.052143 0.007825
500.000000 0.053415 0.027445 0.051860 0.013209
600.000000 0.053045 0.034190 0.051463 0.020758
700.000000 0.052741 0.039712 0.051120 0.027288
800.000000 0.052428 0.045425 0.050810 0.033179
900.000000 0.052149 0.050493 0.050508 0.038924
1000.000000 0.051846 0.056022 0.050234 0.044143
1100.000000 0.051677 0.059096 0.050116 0.046378
1200.000000 0.051334 0.065332 0.049762 0.053114
1300.000000 0.051010 0.071241 0.049395 0.060103
1400.000000 0.050742 0.076109 0.049121 0.065312
1500.000000 0.050480 0.080886 0.048850 0.070485
1600.000000 0.050218 0.085657 0.048606 0.075110
1700.000000 0.049973 0.090112 0.048321 0.080548
1800.000000 0.049683 0.095399 0.048028 0.086121
1900.000000 0.049405 0.100467 0.047771 0.091007
2000.000000 0.049145 0.105185 0.047534 0.095523
2100.000000 0.048863 0.110334 0.047225 0.101406
2200.000000 0.048597 0.115163 0.046945 0.106719
2300.000000 0.048309 0.120417 0.046679 0.111792
2400.000000 0.048028 0.125527 0.046393 0.117230
2500.000000 0.047744 0.130700 0.046117 0.122477
2600.000000 0.047448 0.136096 0.045807 0.128380
2700.000000 0.047147 0.141579 0.045483 0.134547
2800.000000 0.046869 0.146624 0.045243 0.139112
2900.000000 0.046525 0.152903 0.044860 0.146391
3000.000000 0.046210 0.158623 0.044575 0.151827
3100.000000 0.045889 0.164484 0.044213 0.158717
3200.000000 0.045533 0.170964 0.043884 0.164966
3300.000000 0.045182 0.177342 0.043527 0.171760
3400.000000 0.044822 0.183907 0.043156 0.178820
3500.000000 0.044465 0.190397 0.042826 0.185107
3600.000000 0.044073 0.197547 0.042406 0.193092
3700.000000 0.043701 0.204323 0.042049 0.199895
3800.000000 0.043299 0.211641 0.041585 0.208713
3900.000000 0.042872 0.219407 0.041182 0.216378
4000.000000 0.042454 0.227023 0.040775 0.224123
4100.000000 0.042021 0.234896 0.040319 0.232797
4200.000000 0.041584 0.242860 0.039904 0.240701
4300.000000 0.041127 0.251189 0.039413 0.250043
4400.000000 0.040664 0.259616 0.038940 0.259038
4500.000000 0.040197 0.268108 0.038474 0.267909
4600.000000 0.039713 0.276923 0.037988 0.277162
4700.000000 0.039231 0.285695 0.037499 0.286458
4800.000000 0.038756 0.294345 0.037013 0.295709
4900.000000 0.038284 0.302943 0.036517 0.305153
5000.000000 0.037828 0.311246 0.036086 0.313347
5100.000000 0.037339 0.320147 0.035535 0.323832
5200.000000 0.036863 0.328812 0.035068 0.332718
5300.000000 0.036411 0.337052 0.034614 0.341352
5400.000000 0.035955 0.345341 0.034110 0.350943
5500.000000 0.035516 0.353342 0.033656 0.359581
5600.000000 0.035091 0.361074 0.033194 0.368387
5700.000000 0.034692 0.368341 0.032806 0.375770
5800.000000 0.034256 0.376289 0.032335 0.384717
5900.000000 0.033860 0.383492 0.031915 0.392719
6000.000000 0.033467 0.390641 0.031455 0.401470
6100.000000 0.033064 0.397987 0.031050 0.409182
6200.000000 0.032680 0.404980 0.030639 0.416991
6300.000000 0.032310 0.411725 0.030230 0.424779
6400.000000 0.031947 0.418330 0.029862 0.431775
6500.000000 0.031566 0.425256 0.029441 0.439797
6600.000000 0.031207 0.431806 0.029044 0.447344
6700.000000 0.030858 0.438149 0.028648 0.454884
6800.000000 0.030503 0.444611 0.028243 0.462594
6900.000000 0.030165 0.450771 0.027893 0.469244
7000.000000 0.029829 0.456891 0.027522 0.476311
7100.000000 0.029504 0.462809 0.027148 0.483419
7200.000000 0.029188 0.468561 0.026807 0.489920
7300.000000 0.028877 0.474222 0.026469 0.496352
7400.000000 0.028585 0.479535 0.026152 0.502381
7500.000000 0.028288 0.484954 0.025804 0.508993
7600.000000 0.028013 0.489952 0.025510 0.514586
7700.000000 0.027749 0.494757 0.025185 0.520771
7800.000000 0.027500 0.499294 0.024924 0.525735
7900.000000 0.027262 0.503632 0.024643 0.531082
8000.000000 0.027037 0.507724 0.024375 0.536192
8100.000000 0.026817 0.511737 0.024160 0.540289
8200.000000 0.026611 0.515478 0.023913 0.544972
8300.000000 0.026416 0.519032 0.023682 0.549381
8400.000000 0.026235 0.522321 0.023467 0.553464
8500.000000 0.026058 0.525552 0.023281 0.557000
8600.000000 0.025895 0.528514 0.023100 0.560443
8700.000000 0.025741 0.531319 0.022924 0.563805
8800.000000 0.025588 0.534098 0.022742 0.567255
8900.000000 0.025456 0.536514 0.022590 0.570152
9000.000000 0.025323 0.538934 0.022454 0.572744
9100.000000 0.025199 0.541192 0.022284 0.575982
9200.000000 0.025069 0.543549 0.022166 0.578213
9300.000000 0.024953 0.545665 0.022039 0.580639
9400.000000 0.024839 0.547749 0.021908 0.583126
9500.000000 0.024735 0.549643 0.021803 0.585137
9600.000000 0.024621 0.551707 0.021660 0.587842
9700.000000 0.024521 0.553533 0.021544 0.590061
9800.000000 0.024426 0.555271 0.021460 0.591649
9900.000000 0.024325 0.557110 0.021341 0.593922
10000.000000 0.024232 0.558804 0.021244 0.595772
10100.000000 0.024139 0.560495 0.021139 0.597766
10200.000000 0.024051 0.562083 0.021030 0.599846
10300.000000 0.023963 0.563688 0.020954 0.601284
10400.000000 0.023873 0.565334 0.020852 0.603223
10500.000000 0.023789 0.566871 0.020771 0.604772
10600.000000 0.023705 0.568387 0.020665 0.606787
10700.000000 0.023622 0.569910 0.020596 0.608091
10800.000000 0.023536 0.571471 0.020493 0.610056
10900.000000 0.023454 0.572959 0.020407 0.611700
11000.000000 0.023373 0.574431 0.020318 0.613384
11100.000000 0.023294 0.575882 0.020250 0.614673
11200.000000 0.023215 0.577307 0.020162 0.616358
11300.000000 0.023137 0.578728 0.020090 0.617733
11400.000000 0.023055 0.580226 0.019991 0.619600
11500.000000 0.022978 0.581631 0.019923 0.620903
11600.000000 0.022909 0.582886 0.019831 0.622655
11700.000000 0.022825 0.584420 0.019770 0.623815
11800.000000 0.022748 0.585807 0.019675 0.625626
11900.000000 0.022671 0.587216 0.019600 0.627041
12000.000000 0.022596 0.588592 0.019520 0.628577
12100.000000 0.022529 0.589805 0.019470 0.629517
12200.000000 0.022445 0.591337 0.019377 0.631296
12300.000000 0.022375 0.592605 0.019315 0.632481
12400.000000 0.022298 0.594003 0.019214 0.634401
12500.000000 0.022227 0.595300 0.019134 0.635911
12600.000000 0.022148 0.596737 0.019073 0.637076
12700.000000 0.022081 0.597956 0.018997 0.638530
12800.000000 0.022001 0.599409 0.018926 0.639882
12900.000000 0.021929 0.600723 0.018856 0.641206
13000.000000 0.021861 0.601966 0.018795 0.642366
13100.000000 0.021788 0.603289 0.018692 0.644335
13200.000000 0.021716 0.604613 0.018646 0.645209
13300.000000 0.021645 0.605908 0.018573 0.646600
13400.000000 0.021573 0.607214 0.018488 0.648202
13500.000000 0.021504 0.608458 0.018436 0.649204
13600.000000 0.021433 0.609766 0.018363 0.650579
13700.000000 0.021362 0.611060 0.018285 0.652078
13800.000000 0.021294 0.612281 0.018202 0.653659
13900.000000 0.021223 0.613579 0.018146 0.654710
14000.000000 0.021156 0.614794 0.018072 0.656130
14100.000000 0.021092 0.615959 0.018023 0.657050
14200.000000 0.021022 0.617250 0.017949 0.658470
14300.000000 0.020949 0.618571 0.017859 0.660177
14400.000000 0.020883 0.619781 0.017793 0.661424
14500.000000 0.020821 0.620903 0.017754 0.662169
14600.000000 0.020748 0.622228 0.017669 0.663784
14700.000000 0.020684 0.623400 0.017592 0.665254
14800.000000 0.020614 0.624672 0.017534 0.666365
14900.000000 0.020552 0.625797 0.017493 0.667142
15000.000000 0.020481 0.627085 0.017406 0.668796
15100.000000 0.020416 0.628277 0.017339 0.670071
15200.000000 0.020353 0.629431 0.017267 0.671439
15300.000000 0.020289 0.630594 0.017216 0.672420
15400.000000 0.020224 0.631779 0.017149 0.673683
15500.000000 0.020162 0.632893 0.017081 0.674981
15600.000000 0.020096 0.634110 0.017014 0.676260
15700.000000 0.020034 0.635234 0.016951 0.677461
15800.000000 0.019971 0.636382 0.016900 0.678421
15900.000000 0.019907 0.637549 0.016829 0.679768
16000.000000 0.019847 0.638635 0.016783 0.680643
16100.000000 0.019784 0.639792 0.016717 0.681911
16200.000000 0.019720 0.640940 0.016650 0.683181
16300.000000 0.019659 0.642058 0.016590 0.684315
16400.000000 0.019598 0.643174 0.016522 0.685617
16500.000000 0.019539 0.644239 0.016456 0.686866
16600.000000 0.019477 0.645372 0.016406 0.687822
16700.000000 0.019418 0.646454 0.016358 0.688739
16800.000000 0.019355 0.647590 0.016281 0.690196
16900.000000 0.019295 0.648682 0.016214 0.691474
17000.000000 0.019236 0.649760 0.016160 0.692503
17100.000000 0.019180 0.650789 0.016098 0.693686
17200.000000 0.019119 0.651890 0.016054 0.694516
17300.000000 0.019062 0.652924 0.016002 0.695509
17400.000000 0.019000 0.654052 0.015933 0.696830
17500.000000 0.018946 0.655039 0.015855 0.698306
17600.000000 0.018882 0.656204 0.015808 0.699194
17700.000000 0.018829 0.657170 0.015756 0.700186
17800.000000 0.018776 0.658130 0.015723 0.700827
17900.000000 0.018710 0.659346 0.015635 0.702491
18000.000000 0.018657 0.660299 0.015600 0.703170
18100.000000 0.018595 0.661439 0.015513 0.704816
18200.000000 0.018537 0.662486 0.015472 0.705603
18300.000000 0.018483 0.663465 0.015422 0.706553
18400.000000 0.018424 0.664554 0.015362 0.707694
18500.000000 0.018368 0.665558 0.015276 0.709322
18600.000000 0.018308 0.666660 0.015239 0.710037
18700.000000 0.018263 0.667478 0.015194 0.710887
18800.000000 0.018195 0.668718 0.015129 0.712132
18900.000000 0.018143 0.669664 0.015059 0.713454
19000.000000 0.018081 0.670788 0.015012 0.714359
19100.000000 0.018025 0.671802 0.014957 0.715393
19200.000000 0.017972 0.672767 0.014895 0.716585
19300.000000 0.017917 0.673773 0.014867 0.717106
19400.000000 0.017862 0.674777 0.014774 0.718879
19500.000000 0.017806 0.675789 0.014748 0.719370
19600.000000 0.017751 0.676795 0.014685 0.720582
19700.000000 0.017696 0.677795 0.014622 0.721769
19800.000000 0.017643 0.678762 0.014577 0.722627
19900.000000 0.017594 0.679658 0.014510 0.723908
20000.000000 0.017537 0.680703 0.014460 0.724848
20100.000000 0.017485 0.681646 0.014414 0.725722
20200.000000 0.017432 0.682600 0.014375 0.726465
20300.000000 0.017385 0.683470 0.014307 0.727760
20400.000000 0.017325 0.684547 0.014264 0.728591
20500.000000 0.017273 0.685501 0.014198 0.729842
20600.000000 0.017220 0.686465 0.014152 0.730715
20700.000000 0.017172 0.687347 0.014106 0.731595
20800.000000 0.017119 0.688301 0.014038 0.732875
20900.000000 0.017064 0.689303 0.014008 0.733449
21000.000000 0.017012 0.690263 0.013935 0.734841
21100.000000 0.016959 0.691219 0.013891 0.735672
21200.000000 0.016907 0.692163 0.013849 0.736488
21300.000000 0.016857 0.693082 0.013800 0.737409
21400.000000 0.016805 0.694025 0.013733 0.738685
21500.000000 0.016752 0.694979 0.013690 0.739500
21600.000000 0.016705 0.695848 0.013627 0.740697
21700.000000 0.016651 0.696831 0.013572 0.741753
21800.000000 0.016599 0.697766 0.013548 0.742215
21900.000000 0.016548 0.698711 0.013487 0.743364
22000.000000 0.016496 0.699644 0.013435 0.744357
22100.000000 0.016451 0.700471 0.013404 0.744952
22200.000000 0.016399 0.701417 0.013331 0.746338
22300.000000 0.016346 0.702381 0.013286 0.747197
22400.000000 0.016298 0.703260 0.013227 0.748310
22500.000000 0.016254 0.704064 0.013183 0.749145
22600.000000 0.016200 0.705044 0.013142 0.749941
22700.000000 0.016152 0.705915 0.013092 0.750880
22800.000000 0.016110 0.706671 0.013031 0.752041
22900.000000 0.016057 0.707641 0.012999 0.752651
23000.000000 0.016010 0.708494 0.012958 0.753426
23100.000000 0.015962 0.709364 0.012909 0.754374
23200.000000 0.015914 0.710247 0.012849 0.755513
23300.000000 0.015867 0.711103 0.012806 0.756327
23400.000000 0.015821 0.711941 0.012767 0.757068
23500.000000 0.015783 0.712630 0.012716 0.758038
23600.000000 0.015727 0.713647 0.012669 0.758937
23700.000000 0.015680 0.714509 0.012618 0.759910
23800.000000 0.015634 0.715345 0.012565 0.760914
23900.000000 0.015589 0.716170 0.012534 0.761494
24000.000000 0.015543 0.716994 0.012474 0.762644
24100.000000 0.015499 0.717801 0.012445 0.763187
24200.000000 0.015453 0.718632 0.012398 0.764097
24300.000000 0.015410 0.719428 0.012344 0.765126
24400.000000 0.015366 0.720217 0.012307 0.765812
24500.000000 0.015321 0.721043 0.012270 0.766523
24600.000000 0.015277 0.721838 0.012221 0.767453
24700.000000 0.015236 0.722593 0.012176 0.768321
24800.000000 0.015191 0.723402 0.012148 0.768855
24900.000000 0.015149 0.724179 0.012110 0.769574
25000.000000 0.015103 0.725014 0.012055 0.770612
25100.000000 0.015061 0.725778 0.011997 0.771723
25200.000000 0.015018 0.726556 0.011960 0.772429
25300.000000 0.014977 0.727305 0.011929 0.773016
25400.000000 0.014938 0.728008 0.011901 0.773548
25500.000000 0.014895 0.728797 0.011837 0.774764
25600.000000 0.014853 0.729571 0.011803 0.775402
25700.000000 0.014813 0.730295 0.011768 0.776082
25800.000000 0.014770 0.731081 0.011713 0.777122
25900.000000 0.014731 0.731782 0.011677 0.777809
26000.000000 0.014688 0.732563 0.011630 0.778698
26100.000000 0.014653 0.733200 0.011592 0.779428
26200.000000 0.014609 0.734013 0.011557 0.780098
26300.000000 0.014568 0.734760 0.011514 0.780902
26400.000000 0.014529 0.735458 0.011465 0.781851
26500.000000 0.014491 0.736163 0.011425 0.782613
26600.000000 0.014452 0.736869 0.011417 0.782762
26700.000000 0.014410 0.737636 0.011356 0.783914
26800.000000 0.014371 0.738343 0.011324 0.784529
26900.000000 0.014332 0.739051 0.011275 0.785459
27000.000000 0.014296 0.739714 0.011241 0.786114
27100.000000 0.014257 0.740410 0.011197 0.786946
27200.000000 0.014215 0.741173 0.011167 0.787514
27300.000000 0.014177 0.741875 0.011126 0.788290
27400.000000 0.014139 0.742559 0.011082 0.789132
27500.000000 0.014102 0.743241 0.011039 0.789949
27600.000000 0.014061 0.743982 0.011023 0.790255
27700.000000 0.014023 0.744680 0.010977 0.791130
27800.000000 0.013983 0.745399 0.010935 0.791932
27900.000000 0.013948 0.746051 0.010898 0.792634
28000.000000 0.013914 0.746665 0.010864 0.793284
28100.000000 0.013873 0.747410 0.010822 0.794085
28200.000000 0.013835 0.748099 0.010775 0.794970
28300.000000 0.013796 0.748807 0.010754 0.795364
28400.000000 0.013758 0.749503 0.010713 0.796161
28500.000000 0.013723 0.750142 0.010663 0.797107
28600.000000 0.013686 0.750808 0.010649 0.797378
28700.000000 0.013649 0.751491 0.010614 0.798037
28800.000000 0.013613 0.752146 0.010559 0.799083
28900.000000 0.013584 0.752678 0.010541 0.799416
29000.000000 0.013539 0.753491 0.010495 0.800301
29100.000000 0.013507 0.754068 0.010469 0.800801
29200.000000 0.013468 0.754786 0.010430 0.801534
29300.000000 0.013433 0.755427 0.010397 0.802172
29400.000000 0.013398 0.756057 0.010367 0.802732
29500.000000 0.013372 0.756530 0.010331 0.803416
29600.000000 0.013326 0.757370 0.010283 0.804340
29700.000000 0.013291 0.758009 0.010255 0.804859
29800.000000 0.013256 0.758646 0.010209 0.805746
29900.000000 0.013225 0.759208 0.010188 0.806149
30000.000000 0.013186 0.759912 0.010146 0.806949
30100.000000 0.013156 0.760456 0.010119 0.807462
30200.000000 0.013119 0.761144 0.010085 0.808100
30300.000000 0.013084 0.761774 0.010045 0.808855
30400.000000 0.013051 0.762371 0.010012 0.809494
30500.000000 0.013018 0.762982 0.009972 0.810256
30600.000000 0.012984 0.763591 0.009947 0.810720
30700.000000 0.012950 0.764205 0.009915 0.811333
30800.000000 0.012918 0.764802 0.009870 0.812195
30900.000000 0.012888 0.765347 0.009858 0.812429
31000.000000 0.012853 0.765974 0.009822 0.813111
31100.000000 0.012820 0.766579 0.009778 0.813953
31200.000000 0.012789 0.767147 0.009742 0.814625
31300.000000 0.012756 0.767740 0.009725 0.814950
31400.000000 0.012724 0.768333 0.009689 0.815643
31500.000000 0.012692 0.768906 0.009664 0.816103
31600.000000 0.012664 0.769414 0.009642 0.816535
31700.000000 0.012632 0.770008 0.009579 0.817737
31800.000000 0.012599 0.770607 0.009555 0.818186
31900.000000 0.012565 0.771225 0.009528 0.818703
32000.000000 0.012539 0.771688 0.009513 0.818993
32100.000000 0.012502 0.772374 0.009465 0.819893
32200.000000 0.012471 0.772938 0.009431 0.820550
32300.000000 0.012440 0.773501 0.009408 0.820977
32400.000000 0.012411 0.774026 0.009387 0.821389
32500.000000 0.012376 0.774666 0.009343 0.822222
32600.000000 0.012344 0.775245 0.009302 0.822999
32700.000000 0.012315 0.775769 0.009285 0.823330
32800.000000 0.012281 0.776386 0.009240 0.824171
32900.000000 0.012259 0.776792 0.009238 0.824223
33000.000000 0.012221 0.777488 0.009194 0.825048
33100.000000 0.012189 0.778061 0.009153 0.825843
33200.000000 0.012159 0.778608 0.009114 0.826587
33300.000000 0.012130 0.779144 0.009091 0.827024
33400.000000 0.012096 0.779769 0.009065 0.827511
33500.000000 0.012066 0.780305 0.009036 0.828063
33600.000000 0.012035 0.780880 0.009011 0.828529
33700.000000 0.012003 0.781454 0.008971 0.829290
33800.000000 0.011970 0.782048 0.008935 0.829977
33900.000000 0.011940 0.782605 0.008906 0.830539
34000.000000 0.011911 0.783124 0.008884 0.830949
34100.000000 0.011881 0.783673 0.008847 0.831663
34200.000000 0.011851 0.784220 0.008809 0.832388
34300.000000 0.011823 0.784733 0.008790 0.832744
34400.000000 0.011794 0.785258 0.008744 0.833624
34500.000000 0.011766 0.785767 0.008717 0.834131
34600.000000 0.011735 0.786342 0.008704 0.834378
34700.000000 0.011706 0.786855 0.008657 0.835269
34800.000000 0.011677 0.787385 0.008630 0.835781
34900.000000 0.011649 0.787903 0.008601 0.836340
35000.000000 0.011621 0.788419 0.008578 0.836777
35100.000000 0.011592 0.788932 0.008560 0.837123
35200.000000 0.011565 0.789427 0.008529 0.837718
35300.000000 0.011535 0.789969 0.008501 0.838247
35400.000000 0.011508 0.790477 0.008469 0.838854
35500.000000 0.011481 0.790964 0.008441 0.839384
35600.000000 0.011459 0.791364 0.008440 0.839402
35700.000000 0.011427 0.791937 0.008384 0.840460
35800.000000 0.011400 0.792428 0.008367 0.840801
35900.000000 0.011376 0.792878 0.008344 0.841226
36000.000000 0.011348 0.793373 0.008303 0.842004
36100.000000 0.011322 0.793846 0.008284 0.842380
36200.000000 0.011297 0.794304 0.008266 0.842722
36300.000000 0.011272 0.794764 0.008245 0.843106
36400.000000 0.011245 0.795250 0.008214 0.843694
36500.000000 0.011219 0.795723 0.008187 0.844218
36600.000000 0.011198 0.796110 0.008167 0.844596
36700.000000 0.011170 0.796618 0.008130 0.845302
36800.000000 0.011147 0.797045 0.008118 0.845528
36900.000000 0.011121 0.797517 0.008080 0.846256
37000.000000 0.011107 0.797776 0.008096 0.845953
37100.000000 0.011077 0.798323 0.008037 0.847065
37200.000000 0.011052 0.798773 0.008013 0.847535
37300.000000 0.011026 0.799248 0.007972 0.848303
37400.000000 0.010999 0.799742 0.007971 0.848318
37500.000000 0.010973 0.800213 0.007932 0.849061
37600.000000 0.010949 0.800645 0.007916 0.849372
37700.000000 0.010927 0.801055 0.007889 0.849890
37800.000000 0.010904 0.801469 0.007863 0.850382
37900.000000 0.010879 0.801918 0.007852 0.850598
38000.000000 0.010855 0.802357 0.007828 0.851040
38100.000000 0.010831 0.802803 0.007799 0.851608
38200.000000 0.010807 0.803231 0.007772 0.852109
38300.000000 0.010785 0.803638 0.007754 0.852451
38400.000000 0.010766 0.803983 0.007723 0.853040
38500.000000 0.010742 0.804420 0.007710 0.853287
38600.000000 0.010717 0.804868 0.007670 0.854059
38700.000000 0.010695 0.805278 0.007655 0.854340
38800.000000 0.010671 0.805707 0.007646 0.854511
38900.000000 0.010650 0.806086 0.007624 0.854925
39000.000000 0.010627 0.806503 0.007610 0.855206
39100.000000 0.010603 0.806951 0.007568 0.855989
39200.000000 0.010580 0.807367 0.007546 0.856417
39300.000000 0.010561 0.807715 0.007526 0.856791
39400.000000 0.010541 0.808077 0.007521 0.856896
39500.000000 0.010516 0.808523 0.007492 0.857443
39600.000000 0.010492 0.808963 0.007455 0.858150
39700.000000 0.010471 0.809346 0.007430 0.858629
39800.000000 0.010450 0.809739 0.007412 0.858965
39900.000000 0.010427 0.810150 0.007387 0.859439
40000.000000 0.010407 0.810520 0.007376 0.859643
40100.000000 0.010385 0.810918 0.007343 0.860282
40200.000000 0.010365 0.811282 0.007321 0.860688
40300.000000 0.010342 0.811698 0.007300 0.861086
40400.000000 0.010321 0.812073 0.007292 0.861249
40500.000000 0.010300 0.812472 0.007264 0.861785
40600.000000 0.010280 0.812830 0.007238 0.862282
40700.000000 0.010258 0.813224 0.007231 0.862410
40800.000000 0.010237 0.813605 0.007203 0.862949
40900.000000 0.010217 0.813967 0.007187 0.863244
41000.000000 0.010195 0.814367 0.007161 0.863741
41100.000000 0.010180 0.814654 0.007141 0.864126
41200.000000 0.010158 0.815044 0.007128 0.864362
41300.000000 0.010135 0.815465 0.007108 0.864746
41400.000000 0.010115 0.815824 0.007084 0.865198
41500.000000 0.010095 0.816204 0.007058 0.865696
41600.000000 0.010075 0.816568 0.007034 0.866163
41700.000000 0.010068 0.816684 0.007022 0.866377
41800.000000 0.010035 0.817280 0.006997 0.866858
41900.000000 0.010017 0.817622 0.006988 0.867023
42000.000000 0.009999 0.817941 0.006971 0.867355
42100.000000 0.009979 0.818313 0.006942 0.867913
42200.000000 0.009958 0.818695 0.006924 0.868254
42300.000000 0.009938 0.819055 0.006906 0.868595
42400.000000 0.009920 0.819380 0.006881 0.869067
42500.000000 0.009901 0.819728 0.006869 0.869303
42600.000000 0.009881 0.820083 0.006840 0.869843
42700.000000 0.009862 0.820438 0.006831 0.870010
42800.000000 0.009846 0.820730 0.006812 0.870375
42900.000000 0.009832 0.820986 0.006788 0.870847
43000.000000 0.009810 0.821388 0.006785 0.870901
43100.000000 0.009789 0.821768 0.006741 0.871724
43200.000000 0.009768 0.822146 0.006731 0.871913
43300.000000 0.009753 0.822427 0.006715 0.872231
43400.000000 0.009734 0.822777 0.006690 0.872695
43500.000000 0.009714 0.823131 0.006680 0.872885
43600.000000 0.009696 0.823458 0.006655 0.873376
43700.000000 0.009682 0.823717 0.006656 0.873351
43800.000000 0.009661 0.824094 0.006619 0.874045
43900.000000 0.009644 0.824399 0.006606 0.874291
44000.000000 0.009629 0.824675 0.006605 0.874327
44100.000000 0.009612 0.824987 0.006576 0.874865
44200.000000 0.009594 0.825319 0.006563 0.875117
44300.000000 0.009577 0.825624 0.006546 0.875442
44400.000000 0.009564 0.825868 0.006526 0.875826
44500.000000 0.009544 0.826227 0.006506 0.876201
44600.000000 0.009529 0.826501 0.006490 0.876505
44700.000000 0.009513 0.826791 0.006475 0.876791
44800.000000 0.009496 0.827094 0.006450 0.877271
44900.000000 0.009478 0.827427 0.006444 0.877377
45000.000000 0.009462 0.827716 0.006426 0.877728
45100.000000 0.009449 0.827957 0.006424 0.877758
45200.000000 0.009431 0.828290 0.006397 0.878271
45300.000000 0.009415 0.828577 0.006375 0.878688
45400.000000 0.009400 0.828854 0.006352 0.879135
45500.000000 0.009384 0.829132 0.006347 0.879233
45600.000000 0.009371 0.829369 0.006342 0.879330
45700.000000 0.009356 0.829652 0.006309 0.879959
45800.000000 0.009340 0.829934 0.006307 0.879990
45900.000000 0.009327 0.830184 0.006278 0.880536
46000.000000 0.009313 0.830427 0.006280 0.880509
46100.000000 0.009298 0.830705 0.006262 0.880837
46200.000000 0.009293 0.830789 0.006256 0.880956
46300.000000 0.009273 0.831160 0.006241 0.881241
46400.000000 0.009261 0.831380 0.006241 0.881245
46500.000000 0.009246 0.831661 0.006210 0.881844
46600.000000 0.009231 0.831928 0.006189 0.882231
46700.000000 0.009220 0.832120 0.006171 0.882584
46800.000000 0.009205 0.832392 0.006164 0.882712
46900.000000 0.009193 0.832617 0.006156 0.882856
47000.000000 0.009181 0.832840 0.006150 0.882971
47100.000000 0.009168 0.833082 0.006136 0.883243
47200.000000 0.009155 0.833309 0.006109 0.883748
47300.000000 0.009147 0.833462 0.006128 0.883398
47400.000000 0.009132 0.833730 0.006110 0.883734
47500.000000 0.009118 0.833976 0.006082 0.884263
47600.000000 0.009106 0.834203 0.006065 0.884595
47700.000000 0.009095 0.834404 0.006064 0.884606
47800.000000 0.009087 0.834549 0.006064 0.884611
47900.000000 0.009075 0.834771 0.006039 0.885084
48000.000000 0.009059 0.835054 0.006026 0.885334
48100.000000 0.009049 0.835242 0.006017 0.885508
48200.000000 0.009037 0.835454 0.006006 0.885713
48300.000000 0.009026 0.835663 0.005984 0.886141
48400.000000 0.009015 0.835867 0.005971 0.886391
48500.000000 0.009004 0.836066 0.005972 0.886361
48600.000000 0.008994 0.836236 0.005970 0.886400
48700.000000 0.008982 0.836453 0.005948 0.886816
48800.000000 0.008971 0.836653 0.005943 0.886916
48900.000000 0.008963 0.836798 0.005931 0.887144
49000.000000 0.008951 0.837023 0.005912 0.887508
49100.000000 0.008943 0.837179 0.005921 0.887333
49200.000000 0.008929 0.837428 0.005891 0.887910
49300.000000 0.008920 0.837580 0.005882 0.888068
49400.000000 0.008913 0.837715 0.005892 0.887895
49500.000000 0.008898 0.837989 0.005856 0.888568
49600.000000 0.008890 0.838142 0.005847 0.888746
49700.000000 0.008877 0.838364 0.005843 0.888823
49800.000000 0.008866 0.838579 0.005831 0.889038
49900.000000 0.008859 0.838707 0.005831 0.889043
50000.000000 0.008846 0.838941 0.005813 0.889390
50100.000000 0.008836 0.839127 0.005792 0.889794
50200.000000 0.008824 0.839346 0.005785 0.889920
50300.000000 0.008813 0.839535 0.005784 0.889944
50400.000000 0.008803 0.839713 0.005761 0.890371
50500.000000 0.008792 0.839913 0.005766 0.890276
50600.000000 0.008781 0.840125 0.005743 0.890714
50700.000000 0.008770 0.840315 0.005738 0.890823
50800.000000 0.008761 0.840483 0.005714 0.891273
50900.000000 0.008749 0.840694 0.005719 0.891182
51000.000000 0.008740 0.840871 0.005706 0.891417
51100.000000 0.008729 0.841073 0.005692 0.891700
51200.000000 0.008719 0.841253 0.005688 0.891763
51300.000000 0.008710 0.841417 0.005675 0.892015
51400.000000 0.008699 0.841612 0.005670 0.892110
51500.000000 0.008689 0.841796 0.005653 0.892441
51600.000000 0.008679 0.841981 0.005644 0.892604
51700.000000 0.008669 0.842158 0.005643 0.892632
51800.000000 0.008658 0.842354 0.005624 0.892987
51900.000000 0.008650 0.842506 0.005630 0.892863
52000.000000 0.008639 0.842704 0.005606 0.893320
52100.000000 0.008629 0.842883 0.005607 0.893301
52200.000000 0.008618 0.843091 0.005593 0.893570
52300.000000 0.008607 0.843291 0.005575 0.893912
52400.000000 0.008599 0.843427 0.005580 0.893814
52500.000000 0.008588 0.843640 0.005552 0.894363
52600.000000 0.008579 0.843800 0.005544 0.894500
52700.000000 0.008569 0.843973 0.005539 0.894605
52800.000000 0.008562 0.844114 0.005524 0.894882
52900.000000 0.008552 0.844291 0.005522 0.894922
53000.000000 0.008540 0.844517 0.005506 0.895223
53100.000000 0.008530 0.844683 0.005496 0.895430
53200.000000 0.008522 0.844845 0.005485 0.895637
53300.000000 0.008513 0.845008 0.005484 0.895654
53400.000000 0.008503 0.845189 0.005470 0.895918
53500.000000 0.008495 0.845332 0.005467 0.895975
53600.000000 0.008485 0.845510 0.005454 0.896214
53700.000000 0.008476 0.845675 0.005443 0.896435
53800.000000 0.008468 0.845817 0.005441 0.896463
53900.000000 0.008460 0.845962 0.005424 0.896788
54000.000000 0.008451 0.846134 0.005421 0.896842
54100.000000 0.008446 0.846217 0.005409 0.897075
54200.000000 0.008437 0.846390 0.005403 0.897197
54300.000000 0.008424 0.846612 0.005392 0.897409
54400.000000 0.008416 0.846760 0.005385 0.897538
54500.000000 0.008409 0.846894 0.005385 0.897537
54600.000000 0.008399 0.847078 0.005373 0.897760
54700.000000 0.008390 0.847233 0.005352 0.898169
54800.000000 0.008382 0.847380 0.005348 0.898235
54900.000000 0.008374 0.847539 0.005339 0.898411
55000.000000 0.008364 0.847707 0.005330 0.898573
55100.000000 0.008356 0.847858 0.005334 0.898509
55200.000000 0.008348 0.848013 0.005329 0.898608
55300.000000 0.008339 0.848169 0.005315 0.898866
55400.000000 0.008332 0.848290 0.005317 0.898827
55500.000000 0.008323 0.848468 0.005304 0.899077
55600.000000 0.008313 0.848643 0.005282 0.899495
55700.000000 0.008304 0.848801 0.005284 0.899453
55800.000000 0.008296 0.848958 0.005271 0.899712
55900.000000 0.008287 0.849110 0.005259 0.899924
56000.000000 0.008278 0.849272 0.005248 0.900134
56100.000000 0.008271 0.849410 0.005249 0.900124
56200.000000 0.008269 0.849436 0.005257 0.899975
56300.000000 0.008259 0.849627 0.005236 0.900362
56400.000000 0.008251 0.849777 0.005244 0.900209
56500.000000 0.008237 0.850029 0.005202 0.901009
56600.000000 0.008230 0.850153 0.005205 0.900961
56700.000000 0.008226 0.850233 0.005195 0.901140
56800.000000 0.008212 0.850477 0.005180 0.901433
56900.000000 0.008207 0.850573 0.005187 0.901294
57000.000000 0.008195 0.850785 0.005167 0.901674
57100.000000 0.008188 0.850921 0.005163 0.901767
57200.000000 0.008180 0.851063 0.005155 0.901919
57300.000000 0.008174 0.851173 0.005162 0.901779
57400.000000 0.008163 0.851371 0.005132 0.902344
57500.000000 0.008155 0.851509 0.005131 0.902374
57600.000000 0.008147 0.851663 0.005115 0.902676
57700.000000 0.008139 0.851814 0.005119 0.902597
57800.000000 0.008133 0.851920 0.005106 0.902841
57900.000000 0.008122 0.852115 0.005105 0.902868
58000.000000 0.008114 0.852264 0.005096 0.903023
58100.000000 0.008105 0.852433 0.005074 0.903444
58200.000000 0.008097 0.852577 0.005064 0.903638
58300.000000 0.008088 0.852730 0.005054 0.903829
58400.000000 0.008081 0.852872 0.005061 0.903693
58500.000000 0.008073 0.853014 0.005050 0.903904
58600.000000 0.008065 0.853165 0.005046 0.903990
58700.000000 0.008057 0.853303 0.005023 0.904423
58800.000000 0.008048 0.853474 0.005026 0.904374
58900.000000 0.008040 0.853604 0.005018 0.904523
59000.000000 0.008031 0.853773 0.005009 0.904680
59100.000000 0.008023 0.853915 0.004994 0.904978
59200.000000 0.008017 0.854039 0.004993 0.904987
59300.000000 0.008008 0.854198 0.004988 0.905097
59400.000000 0.007999 0.854353 0.004975 0.905336
59500.000000 0.007992 0.854486 0.004969 0.905442
59600.000000 0.007985 0.854620 0.004955 0.905715
59700.000000 0.007981 0.854690 0.004947 0.905876
59800.000000 0.007971 0.854862 0.004960 0.905622
59900.000000 0.007962 0.855028 0.004942 0.905958
60000.000000 0.007956 0.855149 0.004941 0.905990
60100.000000 0.007948 0.855294 0.004915 0.906467
60200.000000 0.007940 0.855441 0.004911 0.906550
60300.000000 0.007933 0.855564 0.004914 0.906495
60400.000000 0.007925 0.855710 0.004894 0.906869
60500.000000 0.007918 0.855838 0.004896 0.906840
60600.000000 0.007916 0.855877 0.004902 0.906717
60700.000000 0.007905 0.856074 0.004891 0.906937
60800.000000 0.007897 0.856209 0.004868 0.907379
60900.000000 0.007889 0.856362 0.004866 0.907407
61000.000000 0.007883 0.856470 0.004857 0.907580
61100.000000 0.007875 0.856609 0.004855 0.907615
61200.000000 0.007868 0.856736 0.004843 0.907855
61300.000000 0.007862 0.856860 0.004850 0.907721
61400.000000 0.007854 0.857006 0.004836 0.907983
61500.000000 0.007848 0.857107 0.004834 0.908023
61600.000000 0.007840 0.857257 0.004816 0.908357
61700.000000 0.007833 0.857378 0.004807 0.908526
61800.000000 0.007827 0.857498 0.004814 0.908407
61900.000000 0.007829 0.857460 0.004820 0.908288
62000.000000 0.007814 0.857718 0.004788 0.908884
62100.000000 0.007806 0.857880 0.004779 0.909071
62200.000000 0.007803 0.857932 0.004793 0.908806
62300.000000 0.007800 0.857979 0.004768 0.909274
62400.000000 0.007785 0.858249 0.004763 0.909366
62500.000000 0.007779 0.858366 0.004758 0.909461
62600.000000 0.007777 0.858404 0.004751 0.909590
62700.000000 0.007769 0.858537 0.004745 0.909705
62800.000000 0.007760 0.858704 0.004733 0.909933
62900.000000 0.007755 0.858810 0.004739 0.909832
63000.000000 0.007749 0.858919 0.004724 0.910108
63100.000000 0.007743 0.859023 0.004722 0.910149
63200.000000 0.007737 0.859127 0.004709 0.910400
63300.000000 0.007731 0.859236 0.004714 0.910306
63400.000000 0.007727 0.859307 0.004701 0.910543
63500.000000 0.007720 0.859444 0.004700 0.910568
63600.000000 0.007714 0.859540 0.004701 0.910554
63700.000000 0.007712 0.859587 0.004687 0.910811
63800.000000 0.007703 0.859749 0.004688 0.910805
63900.000000 0.007699 0.859815 0.004667 0.911191
64000.000000 0.007692 0.859950 0.004675 0.911036
64100.000000 0.007689 0.859996 0.004655 0.911427
64200.000000 0.007682 0.860121 0.004668 0.911174
64300.000000 0.007679 0.860184 0.004663 0.911277
64400.000000 0.007674 0.860275 0.004661 0.911318
64500.000000 0.007668 0.860378 0.004651 0.911504
64600.000000 0.007660 0.860527 0.004637 0.911762
64700.000000 0.007656 0.860605 0.004640 0.911718
64800.000000 0.007654 0.860641 0.004631 0.911881
64900.000000 0.007645 0.860801 0.004626 0.911978
65000.000000 0.007640 0.860898 0.004620 0.912089
65100.000000 0.007636 0.860973 0.004611 0.912266
65200.000000 0.007631 0.861061 0.004619 0.912100
65300.000000 0.007627 0.861138 0.004608 0.912317
65400.000000 0.007626 0.861156 0.004622 0.912043
65500.000000 0.007617 0.861311 0.004607 0.912334
65600.000000 0.007613 0.861391 0.004603 0.912418
65700.000000 0.007606 0.861512 0.004583 0.912788
65800.000000 0.007602 0.861578 0.004586 0.912745
65900.000000 0.007597 0.861672 0.004582 0.912804
66000.000000 0.007595 0.861705 0.004569 0.913055
66100.000000 0.007589 0.861823 0.004563 0.913172
66200.000000 0.007584 0.861914 0.004565 0.913130
66300.000000 0.007580 0.861992 0.004566 0.913123
66400.000000 0.007576 0.862069 0.004556 0.913311
66500.000000 0.007577 0.862033 0.004551 0.913405
66600.000000 0.007569 0.862187 0.004559 0.913253
66700.000000 0.007564 0.862279 0.004541 0.913590
66800.000000 0.007564 0.862272 0.004547 0.913486
66900.000000 0.007556 0.862432 0.004545 0.913524
67000.000000 0.007551 0.862515 0.004530 0.913796
67100.000000 0.007547 0.862583 0.004529 0.913819
67200.000000 0.007549 0.862544 0.004516 0.914064
67300.000000 0.007541 0.862701 0.004536 0.913698
67400.000000 0.007535 0.862813 0.004514 0.914110
67500.000000 0.007531 0.862879 0.004507 0.914242
67600.000000 0.007533 0.862839 0.004533 0.913740
67700.000000 0.007522 0.863041 0.004509 0.914205
67800.000000 0.007520 0.863085 0.004511 0.914167
67900.000000 0.007515 0.863174 0.004492 0.914527
68000.000000 0.007511 0.863244 0.004490 0.914557
68100.000000 0.007508 0.863306 0.004484 0.914673
68200.000000 0.007503 0.863391 0.004484 0.914684
68300.000000 0.007501 0.863424 0.004493 0.914498
68400.000000 0.007497 0.863495 0.004473 0.914891
68500.000000 0.007491 0.863600 0.004483 0.914695
68600.000000 0.007491 0.863616 0.004472 0.914908
68700.000000 0.007484 0.863743 0.004477 0.914816
68800.000000 0.007479 0.863821 0.004468 0.914975
68900.000000 0.007475 0.863897 0.004458 0.915176
69000.000000 0.007471 0.863980 0.004455 0.915220
69100.000000 0.007467 0.864043 0.004453 0.915259
69200.000000 0.007465 0.864080 0.004454 0.915256
69300.000000 0.007462 0.864143 0.004434 0.915628
69400.000000 0.007455 0.864260 0.004446 0.915396
69500.000000 0.007451 0.864329 0.004432 0.915664
69600.000000 0.007447 0.864400 0.004439 0.915538
69700.000000 0.007442 0.864491 0.004425 0.915798
69800.000000 0.007439 0.864559 0.004424 0.915824
69900.000000 0.007435 0.864621 0.004420 0.915902
70000.000000 0.007431 0.864697 0.004408 0.916115
70100.000000 0.007426 0.864785 0.004415 0.915988
70200.000000 0.007423 0.864847 0.004408 0.916116
70300.000000 0.007419 0.864911 0.004414 0.916008
70400.000000 0.007414 0.865002 0.004401 0.916254
70500.000000 0.007415 0.864992 0.004409 0.916111
70600.000000 0.007408 0.865115 0.004407 0.916143
70700.000000 0.007402 0.865221 0.004390 0.916468
70800.000000 0.007398 0.865302 0.004380 0.916661
70900.000000 0.007394 0.865376 0.004379 0.916676
71000.000000 0.007394 0.865383 0.004377 0.916715
71100.000000 0.007389 0.865456 0.004395 0.916364
71200.000000 0.007384 0.865563 0.004383 0.916598
71300.000000 0.007378 0.865663 0.004365 0.916940
71400.000000 0.007376 0.865704 0.004366 0.916921
71500.000000 0.007371 0.865795 0.004355 0.917132
71600.000000 0.007368 0.865845 0.004348 0.917265
71700.000000 0.007365 0.865910 0.004352 0.917192
71800.000000 0.007364 0.865923 0.004375 0.916758
71900.000000 0.007354 0.866094 0.004344 0.917338
72000.000000 0.007354 0.866111 0.004356 0.917105
72100.000000 0.007349 0.866193 0.004340 0.917417
72200.000000 0.007344 0.866291 0.004330 0.917604
72300.000000 0.007340 0.866363 0.004319 0.917816
72400.000000 0.007338 0.866399 0.004324 0.917720
72500.000000 0.007334 0.866472 0.004331 0.917598
72600.000000 0.007329 0.866561 0.004312 0.917956
72700.000000 0.007325 0.866626 0.004316 0.917875
72800.000000 0.007321 0.866703 0.004314 0.917913
72900.000000 0.007318 0.866754 0.004296 0.918248
73000.000000 0.007314 0.866834 0.004304 0.918108
73100.000000 0.007310 0.866895 0.004302 0.918141
73200.000000 0.007308 0.866932 0.004306 0.918059
73300.000000 0.007303 0.867023 0.004294 0.918290
73400.000000 0.007299 0.867098 0.004293 0.918322
73500.000000 0.007296 0.867161 0.004288 0.918406
73600.000000 0.007292 0.867229 0.004283 0.918508
73700.000000 0.007289 0.867291 0.004273 0.918690
73800.000000 0.007285 0.867351 0.004283 0.918508
73900.000000 0.007284 0.867375 0.004289 0.918384
74000.000000 0.007278 0.867481 0.004268 0.918789
74100.000000 0.007276 0.867516 0.004272 0.918717
74200.000000 0.007271 0.867616 0.004264 0.918867
74300.000000 0.007267 0.867678 0.004259 0.918952
74400.000000 0.007264 0.867740 0.004254 0.919059
74500.000000 0.007264 0.867735 0.004263 0.918887
74600.000000 0.007259 0.867823 0.004256 0.919011
74700.000000 0.007254 0.867915 0.004247 0.919188
74800.000000 0.007251 0.867976 0.004243 0.919258
74900.000000 0.007248 0.868024 0.004244 0.919239
75000.000000 0.007245 0.868094 0.004241 0.919293
75100.000000 0.007242 0.868147 0.004236 0.919394
75200.000000 0.007238 0.868210 0.004223 0.919640
75300.000000 0.007234 0.868292 0.004231 0.919492
75400.000000 0.007232 0.868328 0.004225 0.919606
75500.000000 0.007234 0.868294 0.004222 0.919666
75600.000000 0.007226 0.868438 0.004223 0.919653
75700.000000 0.007220 0.868546 0.004217 0.919766
75800.000000 0.007216 0.868618 0.004212 0.919856
75900.000000 0.007212 0.868678 0.004208 0.919924
76000.000000 0.007212 0.868694 0.004216 0.919772
76100.000000 0.007206 0.868802 0.004194 0.920195
76200.000000 0.007203 0.868857 0.004187 0.920322
76300.000000 0.007200 0.868900 0.004200 0.920079
76400.000000 0.007197 0.868968 0.004191 0.920244
76500.000000 0.007195 0.868996 0.004189 0.920292
76600.000000 0.007191 0.869067 0.004180 0.920466
76700.000000 0.007188 0.869133 0.004176 0.920543
76800.000000 0.007185 0.869178 0.004185 0.920374
76900.000000 0.007183 0.869219 0.004183 0.920410
77000.000000 0.007181 0.869257 0.004188 0.920314
77100.000000 0.007176 0.869344 0.004166 0.920721
77200.000000 0.007172 0.869421 0.004167 0.920712
77300.000000 0.007168 0.869493 0.004158 0.920891
77400.000000 0.007165 0.869550 0.004157 0.920907
77500.000000 0.007163 0.869580 0.004166 0.920725
77600.000000 0.007158 0.869676 0.004158 0.920880
77700.000000 0.007155 0.869726 0.004158 0.920888
77800.000000 0.007151 0.869805 0.004140 0.921232
77900.000000 0.007150 0.869814 0.004137 0.921275
78000.000000 0.007144 0.869926 0.004132 0.921384
78100.000000 0.007141 0.869976 0.004137 0.921272
78200.000000 0.007137 0.870049 0.004129 0.921423
78300.000000 0.007134 0.870099 0.004137 0.921282
78400.000000 0.007130 0.870176 0.004125 0.921512
78500.000000 0.007127 0.870237 0.004125 0.921509
78600.000000 0.007124 0.870294 0.004126 0.921495
78700.000000 0.007121 0.870350 0.004124 0.921527
78800.000000 0.007116 0.870428 0.004114 0.921711
78900.000000 0.007113 0.870492 0.004108 0.921837
79000.000000 0.007110 0.870537 0.004111 0.921782
79100.000000 0.007108 0.870588 0.004106 0.921872
79200.000000 0.007104 0.870647 0.004100 0.921982
79300.000000 0.007102 0.870699 0.004108 0.921832
79400.000000 0.007097 0.870776 0.004100 0.921991
79500.000000 0.007093 0.870846 0.004095 0.922072
79600.000000 0.007092 0.870873 0.004083 0.922314
79700.000000 0.007087 0.870961 0.004086 0.922256
79800.000000 0.007083 0.871033 0.004084 0.922283
79900.000000 0.007080 0.871093 0.004076 0.922448
80000.000000 0.007078 0.871121 0.004079 0.922393
80100.000000 0.007075 0.871185 0.004084 0.922290
80200.000000 0.007070 0.871273 0.004068 0.922590
80300.000000 0.007068 0.871312 0.004072 0.922516
80400.000000 0.007064 0.871386 0.004056 0.922819
80500.000000 0.007060 0.871461 0.004062 0.922708
80600.000000 0.007057 0.871509 0.004066 0.922636
80700.000000 0.007053 0.871582 0.004056 0.922831
80800.000000 0.007050 0.871644 0.004050 0.922932
80900.000000 0.007047 0.871695 0.004040 0.923122
81000.000000 0.007043 0.871768 0.004037 0.923184
81100.000000 0.007041 0.871808 0.004037 0.923174
81200.000000 0.007041 0.871810 0.004038 0.923164
81300.000000 0.007034 0.871937 0.004034 0.923245
81400.000000 0.007031 0.871989 0.004029 0.923342
81500.000000 0.007030 0.872002 0.004018 0.923550
81600.000000 0.007025 0.872099 0.004028 0.923352
81700.000000 0.007021 0.872162 0.004024 0.923432
81800.000000 0.007018 0.872220 0.004017 0.923569
81900.000000 0.007015 0.872267 0.004009 0.923720
82000.000000 0.007014 0.872299 0.004006 0.923765
82100.000000 0.007011 0.872339 0.004017 0.923561
82200.000000 0.007013 0.872312 0.004007 0.923751
82300.000000 0.007004 0.872474 0.004005 0.923799
82400.000000 0.007003 0.872487 0.004012 0.923651
82500.000000 0.007002 0.872508 0.003990 0.924074
82600.000000 0.006995 0.872633 0.003998 0.923925
82700.000000 0.006992 0.872685 0.003992 0.924046
82800.000000 0.006990 0.872730 0.003998 0.923931
82900.000000 0.006987 0.872782 0.003990 0.924080
83000.000000 0.006985 0.872816 0.003977 0.924328
83100.000000 0.006982 0.872875 0.003986 0.924163
83200.000000 0.006979 0.872938 0.003977 0.924319
83300.000000 0.006977 0.872968 0.003990 0.924086
83400.000000 0.006972 0.873060 0.003975 0.924362
83500.000000 0.006969 0.873104 0.003970 0.924460
83600.000000 0.006969 0.873116 0.003979 0.924282
83700.000000 0.006963 0.873215 0.003965 0.924561
83800.000000 0.006961 0.873263 0.003960 0.924644
83900.000000 0.006958 0.873304 0.003966 0.924530
84000.000000 0.006955 0.873375 0.003953 0.924785
84100.000000 0.006952 0.873427 0.003953 0.924786
84200.000000 0.006949 0.873474 0.003954 0.924768
84300.000000 0.006948 0.873493 0.003947 0.924895
84400.000000 0.006944 0.873570 0.003952 0.924808
84500.000000 0.006944 0.873568 0.003949 0.924867
84600.000000 0.006938 0.873668 0.003943 0.924974
84700.000000 0.006937 0.873702 0.003946 0.924919
84800.000000 0.006935 0.873732 0.003939 0.925047
84900.000000 0.006931 0.873812 0.003928 0.925267
85000.000000 0.006927 0.873869 0.003934 0.925134
85100.000000 0.006925 0.873918 0.003929 0.925237
85200.000000 0.006922 0.873970 0.003922 0.925379
85300.000000 0.006920 0.874003 0.003920 0.925409
85400.000000 0.006916 0.874075 0.003917 0.925475
85500.000000 0.006913 0.874127 0.003919 0.925426
85600.000000 0.006911 0.874167 0.003918 0.925450
85700.000000 0.006908 0.874231 0.003911 0.925582
85800.000000 0.006906 0.874258 0.003911 0.925575
85900.000000 0.006905 0.874270 0.003914 0.925519
86000.000000 0.006899 0.874388 0.003901 0.925774
86100.000000 0.006897 0.874417 0.003899 0.925816
86200.000000 0.006894 0.874471 0.003904 0.925708
86300.000000 0.006893 0.874497 0.003909 0.925624
86400.000000 0.006889 0.874566 0.003896 0.925870
86500.000000 0.006886 0.874622 0.003889 0.925990
86600.000000 0.006883 0.874670 0.003886 0.926049
86700.000000 0.006882 0.874695 0.003887 0.926040
86800.000000 0.006880 0.874739 0.003882 0.926140
86900.000000 0.006876 0.874802 0.003880 0.926168
87000.000000 0.006875 0.874826 0.003882 0.926134
87100.000000 0.006870 0.874907 0.003867 0.926409
87200.000000 0.006867 0.874965 0.003866 0.926436
87300.000000 0.006864 0.875022 0.003873 0.926302
87400.000000 0.006864 0.875024 0.003878 0.926201
87500.000000 0.006858 0.875126 0.003865 0.926460
87600.000000 0.006857 0.875147 0.003864 0.926484
87700.000000 0.006854 0.875208 0.003860 0.926544
87800.000000 0.006850 0.875271 0.003857 0.926610
87900.000000 0.006848 0.875317 0.003859 0.926578
88000.000000 0.006844 0.875379 0.003854 0.926658
88100.000000 0.006843 0.875406 0.003853 0.926693
88200.000000 0.006844 0.875381 0.003858 0.926592
88300.000000 0.006838 0.875500 0.003846 0.926814
88400.000000 0.006836 0.875542 0.003849 0.926762
88500.000000 0.006833 0.875595 0.003844 0.926852
88600.000000 0.006832 0.875603 0.003846 0.926810
88700.000000 0.006826 0.875708 0.003834 0.927052
88800.000000 0.006824 0.875748 0.003831 0.927094
88900.000000 0.006822 0.875784 0.003821 0.927285
89000.000000 0.006819 0.875843 0.003829 0.927143
89100.000000 0.006817 0.875886 0.003831 0.927104
89200.000000 0.006813 0.875943 0.003823 0.927257
89300.000000 0.006811 0.875986 0.003817 0.927370
89400.000000 0.006809 0.876032 0.003820 0.927309
89500.000000 0.006807 0.876059 0.003825 0.927219
89600.000000 0.006804 0.876123 0.003810 0.927504
89700.000000 0.006802 0.876145 0.003817 0.927366
89800.000000 0.006798 0.876224 0.003804 0.927614
89900.000000 0.006797 0.876243 0.003810 0.927507
90000.000000 0.006796 0.876268 0.003800 0.927702
90100.000000 0.006793 0.876322 0.003792 0.927845
90200.000000 0.006789 0.876393 0.003794 0.927799
90300.000000 0.006787 0.876434 0.003795 0.927788
90400.000000 0.006784 0.876474 0.003796 0.927766
90500.000000 0.006782 0.876519 0.003796 0.927761
90600.000000 0.006778 0.876582 0.003785 0.927976
90700.000000 0.006776 0.876622 0.003779 0.928085
90800.000000 0.006774 0.876662 0.003781 0.928061
90900.000000 0.006772 0.876692 0.003782 0.928042
91000.000000 0.006769 0.876753 0.003779 0.928095
91100.000000 0.006767 0.876795 0.003780 0.928074
91200.000000 0.006764 0.876844 0.003770 0.928262
91300.000000 0.006763 0.876855 0.003773 0.928207
91400.000000 0.006759 0.876929 0.003773 0.928207
91500.000000 0.006757 0.876963 0.003763 0.928399
91600.000000 0.006756 0.876984 0.003775 0.928175
91700.000000 0.006752 0.877067 0.003757 0.928510
91800.000000 0.006750 0.877106 0.003753 0.928585
91900.000000 0.006748 0.877137 0.003753 0.928580
92000.000000 0.006745 0.877184 0.003751 0.928625
92100.000000 0.006742 0.877241 0.003751 0.928624
92200.000000 0.006740 0.877284 0.003749 0.928655
92300.000000 0.006739 0.877299 0.003756 0.928527
92400.000000 0.006735 0.877372 0.003747 0.928702
92500.000000 0.006733 0.877404 0.003751 0.928631
92600.000000 0.006730 0.877457 0.003741 0.928817
92700.000000 0.006728 0.877493 0.003737 0.928893
92800.000000 0.006726 0.877529 0.003739 0.928859
92900.000000 0.006724 0.877568 0.003735 0.928936
93000.000000 0.006723 0.877589 0.003736 0.928906
93100.000000 0.006719 0.877657 0.003731 0.928999
93200.000000 0.006718 0.877687 0.003736 0.928902
93300.000000 0.006715 0.877737 0.003730 0.929020
93400.000000 0.006712 0.877784 0.003729 0.929053
93500.000000 0.006709 0.877845 0.003722 0.929177
93600.000000 0.006708 0.877863 0.003715 0.929307
93700.000000 0.006705 0.877913 0.003712 0.929364
93800.000000 0.006702 0.877979 0.003719 0.929229
93900.000000 0.006699 0.878019 0.003702 0.929558
94000.000000 0.006697 0.878068 0.003707 0.929472
94100.000000 0.006695 0.878107 0.003705 0.929501
94200.000000 0.006695 0.878094 0.003705 0.929496
94300.000000 0.006690 0.878184 0.003697 0.929648
94400.000000 0.006688 0.878224 0.003691 0.929767
94500.000000 0.006685 0.878292 0.003698 0.929639
94600.000000 0.006685 0.878284 0.003689 0.929807
94700.000000 0.006680 0.878379 0.003689 0.929807
94800.000000 0.006678 0.878414 0.003692 0.929750
94900.000000 0.006675 0.878456 0.003685 0.929877
95000.000000 0.006673 0.878499 0.003681 0.929964
95100.000000 0.006670 0.878551 0.003687 0.929840
95200.000000 0.006667 0.878603 0.003675 0.930065
95300.000000 0.006665 0.878651 0.003675 0.930066
95400.000000 0.006663 0.878683 0.003677 0.930030
95500.000000 0.006661 0.878712 0.003669 0.930181
95600.000000 0.006659 0.878756 0.003682 0.929947
95700.000000 0.006656 0.878804 0.003669 0.930180
95800.000000 0.006654 0.878842 0.003668 0.930198
95900.000000 0.006650 0.878911 0.003666 0.930234
96000.000000 0.006648 0.878951 0.003655 0.930451
96100.000000 0.006646 0.878999 0.003657 0.930411
96200.000000 0.006649 0.878944 0.003673 0.930113
96300.000000 0.006641 0.879087 0.003657 0.930413
96400.000000 0.006638 0.879134 0.003652 0.930508
96500.000000 0.006636 0.879175 0.003652 0.930500
96600.000000 0.006634 0.879220 0.003644 0.930669
96700.000000 0.006632 0.879251 0.003653 0.930499
96800.000000 0.006629 0.879310 0.003645 0.930643
96900.000000 0.006626 0.879364 0.003645 0.930642
97000.000000 0.006623 0.879409 0.003642 0.930691
97100.000000 0.006621 0.879455 0.003634 0.930859
97200.000000 0.006619 0.879487 0.003637 0.930798
97300.000000 0.006618 0.879508 0.003637 0.930797
97400.000000 0.006614 0.879573 0.003632 0.930884
97500.000000 0.006612 0.879610 0.003635 0.930836
97600.000000 0.006608 0.879677 0.003624 0.931040
97700.000000 0.006607 0.879705 0.003627 0.930977
97800.000000 0.006605 0.879745 0.003618 0.931149
97900.000000 0.006602 0.879800 0.003617 0.931168
98000.000000 0.006599 0.879855 0.003617 0.931172
98100.000000 0.006596 0.879894 0.003611 0.931281
98200.000000 0.006593 0.879951 0.003609 0.931326
98300.000000 0.006591 0.879991 0.003611 0.931290
98400.000000 0.006589 0.880035 0.003603 0.931449
98500.000000 0.006586 0.880080 0.003600 0.931496
98600.000000 0.006587 0.880075 0.003613 0.931248
98700.000000 0.006582 0.880167 0.003600 0.931491
98800.000000 0.006579 0.880221 0.003595 0.931588
98900.000000 0.006577 0.880247 0.003591 0.931662
99000.000000 0.006575 0.880286 0.003592 0.931644
99100.000000 0.006572 0.880347 0.003587 0.931745
99200.000000 0.006568 0.880407 0.003579 0.931889
99300.000000 0.006566 0.880445 0.003577 0.931934
99400.000000 0.006564 0.880488 0.003583 0.931826
99500.000000 0.006562 0.880526 0.003580 0.931876
99600.000000 0.006559 0.880584 0.003577 0.931933
99700.000000 0.006557 0.880615 0.003564 0.932183
99800.000000 0.006554 0.880664 0.003574 0.931999
99900.000000 0.006552 0.880711 0.003568 0.932108
100000.000000 0.006550 0.880738 0.003564 0.932183
100100.000000 0.006550 0.880743 0.003553 0.932396
100200.000000 0.006544 0.880854 0.003557 0.932327
100300.000000 0.006541 0.880897 0.003554 0.932375
100400.000000 0.006540 0.880916 0.003563 0.932208
100500.000000 0.006538 0.880966 0.003554 0.932366
100600.000000 0.006534 0.881039 0.003545 0.932553
100700.000000 0.006533 0.881055 0.003550 0.932443
100800.000000 0.006530 0.881108 0.003547 0.932510
100900.000000 0.006528 0.881141 0.003537 0.932689
101000.000000 0.006525 0.881202 0.003536 0.932708
101100.000000 0.006526 0.881185 0.003538 0.932679
101200.000000 0.006521 0.881261 0.003532 0.932790
101300.000000 0.006520 0.881291 0.003529 0.932859
101400.000000 0.006517 0.881345 0.003528 0.932873
101500.000000 0.006515 0.881381 0.003533 0.932782
101600.000000 0.006512 0.881441 0.003528 0.932868
101700.000000 0.006509 0.881479 0.003531 0.932807
101800.000000 0.006507 0.881519 0.003524 0.932941
101900.000000 0.006505 0.881563 0.003520 0.933015
102000.000000 0.006503 0.881594 0.003520 0.933028
102100.000000 0.006502 0.881607 0.003511 0.933191
102200.000000 0.006500 0.881658 0.003520 0.933018
102300.000000 0.006497 0.881699 0.003517 0.933074
102400.000000 0.006496 0.881727 0.003501 0.933376
102500.000000 0.006494 0.881764 0.003509 0.933240
102600.000000 0.006491 0.881818 0.003513 0.933149
102700.000000 0.006488 0.881863 0.003500 0.933399
102800.000000 0.006486 0.881907 0.003506 0.933293
102900.000000 0.006484 0.881949 0.003498 0.933433
103000.000000 0.006482 0.881977 0.003504 0.933324
103100.000000 0.006480 0.882021 0.003492 0.933555
103200.000000 0.006478 0.882056 0.003500 0.933392
103300.000000 0.006475 0.882104 0.003491 0.933579
103400.000000 0.006474 0.882132 0.003495 0.933499
103500.000000 0.006472 0.882162 0.003497 0.933455
103600.000000 0.006470 0.882197 0.003495 0.933496
103700.000000 0.006469 0.882213 0.003477 0.933843
103800.000000 0.006466 0.882268 0.003483 0.933722
103900.000000 0.006462 0.882339 0.003476 0.933855
104000.000000 0.006461 0.882359 0.003478 0.933828
104100.000000 0.006460 0.882379 0.003471 0.933949
104200.000000 0.006456 0.882453 0.003473 0.933908
104300.000000 0.006454 0.882481 0.003471 0.933954
104400.000000 0.006452 0.882526 0.003474 0.933905
104500.000000 0.006452 0.882517 0.003481 0.933754
104600.000000 0.006450 0.882564 0.003469 0.933999
104700.000000 0.006445 0.882646 0.003463 0.934097
104800.000000 0.006443 0.882680 0.003467 0.934035
104900.000000 0.006445 0.882661 0.003476 0.933868
105000.000000 0.006439 0.882755 0.003458 0.934193
105100.000000 0.006437 0.882802 0.003455 0.934248
105200.000000 0.006435 0.882826 0.003457 0.934213
105300.000000 0.006435 0.882841 0.003455 0.934262
105400.000000 0.006431 0.882916 0.003445 0.934455
105500.000000 0.006429 0.882946 0.003452 0.934310
105600.000000 0.006427 0.882984 0.003443 0.934488
105700.000000 0.006425 0.883016 0.003439 0.934556
105800.000000 0.006422 0.883065 0.003437 0.934605
105900.000000 0.006422 0.883069 0.003443 0.934480
106000.000000 0.006419 0.883126 0.003435 0.934642
106100.000000 0.006417 0.883171 0.003430 0.934737
106200.000000 0.006415 0.883192 0.003442 0.934508
106300.000000 0.006413 0.883238 0.003422 0.934882
106400.000000 0.006411 0.883280 0.003432 0.934703
106500.000000 0.006408 0.883321 0.003423 0.934860
106600.000000 0.006407 0.883351 0.003422 0.934882
106700.000000 0.006404 0.883393 0.003426 0.934811
106800.000000 0.006402 0.883436 0.003422 0.934889
106900.000000 0.006400 0.883471 0.003418 0.934971
107000.000000 0.006399 0.883484 0.003427 0.934786
107100.000000 0.006397 0.883531 0.003411 0.935096
107200.000000 0.006394 0.883579 0.003418 0.934961
107300.000000 0.006392 0.883616 0.003411 0.935091
107400.000000 0.006390 0.883656 0.003409 0.935140
107500.000000 0.006388 0.883697 0.003404 0.935227
107600.000000 0.006388 0.883696 0.003417 0.934981
107700.000000 0.006385 0.883748 0.003399 0.935326
107800.000000 0.006382 0.883793 0.003399 0.935331
107900.000000 0.006389 0.883677 0.003401 0.935285
108000.000000 0.006378 0.883866 0.003399 0.935327
108100.000000 0.006377 0.883896 0.003396 0.935386
108200.000000 0.006375 0.883930 0.003393 0.935434
108300.000000 0.006373 0.883963 0.003395 0.935401
108400.000000 0.006372 0.883985 0.003399 0.935322
108500.000000 0.006370 0.884014 0.003396 0.935377
108600.000000 0.006368 0.884057 0.003386 0.935565
108700.000000 0.006366 0.884095 0.003375 0.935785
108800.000000 0.006364 0.884129 0.003381 0.935662
108900.000000 0.006362 0.884171 0.003380 0.935685
109000.000000 0.006361 0.884188 0.003377 0.935741
109100.000000 0.006358 0.884236 0.003377 0.935739
109200.000000 0.006356 0.884269 0.003370 0.935875
109300.000000 0.006356 0.884279 0.003366 0.935955
109400.000000 0.006353 0.884332 0.003376 0.935766
109500.000000 0.006351 0.884371 0.003366 0.935950
109600.000000 0.006351 0.884373 0.003362 0.936025
109700.000000 0.006351 0.884358 0.003379 0.935708
109800.000000 0.006346 0.884448 0.003371 0.935852
109900.000000 0.006345 0.884468 0.003367 0.935927
110000.000000 0.006344 0.884483 0.003362 0.936025
110100.000000 0.006341 0.884538 0.003360 0.936059
110200.000000 0.006340 0.884571 0.003359 0.936086
110300.000000 0.006341 0.884545 0.003356 0.936139
110400.000000 0.006337 0.884613 0.003363 0.936011
110500.000000 0.006336 0.884640 0.003347 0.936306
110600.000000 0.006335 0.884656 0.003362 0.936018
110700.000000 0.006333 0.884700 0.003350 0.936257
110800.000000 0.006332 0.884708 0.003351 0.936228
110900.000000 0.006329 0.884767 0.003343 0.936388
111000.000000 0.006327 0.884794 0.003345 0.936346
111100.000000 0.006327 0.884793 0.003344 0.936362
111200.000000 0.006326 0.884820 0.003353 0.936207
111300.000000 0.006323 0.884869 0.003341 0.936430
111400.000000 0.006323 0.884877 0.003332 0.936593
111500.000000 0.006320 0.884920 0.003337 0.936502
111600.000000 0.006320 0.884931 0.003342 0.936403
111700.000000 0.006318 0.884973 0.003337 0.936507
111800.000000 0.006316 0.885006 0.003329 0.936651
111900.000000 0.006316 0.885006 0.003330 0.936641
112000.000000 0.006313 0.885060 0.003332 0.936594
112100.000000 0.006313 0.885052 0.003344 0.936374
112200.000000 0.006310 0.885102 0.003326 0.936708
112300.000000 0.006309 0.885132 0.003334 0.936564
112400.000000 0.006307 0.885166 0.003322 0.936782
112500.000000 0.006309 0.885138 0.003316 0.936912
112600.000000 0.006304 0.885214 0.003325 0.936730
112700.000000 0.006303 0.885244 0.003321 0.936810
112800.000000 0.006302 0.885252 0.003329 0.936651
112900.000000 0.006302 0.885258 0.003321 0.936817
113000.000000 0.006300 0.885301 0.003311 0.936991
113100.000000 0.006299 0.885307 0.003324 0.936741
113200.000000 0.006299 0.885309 0.003310 0.937017
113300.000000 0.006295 0.885387 0.003310 0.937008
113400.000000 0.006294 0.885410 0.003311 0.937007
113500.000000 0.006292 0.885444 0.003310 0.937022
113600.000000 0.006292 0.885444 0.003299 0.937224
113700.000000 0.006289 0.885499 0.003304 0.937139
113800.000000 0.006288 0.885504 0.003297 0.937265
113900.000000 0.006286 0.885545 0.003302 0.937166
114000.000000 0.006290 0.885471 0.003320 0.936824
114100.000000 0.006285 0.885572 0.003302 0.937166
114200.000000 0.006282 0.885619 0.003295 0.937294
114300.000000 0.006283 0.885608 0.003302 0.937178
114400.000000 0.006280 0.885666 0.003295 0.937297
114500.000000 0.006279 0.885681 0.003295 0.937307
114600.000000 0.006277 0.885711 0.003291 0.937371
114700.000000 0.006278 0.885700 0.003306 0.937098
114800.000000 0.006274 0.885765 0.003294 0.937327
114900.000000 0.006274 0.885773 0.003290 0.937389
115000.000000 0.006271 0.885813 0.003284 0.937517
115100.000000 0.006272 0.885794 0.003294 0.937321
115200.000000 0.006269 0.885852 0.003283 0.937540
115300.000000 0.006267 0.885888 0.003284 0.937506
115400.000000 0.006266 0.885921 0.003284 0.937512
115500.000000 0.006265 0.885933 0.003292 0.937366
115600.000000 0.006263 0.885966 0.003284 0.937516
115700.000000 0.006262 0.885989 0.003279 0.937602
115800.000000 0.006260 0.886015 0.003285 0.937489
115900.000000 0.006259 0.886048 0.003274 0.937697
116000.000000 0.006258 0.886062 0.003276 0.937669
116100.000000 0.006256 0.886098 0.003272 0.937735
116200.000000 0.006255 0.886114 0.003273 0.937713
116300.000000 0.006254 0.886138 0.003276 0.937673
116400.000000 0.006252 0.886173 0.003273 0.937718
116500.000000 0.006250 0.886202 0.003267 0.937829
116600.000000 0.006250 0.886205 0.003268 0.937809
116700.000000 0.006247 0.886250 0.003268 0.937825
116800.000000 0.006247 0.886259 0.003274 0.937711
116900.000000 0.006245 0.886297 0.003260 0.937961
117000.000000 0.006243 0.886325 0.003264 0.937894
117100.000000 0.006242 0.886354 0.003263 0.937914
117200.000000 0.006240 0.886381 0.003261 0.937950
117300.000000 0.006240 0.886392 0.003250 0.938153
117400.000000 0.006238 0.886419 0.003264 0.937898
117500.000000 0.006236 0.886451 0.003255 0.938068
117600.000000 0.006235 0.886468 0.003260 0.937966
117700.000000 0.006233 0.886507 0.003249 0.938169
117800.000000 0.006232 0.886526 0.003257 0.938027
117900.000000 0.006230 0.886560 0.003247 0.938216
118000.000000 0.006230 0.886572 0.003253 0.938101
118100.000000 0.006227 0.886616 0.003247 0.938210
118200.000000 0.006226 0.886635 0.003250 0.938163
118300.000000 0.006226 0.886634 0.003245 0.938254
118400.000000 0.006223 0.886687 0.003245 0.938245
118500.000000 0.006222 0.886719 0.003238 0.938381
118600.000000 0.006220 0.886743 0.003243 0.938284
118700.000000 0.006219 0.886776 0.003239 0.938372
118800.000000 0.006218 0.886789 0.003241 0.938322
118900.000000 0.006217 0.886808 0.003233 0.938485
119000.000000 0.006215 0.886847 0.003242 0.938319
119100.000000 0.006216 0.886823 0.003227 0.938602
119200.000000 0.006212 0.886890 0.003230 0.938548
119300.000000 0.006211 0.886909 0.003239 0.938373
119400.000000 0.006211 0.886921 0.003240 0.938351
119500.000000 0.006208 0.886960 0.003227 0.938595
119600.000000 0.006206 0.886998 0.003221 0.938710
119700.000000 0.006205 0.887029 0.003231 0.938517
119800.000000 0.006203 0.887060 0.003227 0.938601
119900.000000 0.006201 0.887090 0.003219 0.938744
120000.000000 0.006200 0.887110 0.003214 0.938835
120100.000000 0.006199 0.887138 0.003223 0.938667
120200.000000 0.006200 0.887121 0.003231 0.938527
120300.000000 0.006195 0.887200 0.003214 0.938838
120400.000000 0.006194 0.887225 0.003208 0.938949
120500.000000 0.006193 0.887241 0.003212 0.938873
120600.000000 0.006191 0.887269 0.003212 0.938874
120700.000000 0.006190 0.887303 0.003208 0.938959
120800.000000 0.006190 0.887289 0.003216 0.938814
120900.000000 0.006188 0.887328 0.003202 0.939070
121000.000000 0.006187 0.887349 0.003219 0.938747
121100.000000 0.006184 0.887400 0.003204 0.939026
121200.000000 0.006183 0.887422 0.003210 0.938919
121300.000000 0.006182 0.887445 0.003209 0.938930
121400.000000 0.006181 0.887457 0.003215 0.938823
121500.000000 0.006178 0.887511 0.003205 0.939019
121600.000000 0.006176 0.887544 0.003203 0.939059
121700.000000 0.006175 0.887576 0.003194 0.939217
121800.000000 0.006174 0.887596 0.003190 0.939303
121900.000000 0.006172 0.887620 0.003189 0.939322
122000.000000 0.006171 0.887645 0.003191 0.939291
122100.000000 0.006170 0.887655 0.003189 0.939322
122200.000000 0.006168 0.887693 0.003189 0.939323
122300.000000 0.006167 0.887723 0.003188 0.939337
122400.000000 0.006165 0.887742 0.003192 0.939255
122500.000000 0.006164 0.887772 0.003191 0.939282
122600.000000 0.006162 0.887799 0.003182 0.939447
122700.000000 0.006163 0.887793 0.003182 0.939449
122800.000000 0.006160 0.887844 0.003188 0.939335
122900.000000 0.006157 0.887897 0.003176 0.939568
123000.000000 0.006157 0.887887 0.003181 0.939475
123100.000000 0.006154 0.887944 0.003177 0.939543
123200.000000 0.006153 0.887973 0.003170 0.939689
123300.000000 0.006152 0.887991 0.003181 0.939464
123400.000000 0.006150 0.888018 0.003168 0.939724
123500.000000 0.006148 0.888057 0.003175 0.939585
123600.000000 0.006146 0.888088 0.003170 0.939675
123700.000000 0.006145 0.888113 0.003168 0.939722
123800.000000 0.006145 0.888118 0.003175 0.939586
123900.000000 0.006143 0.888155 0.003170 0.939685
124000.000000 0.006143 0.888160 0.003157 0.939922
124100.000000 0.006139 0.888217 0.003161 0.939854
124200.000000 0.006138 0.888241 0.003165 0.939779
124300.000000 0.006136 0.888281 0.003157 0.939923
124400.000000 0.006135 0.888305 0.003152 0.940014
124500.000000 0.006133 0.888333 0.003151 0.940042
124600.000000 0.006131 0.888361 0.003151 0.940046
124700.000000 0.006130 0.888381 0.003158 0.939902
124800.000000 0.006128 0.888423 0.003148 0.940095
124900.000000 0.006127 0.888448 0.003146 0.940141
125000.000000 0.006127 0.888451 0.003143 0.940187
125100.000000 0.006124 0.888488 0.003139 0.940273
125200.000000 0.006123 0.888516 0.003142 0.940223
125300.000000 0.006122 0.888540 0.003148 0.940098
125400.000000 0.006122 0.888539 0.003138 0.940293
125500.000000 0.006121 0.888550 0.003138 0.940298
125600.000000 0.006116 0.888643 0.003136 0.940332
125700.000000 0.006114 0.888676 0.003138 0.940286
125800.000000 0.006113 0.888698 0.003141 0.940228
125900.000000 0.006111 0.888731 0.003135 0.940349
126000.000000 0.006111 0.888740 0.003138 0.940285
126100.000000 0.006110 0.888761 0.003129 0.940464
126200.000000 0.006107 0.888801 0.003134 0.940358
126300.000000 0.006107 0.888812 0.003139 0.940269
126400.000000 0.006104 0.888865 0.003129 0.940466
126500.000000 0.006102 0.888895 0.003126 0.940512
126600.000000 0.006101 0.888922 0.003127 0.940501
126700.000000 0.006099 0.888959 0.003118 0.940669
126800.000000 0.006101 0.888918 0.003133 0.940385
126900.000000 0.006096 0.889003 0.003126 0.940521
127000.000000 0.006094 0.889040 0.003112 0.940783
127100.000000 0.006092 0.889072 0.003113 0.940760
127200.000000 0.006092 0.889076 0.003108 0.940859
127300.000000 0.006091 0.889102 0.003104 0.940945
127400.000000 0.006089 0.889127 0.003122 0.940601
127500.000000 0.006091 0.889104 0.003107 0.940871
127600.000000 0.006085 0.889205 0.003108 0.940861
127700.000000 0.006085 0.889215 0.003113 0.940765
127800.000000 0.006082 0.889271 0.003100 0.941016
127900.000000 0.006080 0.889296 0.003105 0.940924
128000.000000 0.006079 0.889311 0.003103 0.940956
128100.000000 0.006078 0.889333 0.003108 0.940869
128200.000000 0.006076 0.889369 0.003104 0.940942
128300.000000 0.006075 0.889398 0.003095 0.941107
128400.000000 0.006073 0.889423 0.003096 0.941084
128500.000000 0.006071 0.889458 0.003094 0.941130
128600.000000 0.006071 0.889457 0.003092 0.941167
128700.000000 0.006070 0.889478 0.003089 0.941221
128800.000000 0.006068 0.889526 0.003087 0.941252
128900.000000 0.006068 0.889521 0.003092 0.941170
129000.000000 0.006066 0.889547 0.003097 0.941069
129100.000000 0.006063 0.889610 0.003089 0.941214
129200.000000 0.006063 0.889603 0.003084 0.941315
129300.000000 0.006060 0.889655 0.003079 0.941418
129400.000000 0.006059 0.889685 0.003087 0.941255
129500.000000 0.006057 0.889722 0.003081 0.941368
129600.000000 0.006055 0.889755 0.003076 0.941462
129700.000000 0.006054 0.889770 0.003074 0.941509
129800.000000 0.006053 0.889799 0.003080 0.941384
129900.000000 0.006051 0.889824 0.003079 0.941415
130000.000000 0.006049 0.889854 0.003074 0.941504
130100.000000 0.006050 0.889853 0.003076 0.941461
130200.000000 0.006047 0.889896 0.003067 0.941642
130300.000000 0.006047 0.889908 0.003082 0.941353
130400.000000 0.006044 0.889947 0.003064 0.941705
130500.000000 0.006042 0.889987 0.003065 0.941683
130600.000000 0.006041 0.890013 0.003065 0.941678
130700.000000 0.006041 0.890004 0.003077 0.941444
130800.000000 0.006037 0.890075 0.003064 0.941692
130900.000000 0.006036 0.890105 0.003056 0.941842
131000.000000 0.006035 0.890115 0.003064 0.941700
131100.000000 0.006033 0.890150 0.003052 0.941922
131200.000000 0.006033 0.890161 0.003064 0.941690
131300.000000 0.006030 0.890208 0.003055 0.941866
131400.000000 0.006029 0.890226 0.003051 0.941941
131500.000000 0.006027 0.890256 0.003050 0.941963
131600.000000 0.006026 0.890290 0.003047 0.942024
131700.000000 0.006026 0.890289 0.003052 0.941928
131800.000000 0.006023 0.890335 0.003041 0.942129
131900.000000 0.006023 0.890338 0.003044 0.942070
132000.000000 0.006020 0.890391 0.003041 0.942128
132100.000000 0.006020 0.890393 0.003054 0.941889
132200.000000 0.006017 0.890441 0.003041 0.942132
132300.000000 0.006017 0.890454 0.003046 0.942048
132400.000000 0.006015 0.890490 0.003037 0.942205
132500.000000 0.006015 0.890486 0.003048 0.942006
132600.000000 0.006012 0.890534 0.003043 0.942102
132700.000000 0.006011 0.890561 0.003037 0.942220
132800.000000 0.006011 0.890554 0.003026 0.942423
132900.000000 0.006008 0.890618 0.003027 0.942403
133000.000000 0.006008 0.890611 0.003029 0.942373
133100.000000 0.006005 0.890657 0.003025 0.942432
133200.000000 0.006003 0.890701 0.003025 0.942448
133300.000000 0.006001 0.890730 0.003024 0.942456
133400.000000 0.006000 0.890748 0.003028 0.942377
133500.000000 0.005999 0.890776 0.003022 0.942503
133600.000000 0.005998 0.890798 0.003019 0.942549
133700.000000 0.005996 0.890830 0.003021 0.942520
133800.000000 0.005995 0.890854 0.003020 0.942530
133900.000000 0.005993 0.890878 0.003022 0.942499
134000.000000 0.005992 0.890902 0.003022 0.942502
134100.000000 0.005991 0.890928 0.003018 0.942577
134200.000000 0.005990 0.890943 0.003019 0.942557
134300.000000 0.005988 0.890981 0.003013 0.942676
134400.000000 0.005987 0.890993 0.003006 0.942793
134500.000000 0.005985 0.891029 0.003006 0.942804
134600.000000 0.005984 0.891048 0.003012 0.942693
134700.000000 0.005984 0.891048 0.003000 0.942908
134800.000000 0.005982 0.891079 0.003007 0.942789
134900.000000 0.005981 0.891102 0.003003 0.942859
135000.000000 0.005979 0.891139 0.003003 0.942861
135100.000000 0.005978 0.891147 0.003004 0.942836
135200.000000 0.005976 0.891187 0.002996 0.943001
135300.000000 0.005975 0.891216 0.002996 0.943001
135400.000000 0.005973 0.891238 0.002993 0.943046
135500.000000 0.005973 0.891242 0.002993 0.943040
135600.000000 0.005971 0.891284 0.002995 0.943002
135700.000000 0.005971 0.891288 0.002989 0.943127
135800.000000 0.005969 0.891320 0.002993 0.943047
135900.000000 0.005968 0.891333 0.002988 0.943140
136000.000000 0.005967 0.891358 0.002995 0.943011
136100.000000 0.005965 0.891400 0.002987 0.943171
136200.000000 0.005964 0.891416 0.002984 0.943219
136300.000000 0.005962 0.891443 0.002986 0.943178
136400.000000 0.005963 0.891437 0.002995 0.943007
136500.000000 0.005962 0.891442 0.002981 0.943284
136600.000000 0.005959 0.891495 0.002979 0.943317
136700.000000 0.005958 0.891527 0.002974 0.943407
136800.000000 0.005957 0.891539 0.002985 0.943207
136900.000000 0.005955 0.891566 0.002973 0.943431
137000.000000 0.005955 0.891580 0.002973 0.943430
137100.000000 0.005955 0.891569 0.002973 0.943439
137200.000000 0.005953 0.891605 0.002973 0.943431
137300.000000 0.005953 0.891619 0.002979 0.943312
137400.000000 0.005953 0.891615 0.002982 0.943257
137500.000000 0.005952 0.891627 0.002976 0.943372
137600.000000 0.005951 0.891644 0.002976 0.943373
137700.000000 0.005949 0.891677 0.002973 0.943432
137800.000000 0.005949 0.891680 0.002974 0.943414
137900.000000 0.005949 0.891688 0.002974 0.943417
138000.000000 0.005949 0.891691 0.002977 0.943360
138100.000000 0.005947 0.891714 0.002977 0.943347
138200.000000 0.005947 0.891725 0.002959 0.943691
138300.000000 0.005946 0.891742 0.002961 0.943665
138400.000000 0.005946 0.891733 0.002968 0.943529
138500.000000 0.005944 0.891781 0.002967 0.943539
138600.000000 0.005944 0.891776 0.002967 0.943538
138700.000000 0.005943 0.891797 0.002963 0.943625
138800.000000 0.005943 0.891796 0.002972 0.943443
138900.000000 0.005942 0.891818 0.002963 0.943612
139000.000000 0.005940 0.891839 0.002965 0.943583
139100.000000 0.005940 0.891846 0.002966 0.943570
139200.000000 0.005940 0.891854 0.002961 0.943662
139300.000000 0.005940 0.891851 0.002972 0.943439
139400.000000 0.005938 0.891885 0.002963 0.943627
139500.000000 0.005937 0.891895 0.002961 0.943660
139600.000000 0.005937 0.891910 0.002962 0.943632
139700.000000 0.005936 0.891917 0.002965 0.943590
139800.000000 0.005936 0.891925 0.002956 0.943756
139900.000000 0.005936 0.891914 0.002953 0.943819
140000.000000 0.005935 0.891934 0.002968 0.943529
140100.000000 0.005933 0.891967 0.002967 0.943550
140200.000000 0.005933 0.891968 0.002952 0.943832
140300.000000 0.005932 0.891995 0.002962 0.943646
140400.000000 0.005934 0.891958 0.002959 0.943695
140500.000000 0.005930 0.892029 0.002954 0.943799
140600.000000 0.005929 0.892046 0.002951 0.943850
140700.000000 0.005929 0.892047 0.002960 0.943671
140800.000000 0.005927 0.892075 0.002948 0.943899
140900.000000 0.005928 0.892072 0.002962 0.943640
141000.000000 0.005925 0.892112 0.002952 0.943829
141100.000000 0.005925 0.892123 0.002952 0.943835
141200.000000 0.005924 0.892139 0.002950 0.943871
141300.000000 0.005923 0.892157 0.002944 0.943987
141400.000000 0.005922 0.892167 0.002947 0.943927
141500.000000 0.005924 0.892141 0.002951 0.943845
141600.000000 0.005921 0.892190 0.002942 0.944025
141700.000000 0.005922 0.892184 0.002948 0.943898
141800.000000 0.005920 0.892209 0.002948 0.943906
141900.000000 0.005919 0.892222 0.002949 0.943891
142000.000000 0.005919 0.892231 0.002935 0.944150
142100.000000 0.005917 0.892263 0.002936 0.944138
142200.000000 0.005917 0.892259 0.002935 0.944152
142300.000000 0.005917 0.892268 0.002940 0.944063
142400.000000 0.005915 0.892304 0.002936 0.944126
142500.000000 0.005915 0.892307 0.002939 0.944067
142600.000000 0.005914 0.892326 0.002941 0.944032
142700.000000 0.005914 0.892326 0.002944 0.943973
142800.000000 0.005912 0.892361 0.002938 0.944102
142900.000000 0.005912 0.892355 0.002934 0.944162
143000.000000 0.005910 0.892386 0.002938 0.944094
143100.000000 0.005909 0.892404 0.002936 0.944138
143200.000000 0.005909 0.892417 0.002928 0.944290
143300.000000 0.005909 0.892404 0.002928 0.944281
143400.000000 0.005908 0.892437 0.002928 0.944281
143500.000000 0.005906 0.892466 0.002929 0.944265
143600.000000 0.005906 0.892470 0.002928 0.944279
143700.000000 0.005905 0.892483 0.002926 0.944332
143800.000000 0.005904 0.892496 0.002925 0.944348
143900.000000 0.005904 0.892510 0.002928 0.944280
144000.000000 0.005904 0.892504 0.002925 0.944334
144100.000000 0.005902 0.892539 0.002924 0.944358
144200.000000 0.005901 0.892551 0.002929 0.944259
144300.000000 0.005900 0.892570 0.002927 0.944305
144400.000000 0.005899 0.892588 0.002922 0.944392
144500.000000 0.005899 0.892599 0.002925 0.944352
144600.000000 0.005899 0.892599 0.002921 0.944420
144700.000000 0.005899 0.892602 0.002920 0.944430
144800.000000 0.005898 0.892621 0.002925 0.944351
144900.000000 0.005896 0.892650 0.002926 0.944321
145000.000000 0.005895 0.892675 0.002919 0.944461
145100.000000 0.005894 0.892682 0.002920 0.944441
145200.000000 0.005894 0.892693 0.002921 0.944416
145300.000000 0.005893 0.892712 0.002912 0.944593
145400.000000 0.005893 0.892712 0.002916 0.944516
145500.000000 0.005891 0.892733 0.002912 0.944594
145600.000000 0.005891 0.892744 0.002920 0.944438
145700.000000 0.005892 0.892722 0.002910 0.944620
145800.000000 0.005890 0.892766 0.002916 0.944521
145900.000000 0.005889 0.892767 0.002914 0.944552
146000.000000 0.005887 0.892808 0.002911 0.944616
146100.000000 0.005887 0.892820 0.002914 0.944545
146200.000000 0.005886 0.892831 0.002915 0.944524
146300.000000 0.005885 0.892847 0.002912 0.944598
146400.000000 0.005885 0.892855 0.002914 0.944545
146500.000000 0.005885 0.892853 0.002910 0.944632
146600.000000 0.005886 0.892832 0.002912 0.944581
146700.000000 0.005882 0.892898 0.002903 0.944762
146800.000000 0.005882 0.892896 0.002912 0.944588
146900.000000 0.005881 0.892919 0.002906 0.944708
147000.000000 0.005880 0.892939 0.002899 0.944833
147100.000000 0.005879 0.892951 0.002911 0.944614
147200.000000 0.005878 0.892977 0.002905 0.944726
147300.000000 0.005878 0.892971 0.002898 0.944854
147400.000000 0.005877 0.893000 0.002902 0.944774
147500.000000 0.005877 0.892994 0.002900 0.944810
147600.000000 0.005875 0.893027 0.002897 0.944883
147700.000000 0.005874 0.893043 0.002905 0.944728
147800.000000 0.005874 0.893052 0.002901 0.944809
147900.000000 0.005872 0.893079 0.002895 0.944922
148000.000000 0.005871 0.893096 0.002894 0.944935
148100.000000 0.005874 0.893057 0.002892 0.944979
148200.000000 0.005873 0.893063 0.002889 0.945034
148300.000000 0.005869 0.893135 0.002898 0.944850
148400.000000 0.005868 0.893155 0.002892 0.944974
148500.000000 0.005868 0.893157 0.002886 0.945083
148600.000000 0.005867 0.893177 0.002897 0.944879
148700.000000 0.005866 0.893191 0.002890 0.945000
148800.000000 0.005866 0.893199 0.002892 0.944979
148900.000000 0.005865 0.893214 0.002893 0.944951
149000.000000 0.005864 0.893229 0.002891 0.944999
149100.000000 0.005863 0.893242 0.002894 0.944934
149200.000000 0.005862 0.893264 0.002885 0.945095
149300.000000 0.005862 0.893265 0.002887 0.945075
149400.000000 0.005862 0.893266 0.002884 0.945122
149500.000000 0.005861 0.893289 0.002892 0.944973
149600.000000 0.005861 0.893294 0.002877 0.945247
149700.000000 0.005860 0.893311 0.002882 0.945168
149800.000000 0.005858 0.893333 0.002885 0.945103
149900.000000 0.005858 0.893340 0.002889 0.945032
150000.000000 0.005858 0.893343 0.002878 0.945230
150100.000000 0.005857 0.893366 0.002879 0.945210
150200.000000 0.005855 0.893387 0.002875 0.945298
150300.000000 0.005858 0.893335 0.002878 0.945244
150400.000000 0.005854 0.893410 0.002874 0.945316
150500.000000 0.005855 0.893398 0.002889 0.945033
150600.000000 0.005853 0.893432 0.002872 0.945346
150700.000000 0.005853 0.893432 0.002871 0.945367
150800.000000 0.005852 0.893445 0.002873 0.945340
150900.000000 0.005852 0.893455 0.002876 0.945273
151000.000000 0.005851 0.893469 0.002880 0.945203
151100.000000 0.005850 0.893484 0.002880 0.945208
151200.000000 0.005849 0.893499 0.002872 0.945342
151300.000000 0.005849 0.893506 0.002873 0.945323
151400.000000 0.005849 0.893496 0.002870 0.945383
151500.000000 0.005848 0.893515 0.002869 0.945401
151600.000000 0.005848 0.893518 0.002866 0.945466
151700.000000 0.005847 0.893533 0.002868 0.945420
151800.000000 0.005846 0.893558 0.002868 0.945424
151900.000000 0.005847 0.893545 0.002874 0.945310
152000.000000 0.005846 0.893564 0.002868 0.945432
152100.000000 0.005844 0.893590 0.002866 0.945458
152200.000000 0.005844 0.893597 0.002868 0.945427
152300.000000 0.005844 0.893604 0.002870 0.945396
152400.000000 0.005843 0.893618 0.002863 0.945515
152500.000000 0.005843 0.893617 0.002869 0.945409
152600.000000 0.005843 0.893623 0.002872 0.945353
152700.000000 0.005841 0.893642 0.002861 0.945560
152800.000000 0.005841 0.893650 0.002864 0.945496
152900.000000 0.005842 0.893641 0.002868 0.945433
153000.000000 0.005840 0.893663 0.002857 0.945641
153100.000000 0.005840 0.893667 0.002864 0.945512
153200.000000 0.005839 0.893682 0.002865 0.945486
153300.000000 0.005839 0.893690 0.002855 0.945675
153400.000000 0.005838 0.893709 0.002861 0.945558
153500.000000 0.005838 0.893712 0.002865 0.945478
153600.000000 0.005838 0.893710 0.002852 0.945728
153700.000000 0.005837 0.893720 0.002864 0.945513
153800.000000 0.005836 0.893739 0.002859 0.945591
153900.000000 0.005836 0.893742 0.002863 0.945516
154000.000000 0.005836 0.893749 0.002859 0.945604
154100.000000 0.005835 0.893762 0.002859 0.945605
154200.000000 0.005835 0.893759 0.002855 0.945680
154300.000000 0.005834 0.893774 0.002859 0.945593
154400.000000 0.005834 0.893781 0.002855 0.945681
154500.000000 0.005833 0.893791 0.002860 0.945579
154600.000000 0.005833 0.893799 0.002853 0.945721
154700.000000 0.005834 0.893780 0.002849 0.945785
154800.000000 0.005832 0.893811 0.002859 0.945608
154900.000000 0.005831 0.893829 0.002851 0.945745
155000.000000 0.005831 0.893834 0.002853 0.945712
155100.000000 0.005831 0.893824 0.002860 0.945587
155200.000000 0.005830 0.893851 0.002853 0.945710
155300.000000 0.005829 0.893860 0.002857 0.945636
155400.000000 0.005831 0.893837 0.002853 0.945721
155500.000000 0.005828 0.893880 0.002847 0.945820
155600.000000 0.005831 0.893839 0.002858 0.945621
155700.000000 0.005828 0.893895 0.002853 0.945705
155800.000000 0.005827 0.893898 0.002854 0.945703
155900.000000 0.005827 0.893906 0.002847 0.945831
156000.000000 0.005827 0.893912 0.002854 0.945690
156100.000000 0.005826 0.893923 0.002850 0.945769
156200.000000 0.005826 0.893919 0.002856 0.945662
156300.000000 0.005826 0.893928 0.002854 0.945693
156400.000000 0.005825 0.893946 0.002843 0.945901
156500.000000 0.005825 0.893944 0.002847 0.945829
156600.000000 0.005825 0.893943 0.002840 0.945968
156700.000000 0.005826 0.893930 0.002856 0.945663
156800.000000 0.005823 0.893971 0.002846 0.945843
156900.000000 0.005824 0.893961 0.002852 0.945741
157000.000000 0.005824 0.893956 0.002836 0.946031
157100.000000 0.005826 0.893924 0.002841 0.945932
157200.000000 0.005822 0.893992 0.002842 0.945923
157300.000000 0.005823 0.893978 0.002848 0.945802
157400.000000 0.005822 0.893995 0.002843 0.945909
157500.000000 0.005822 0.893999 0.002840 0.945959
157600.000000 0.005822 0.893995 0.002847 0.945834
157700.000000 0.005821 0.894020 0.002843 0.945912
157800.000000 0.005821 0.894019 0.002843 0.945903
157900.000000 0.005821 0.894010 0.002842 0.945930
158000.000000 0.005821 0.894017 0.002848 0.945811
158100.000000 0.005821 0.894015 0.002851 0.945742
158200.000000 0.005820 0.894040 0.002845 0.945871
158300.000000 0.005819 0.894048 0.002839 0.945984
158400.000000 0.005822 0.893989 0.002850 0.945763
158500.000000 0.005821 0.894021 0.002831 0.946125
158600.000000 0.005819 0.894053 0.002844 0.945887
158700.000000 0.005819 0.894042 0.002836 0.946037
158800.000000 0.005819 0.894058 0.002839 0.945975
158900.000000 0.005818 0.894064 0.002842 0.945931
159000.000000 0.005818 0.894065 0.002845 0.945868
159100.000000 0.005818 0.894070 0.002845 0.945860
159200.000000 0.005818 0.894062 0.002845 0.945873
159300.000000 0.005819 0.894049 0.002833 0.946089
159400.000000 0.005818 0.894075 0.002843 0.945901
159500.000000 0.005820 0.894034 0.002843 0.945908
159600.000000 0.005818 0.894077 0.002845 0.945858
159700.000000 0.005817 0.894078 0.002847 0.945824
159800.000000 0.005817 0.894079 0.002845 0.945860
159900.000000 0.005817 0.894086 0.002843 0.945906
160000.000000 0.005817 0.894090 0.002839 0.945984
160100.000000 0.005819 0.894047 0.002855 0.945684
160200.000000 0.005817 0.894093 0.002839 0.945975
160300.000000 0.005817 0.894084 0.002848 0.945817
160400.000000 0.005820 0.894035 0.002858 0.945617
160500.000000 0.005818 0.894069 0.002840 0.945952
160600.000000 0.005817 0.894096 0.002844 0.945883
160700.000000 0.005817 0.894084 0.002843 0.945912
160800.000000 0.005816 0.894100 0.002840 0.945969
160900.000000 0.005816 0.894111 0.002841 0.945942
161000.000000 0.005816 0.894107 0.002841 0.945949
161100.000000 0.005815 0.894120 0.002840 0.945962
161200.000000 0.005815 0.894117 0.002835 0.946050
161300.000000 0.005815 0.894116 0.002837 0.946017
161400.000000 0.005815 0.894127 0.002841 0.945938
161500.000000 0.005815 0.894118 0.002846 0.945850
161600.000000 0.005814 0.894136 0.002840 0.945960
161700.000000 0.005814 0.894134 0.002835 0.946062
161800.000000 0.005814 0.894137 0.002839 0.945979
161900.000000 0.005816 0.894105 0.002832 0.946119
162000.000000 0.005814 0.894135 0.002840 0.945969
162100.000000 0.005818 0.894077 0.002841 0.945947
162200.000000 0.005814 0.894146 0.002841 0.945945
162300.000000 0.005814 0.894145 0.002837 0.946010
162400.000000 0.005819 0.894051 0.002863 0.945525
162500.000000 0.005813 0.894153 0.002841 0.945946
162600.000000 0.005814 0.894134 0.002842 0.945925
162700.000000 0.005814 0.894146 0.002830 0.946159
162800.000000 0.005813 0.894160 0.002842 0.945931
162900.000000 0.005812 0.894173 0.002837 0.946026
163000.000000 0.005813 0.894167 0.002836 0.946040
163100.000000 0.005813 0.894168 0.002836 0.946045
163200.000000 0.005815 0.894129 0.002845 0.945874
163300.000000 0.005812 0.894174 0.002840 0.945959
163400.000000 0.005812 0.894183 0.002840 0.945963
163500.000000 0.005812 0.894182 0.002841 0.945934
163600.000000 0.005812 0.894179 0.002843 0.945908
163700.000000 0.005812 0.894183 0.002831 0.946132
163800.000000 0.005814 0.894146 0.002841 0.945937
163900.000000 0.005815 0.894131 0.002844 0.945884
164000.000000 0.005812 0.894183 0.002829 0.946170
164100.000000 0.005812 0.894182 0.002840 0.945956
164200.000000 0.005812 0.894186 0.002835 0.946062
164300.000000 0.005811 0.894199 0.002834 0.946073
164400.000000 0.005811 0.894201 0.002835 0.946057
164500.000000 0.005811 0.894195 0.002838 0.946006
164600.000000 0.005810 0.894206 0.002834 0.946077
164700.000000 0.005810 0.894206 0.002838 0.945998
164800.000000 0.005812 0.894178 0.002838 0.945990
164900.000000 0.005810 0.894207 0.002835 0.946061
165000.000000 0.005810 0.894216 0.002835 0.946061
165100.000000 0.005811 0.894200 0.002833 0.946101
165200.000000 0.005810 0.894222 0.002837 0.946018
165300.000000 0.005811 0.894200 0.002829 0.946176
165400.000000 0.005810 0.894217 0.002842 0.945922
165500.000000 0.005809 0.894226 0.002839 0.945972
165600.000000 0.005809 0.894231 0.002836 0.946039
165700.000000 0.005809 0.894228 0.002836 0.946032
165800.000000 0.005810 0.894219 0.002834 0.946075
165900.000000 0.005809 0.894241 0.002835 0.946056
166000.000000 0.005809 0.894237 0.002834 0.946079
166100.000000 0.005808 0.894248 0.002834 0.946081
166200.000000 0.005808 0.894246 0.002830 0.946146
166300.000000 0.005809 0.894236 0.002842 0.945914
166400.000000 0.005808 0.894256 0.002835 0.946061
166500.000000 0.005809 0.894240 0.002825 0.946246
166600.000000 0.005808 0.894247 0.002836 0.946034
166700.000000 0.005809 0.894232 0.002828 0.946189
166800.000000 0.005808 0.894248 0.002840 0.945965
166900.000000 0.005807 0.894270 0.002834 0.946077
167000.000000 0.005807 0.894269 0.002836 0.946041
167100.000000 0.005807 0.894265 0.002829 0.946162
167200.000000 0.005808 0.894250 0.002828 0.946186
167300.000000 0.005807 0.894274 0.002839 0.945983
167400.000000 0.005806 0.894281 0.002838 0.945997
167500.000000 0.005806 0.894284 0.002837 0.946026
167600.000000 0.005806 0.894295 0.002831 0.946140
167700.000000 0.005806 0.894281 0.002841 0.945948
167800.000000 0.005805 0.894302 0.002832 0.946103
167900.000000 0.005806 0.894289 0.002828 0.946198
168000.000000 0.005806 0.894280 0.002829 0.946174
168100.000000 0.005805 0.894299 0.002834 0.946084
168200.000000 0.005805 0.894300 0.002837 0.946021
168300.000000 0.005806 0.894282 0.002833 0.946093
168400.000000 0.005805 0.894308 0.002835 0.946054
168500.000000 0.005805 0.894312 0.002832 0.946104
168600.000000 0.005805 0.894306 0.002829 0.946166
168700.000000 0.005805 0.894300 0.002836 0.946045
168800.000000 0.005804 0.894315 0.002836 0.946029
168900.000000 0.005804 0.894322 0.002837 0.946026
169000.000000 0.005804 0.894331 0.002834 0.946068
169100.000000 0.005803 0.894333 0.002828 0.946190
169200.000000 0.005803 0.894337 0.002827 0.946207
169300.000000 0.005804 0.894328 0.002835 0.946060
169400.000000 0.005806 0.894286 0.002831 0.946139
169500.000000 0.005803 0.894346 0.002830 0.946156
169600.000000 0.005803 0.894338 0.002838 0.946003
169700.000000 0.005804 0.894330 0.002841 0.945939
169800.000000 0.005802 0.894357 0.002833 0.946090
169900.000000 0.005803 0.894340 0.002825 0.946237
170000.000000 0.005802 0.894356 0.002829 0.946172
170100.000000 0.005802 0.894364 0.002828 0.946195
170200.000000 0.005803 0.894351 0.002828 0.946197
170300.000000 0.005802 0.894364 0.002831 0.946131
170400.000000 0.005801 0.894370 0.002831 0.946129
170500.000000 0.005802 0.894364 0.002827 0.946199
170600.000000 0.005802 0.894359 0.002829 0.946174
170700.000000 0.005801 0.894379 0.002829 0.946168
170800.000000 0.005801 0.894379 0.002830 0.946156
170900.000000 0.005801 0.894374 0.002826 0.946231
171000.000000 0.005801 0.894386 0.002823 0.946289
171100.000000 0.005801 0.894387 0.002830 0.946145
171200.000000 0.005801 0.894386 0.002834 0.946072
171300.000000 0.005800 0.894394 0.002824 0.946271
171400.000000 0.005800 0.894405 0.002827 0.946201
171500.000000 0.005803 0.894344 0.002824 0.946259
171600.000000 0.005800 0.894400 0.002833 0.946087
171700.000000 0.005800 0.894391 0.002830 0.946153
171800.000000 0.005799 0.894407 0.002832 0.946107
171900.000000 0.005799 0.894411 0.002820 0.946337
172000.000000 0.005799 0.894414 0.002818 0.946374
172100.000000 0.005799 0.894421 0.002821 0.946327
172200.000000 0.005798 0.894427 0.002825 0.946244
172300.000000 0.005798 0.894436 0.002825 0.946240
172400.000000 0.005798 0.894435 0.002825 0.946240
172500.000000 0.005798 0.894428 0.002821 0.946328
172600.000000 0.005798 0.894435 0.002824 0.946257
172700.000000 0.005798 0.894437 0.002825 0.946249
172800.000000 0.005799 0.894423 0.002822 0.946307
172900.000000 0.005798 0.894433 0.002820 0.946338
173000.000000 0.005798 0.894431 0.002827 0.946215
173100.000000 0.005800 0.894395 0.002821 0.946331
173200.000000 0.005797 0.894453 0.002822 0.946298
173300.000000 0.005797 0.894455 0.002825 0.946254
173400.000000 0.005797 0.894455 0.002828 0.946179
173500.000000 0.005797 0.894452 0.002827 0.946208
173600.000000 0.005798 0.894441 0.002815 0.946429
173700.000000 0.005798 0.894440 0.002835 0.946057
173800.000000 0.005797 0.894460 0.002832 0.946120
173900.000000 0.005797 0.894457 0.002831 0.946124
174000.000000 0.005796 0.894469 0.002817 0.946390
174100.000000 0.005796 0.894475 0.002822 0.946302
174200.000000 0.005796 0.894474 0.002824 0.946256
174300.000000 0.005797 0.894450 0.002818 0.946383
174400.000000 0.005795 0.894481 0.002820 0.946334
174500.000000 0.005796 0.894476 0.002824 0.946261
174600.000000 0.005795 0.894488 0.002828 0.946198
174700.000000 0.005795 0.894491 0.002829 0.946175
174800.000000 0.005794 0.894497 0.002822 0.946297
174900.000000 0.005795 0.894481 0.002817 0.946395
175000.000000 0.005794 0.894504 0.002826 0.946219
175100.000000 0.005794 0.894500 0.002823 0.946290
175200.000000 0.005795 0.894485 0.002826 0.946226
175300.000000 0.005793 0.894516 0.002819 0.946359
175400.000000 0.005793 0.894515 0.002823 0.946281
175500.000000 0.005793 0.894517 0.002819 0.946368
175600.000000 0.005793 0.894519 0.002818 0.946372
175700.000000 0.005795 0.894490 0.002815 0.946437
175800.000000 0.005793 0.894526 0.002822 0.946298
175900.000000 0.005793 0.894525 0.002825 0.946243
176000.000000 0.005793 0.894517 0.002822 0.946297
176100.000000 0.005793 0.894522 0.002826 0.946226
176200.000000 0.005793 0.894533 0.002819 0.946358
176300.000000 0.005792 0.894534 0.002819 0.946356
176400.000000 0.005792 0.894540 0.002818 0.946375
176500.000000 0.005792 0.894533 0.002812 0.946487
176600.000000 0.005793 0.894515 0.002830 0.946151
176700.000000 0.005791 0.894565 0.002818 0.946379
176800.000000 0.005791 0.894556 0.002824 0.946264
176900.000000 0.005791 0.894564 0.002816 0.946413
177000.000000 0.005791 0.894565 0.002819 0.946365
177100.000000 0.005790 0.894570 0.002817 0.946398
177200.000000 0.005791 0.894564 0.002823 0.946287
177300.000000 0.005791 0.894565 0.002823 0.946281
177400.000000 0.005792 0.894537 0.002813 0.946480
177500.000000 0.005792 0.894538 0.002823 0.946286
177600.000000 0.005791 0.894569 0.002825 0.946236
177700.000000 0.005790 0.894582 0.002814 0.946461
177800.000000 0.005790 0.894571 0.002827 0.946204
177900.000000 0.005790 0.894579 0.002825 0.946236
178000.000000 0.005790 0.894578 0.002815 0.946438
178100.000000 0.005789 0.894596 0.002823 0.946291
178200.000000 0.005789 0.894601 0.002814 0.946457
178300.000000 0.005788 0.894608 0.002813 0.946466
178400.000000 0.005789 0.894600 0.002816 0.946409
178500.000000 0.005789 0.894605 0.002824 0.946263
178600.000000 0.005788 0.894613 0.002818 0.946372
178700.000000 0.005788 0.894616 0.002814 0.946450
178800.000000 0.005789 0.894601 0.002823 0.946280
178900.000000 0.005788 0.894617 0.002813 0.946476
179000.000000 0.005788 0.894621 0.002822 0.946307
179100.000000 0.005788 0.894612 0.002827 0.946214
179200.000000 0.005788 0.894620 0.002819 0.946358
179300.000000 0.005787 0.894633 0.002814 0.946449
179400.000000 0.005788 0.894608 0.002810 0.946538
179500.000000 0.005787 0.894637 0.002813 0.946482
179600.000000 0.005787 0.894641 0.002819 0.946356
179700.000000 0.005788 0.894620 0.002814 0.946447
179800.000000 0.005787 0.894625 0.002813 0.946469
179900.000000 0.005786 0.894656 0.002812 0.946494
180000.000000 0.005786 0.894657 0.002813 0.946467
180100.000000 0.005785 0.894669 0.002813 0.946478
180200.000000 0.005785 0.894663 0.002815 0.946433
180300.000000 0.005785 0.894665 0.002818 0.946376
180400.000000 0.005786 0.894660 0.002816 0.946410
180500.000000 0.005785 0.894669 0.002817 0.946400
180600.000000 0.005784 0.894684 0.002814 0.946460
180700.000000 0.005785 0.894675 0.002809 0.946541
180800.000000 0.005784 0.894686 0.002812 0.946494
180900.000000 0.005784 0.894683 0.002814 0.946456
181000.000000 0.005784 0.894697 0.002813 0.946465
181100.000000 0.005784 0.894681 0.002813 0.946478
181200.000000 0.005787 0.894640 0.002823 0.946274
181300.000000 0.005786 0.894645 0.002806 0.946599
181400.000000 0.005783 0.894710 0.002810 0.946525
181500.000000 0.005783 0.894710 0.002809 0.946551
181600.000000 0.005783 0.894714 0.002814 0.946456
181700.000000 0.005782 0.894723 0.002810 0.946532
181800.000000 0.005782 0.894721 0.002814 0.946462
181900.000000 0.005782 0.894729 0.002809 0.946543
182000.000000 0.005782 0.894728 0.002808 0.946562
182100.000000 0.005782 0.894732 0.002815 0.946440
182200.000000 0.005781 0.894737 0.002811 0.946513
182300.000000 0.005782 0.894725 0.002813 0.946475
182400.000000 0.005784 0.894688 0.002812 0.946489
182500.000000 0.005781 0.894741 0.002814 0.946451
182600.000000 0.005781 0.894745 0.002814 0.946464
182700.000000 0.005781 0.894745 0.002815 0.946430
182800.000000 0.005781 0.894746 0.002815 0.946442
182900.000000 0.005780 0.894761 0.002812 0.946500
183000.000000 0.005780 0.894754 0.002809 0.946547
183100.000000 0.005780 0.894766 0.002808 0.946571
183200.000000 0.005780 0.894769 0.002810 0.946533
183300.000000 0.005779 0.894773 0.002813 0.946475
183400.000000 0.005780 0.894769 0.002816 0.946425
183500.000000 0.005780 0.894768 0.002813 0.946477
183600.000000 0.005780 0.894769 0.002805 0.946618
183700.000000 0.005779 0.894780 0.002810 0.946522
183800.000000 0.005779 0.894787 0.002808 0.946562
183900.000000 0.005778 0.894791 0.002808 0.946568
184000.000000 0.005781 0.894745 0.002821 0.946313
184100.000000 0.005778 0.894791 0.002807 0.946591
184200.000000 0.005779 0.894778 0.002810 0.946536
184300.000000 0.005778 0.894797 0.002810 0.946533
184400.000000 0.005778 0.894802 0.002802 0.946676
184500.000000 0.005778 0.894794 0.002804 0.946640
184600.000000 0.005777 0.894811 0.002803 0.946655
184700.000000 0.005777 0.894812 0.002808 0.946568
184800.000000 0.005780 0.894769 0.002802 0.946674
184900.000000 0.005777 0.894819 0.002807 0.946588
185000.000000 0.005777 0.894822 0.002806 0.946598
185100.000000 0.005776 0.894827 0.002805 0.946626
185200.000000 0.005776 0.894828 0.002811 0.946520
185300.000000 0.005776 0.894832 0.002811 0.946516
185400.000000 0.005781 0.894735 0.002824 0.946272
185500.000000 0.005780 0.894758 0.002817 0.946405
185600.000000 0.005777 0.894823 0.002816 0.946420
185700.000000 0.005777 0.894824 0.002810 0.946531
185800.000000 0.005775 0.894851 0.002805 0.946617
185900.000000 0.005776 0.894841 0.002810 0.946535
186000.000000 0.005775 0.894850 0.002805 0.946627
186100.000000 0.005775 0.894853 0.002805 0.946623
186200.000000 0.005776 0.894831 0.002797 0.946785
186300.000000 0.005776 0.894832 0.002815 0.946442
186400.000000 0.005775 0.894848 0.002809 0.946549
186500.000000 0.005775 0.894845 0.002803 0.946662
186600.000000 0.005775 0.894852 0.002810 0.946530
186700.000000 0.005775 0.894852 0.002799 0.946733
186800.000000 0.005774 0.894861 0.002806 0.946610
186900.000000 0.005774 0.894873 0.002804 0.946643
187000.000000 0.005773 0.894880 0.002802 0.946676
187100.000000 0.005774 0.894871 0.002800 0.946714
187200.000000 0.005774 0.894874 0.002800 0.946722
187300.000000 0.005773 0.894883 0.002799 0.946744
187400.000000 0.005774 0.894871 0.002814 0.946455
187500.000000 0.005772 0.894899 0.002804 0.946636
187600.000000 0.005772 0.894905 0.002800 0.946727
187700.000000 0.005772 0.894908 0.002800 0.946714
187800.000000 0.005776 0.894828 0.002797 0.946786
187900.000000 0.005772 0.894913 0.002799 0.946738
188000.000000 0.005771 0.894918 0.002806 0.946601
188100.000000 0.005771 0.894925 0.002799 0.946743
188200.000000 0.005771 0.894926 0.002795 0.946818
188300.000000 0.005771 0.894933 0.002801 0.946710
188400.000000 0.005770 0.894934 0.002805 0.946625
188500.000000 0.005770 0.894939 0.002797 0.946778
188600.000000 0.005770 0.894936 0.002806 0.946609
188700.000000 0.005770 0.894948 0.002798 0.946751
188800.000000 0.005771 0.894918 0.002796 0.946806
188900.000000 0.005770 0.894942 0.002804 0.946647
189000.000000 0.005771 0.894931 0.002806 0.946604
189100.000000 0.005769 0.894953 0.002805 0.946633
189200.000000 0.005769 0.894959 0.002803 0.946668
189300.000000 0.005769 0.894969 0.002798 0.946763
189400.000000 0.005770 0.894934 0.002804 0.946650
189500.000000 0.005768 0.894976 0.002797 0.946778
189600.000000 0.005770 0.894947 0.002791 0.946890
189700.000000 0.005768 0.894983 0.002801 0.946703
189800.000000 0.005768 0.894983 0.002796 0.946791
189900.000000 0.005768 0.894973 0.002795 0.946821
190000.000000 0.005769 0.894961 0.002805 0.946621
190100.000000 0.005767 0.894996 0.002795 0.946809
190200.000000 0.005768 0.894985 0.002798 0.946763
190300.000000 0.005767 0.894995 0.002793 0.946861
190400.000000 0.005767 0.895004 0.002797 0.946779
190500.000000 0.005768 0.894970 0.002803 0.946658
190600.000000 0.005767 0.895006 0.002804 0.946643
190700.000000 0.005766 0.895011 0.002794 0.946826
190800.000000 0.005766 0.895013 0.002794 0.946830
190900.000000 0.005766 0.895021 0.002796 0.946805
191000.000000 0.005766 0.895017 0.002791 0.946896
191100.000000 0.005765 0.895031 0.002797 0.946774
191200.000000 0.005766 0.895024 0.002790 0.946908
191300.000000 0.005766 0.895018 0.002798 0.946765
191400.000000 0.005765 0.895029 0.002796 0.946799
191500.000000 0.005765 0.895039 0.002797 0.946777
191600.000000 0.005765 0.895037 0.002804 0.946654
191700.000000 0.005765 0.895029 0.002802 0.946684
191800.000000 0.005764 0.895050 0.002800 0.946726
191900.000000 0.005764 0.895059 0.002798 0.946768
192000.000000 0.005764 0.895046 0.002797 0.946775
192100.000000 0.005764 0.895053 0.002788 0.946955
192200.000000 0.005763 0.895066 0.002796 0.946797
192300.000000 0.005767 0.894997 0.002807 0.946586
192400.000000 0.005763 0.895065 0.002789 0.946936
192500.000000 0.005763 0.895077 0.002792 0.946867
192600.000000 0.005764 0.895047 0.002804 0.946644
192700.000000 0.005763 0.895069 0.002804 0.946652
192800.000000 0.005762 0.895085 0.002790 0.946905
192900.000000 0.005762 0.895087 0.002796 0.946793
193000.000000 0.005762 0.895084 0.002798 0.946766
193100.000000 0.005762 0.895087 0.002788 0.946944
193200.000000 0.005762 0.895095 0.002797 0.946781
193300.000000 0.005761 0.895105 0.002792 0.946870
193400.000000 0.005761 0.895102 0.002799 0.946745
193500.000000 0.005761 0.895110 0.002795 0.946821
193600.000000 0.005762 0.895094 0.002795 0.946822
193700.000000 0.005761 0.895100 0.002793 0.946854
193800.000000 0.005760 0.895120 0.002794 0.946838
193900.000000 0.005760 0.895123 0.002790 0.946904
194000.000000 0.005760 0.895122 0.002788 0.946952
194100.000000 0.005760 0.895126 0.002791 0.946885
194200.000000 0.005760 0.895128 0.002794 0.946832
194300.000000 0.005760 0.895131 0.002796 0.946800
194400.000000 0.005759 0.895136 0.002791 0.946899
194500.000000 0.005759 0.895148 0.002792 0.946877
194600.000000 0.005759 0.895138 0.002793 0.946850
194700.000000 0.005758 0.895155 0.002790 0.946906
194800.000000 0.005760 0.895132 0.002784 0.947027
194900.000000 0.005758 0.895167 0.002791 0.946897
195000.000000 0.005758 0.895154 0.002791 0.946886
195100.000000 0.005758 0.895166 0.002791 0.946892
195200.000000 0.005757 0.895176 0.002795 0.946825
195300.000000 0.005757 0.895181 0.002790 0.946910
195400.000000 0.005757 0.895180 0.002784 0.947031
195500.000000 0.005758 0.895167 0.002796 0.946805
195600.000000 0.005757 0.895180 0.002784 0.947033
195700.000000 0.005757 0.895181 0.002790 0.946917
195800.000000 0.005756 0.895190 0.002791 0.946900
195900.000000 0.005757 0.895173 0.002790 0.946912
196000.000000 0.005756 0.895198 0.002790 0.946905
196100.000000 0.005757 0.895187 0.002796 0.946804
196200.000000 0.005756 0.895205 0.002787 0.946960
196300.000000 0.005756 0.895195 0.002796 0.946798
196400.000000 0.005755 0.895215 0.002785 0.946998
196500.000000 0.005755 0.895218 0.002793 0.946854
196600.000000 0.005754 0.895226 0.002787 0.946972
196700.000000 0.005754 0.895231 0.002789 0.946924
196800.000000 0.005755 0.895212 0.002797 0.946775
196900.000000 0.005755 0.895208 0.002779 0.947112
197000.000000 0.005754 0.895241 0.002789 0.946921
197100.000000 0.005753 0.895250 0.002788 0.946957
197200.000000 0.005756 0.895205 0.002797 0.946773
197300.000000 0.005753 0.895246 0.002793 0.946859
197400.000000 0.005753 0.895255 0.002782 0.947060
197500.000000 0.005752 0.895264 0.002787 0.946962
197600.000000 0.005753 0.895252 0.002792 0.946881
197700.000000 0.005752 0.895266 0.002791 0.946895
197800.000000 0.005753 0.895246 0.002798 0.946755
197900.000000 0.005752 0.895264 0.002787 0.946965
198000.000000 0.005752 0.895276 0.002784 0.947023
198100.000000 0.005752 0.895263 0.002794 0.946838
198200.000000 0.005751 0.895289 0.002784 0.947025
198300.000000 0.005751 0.895287 0.002781 0.947084
198400.000000 0.005751 0.895286 0.002781 0.947079
198500.000000 0.005751 0.895296 0.002787 0.946971
198600.000000 0.005751 0.895297 0.002785 0.947016
198700.000000 0.005750 0.895299 0.002777 0.947153
198800.000000 0.005750 0.895305 0.002784 0.947029
198900.000000 0.005750 0.895315 0.002780 0.947108
199000.000000 0.005749 0.895321 0.002784 0.947030
199100.000000 0.005750 0.895308 0.002786 0.946983
199200.000000 0.005749 0.895330 0.002783 0.947051
199300.000000 0.005748 0.895335 0.002785 0.947009
199400.000000 0.005748 0.895339 0.002782 0.947061
199500.000000 0.005749 0.895327 0.002788 0.946942
199600.000000 0.005748 0.895350 0.002782 0.947056
199700.000000 0.005748 0.895339 0.002775 0.947206
199800.000000 0.005748 0.895352 0.002785 0.947015
199900.000000 0.005747 0.895353 0.002787 0.946973
200000.000000 0.005748 0.895347 0.002776 0.947183
