100.000000 0.034379 0.374041 0.032709 0.377617
200.000000 0.034029 0.380412 0.032426 0.382995
300.000000 0.033706 0.386296 0.032094 0.389307
400.000000 0.033378 0.392268 0.031769 0.395499
500.000000 0.033046 0.398312 0.031450 0.401572
600.000000 0.032699 0.404637 0.031104 0.408148
700.000000 0.032385 0.410351 0.030738 0.415120
800.000000 0.031973 0.417848 0.030355 0.422394
900.000000 0.031634 0.424022 0.030037 0.428461
1000.000000 0.031221 0.431538 0.029598 0.436811
1100.000000 0.030836 0.438550 0.029217 0.444058
1200.000000 0.030446 0.445662 0.028809 0.451823
1300.000000 0.030055 0.452778 0.028435 0.458939
1400.000000 0.029634 0.460430 0.028007 0.467076
1500.000000 0.029217 0.468035 0.027579 0.475229
1600.000000 0.028795 0.475709 0.027178 0.482862
1700.000000 0.028349 0.483840 0.026727 0.491432
1800.000000 0.027891 0.492177 0.026236 0.500778
1900.000000 0.027423 0.500690 0.025770 0.509645
2000.000000 0.026938 0.509519 0.025289 0.518800
2100.000000 0.026440 0.518601 0.024785 0.528397
2200.000000 0.025931 0.527867 0.024265 0.538289
2300.000000 0.025408 0.537389 0.023739 0.548300
2400.000000 0.024887 0.546868 0.023217 0.558220
2500.000000 0.024376 0.556178 0.022710 0.567877
2600.000000 0.023822 0.566265 0.022120 0.579090
2700.000000 0.023264 0.576415 0.021519 0.590541
2800.000000 0.022717 0.586373 0.020963 0.601120
2900.000000 0.022162 0.596491 0.020367 0.612446
3000.000000 0.021610 0.606541 0.019766 0.623892
3100.000000 0.021055 0.616634 0.019153 0.635552
3200.000000 0.020498 0.626784 0.018560 0.646835
3300.000000 0.019949 0.636774 0.017981 0.657850
3400.000000 0.019409 0.646619 0.017377 0.669357
3500.000000 0.018880 0.656251 0.016819 0.679969
3600.000000 0.018363 0.665659 0.016227 0.691231
3700.000000 0.017864 0.674745 0.015674 0.701759
3800.000000 0.017391 0.683353 0.015143 0.711858
3900.000000 0.016956 0.691281 0.014666 0.720924
4000.000000 0.016534 0.698961 0.014170 0.730377
4100.000000 0.016147 0.705995 0.013739 0.738577
4200.000000 0.015796 0.712386 0.013333 0.746294
4300.000000 0.015478 0.718188 0.012987 0.752885
4400.000000 0.015187 0.723487 0.012642 0.759445
4500.000000 0.014931 0.728140 0.012352 0.764963
4600.000000 0.014707 0.732219 0.012075 0.770231
4700.000000 0.014515 0.735727 0.011852 0.774476
4800.000000 0.014342 0.738875 0.011634 0.778636
4900.000000 0.014190 0.741635 0.011455 0.782036
5000.000000 0.014057 0.744055 0.011297 0.785039
5100.000000 0.013939 0.746207 0.011142 0.787987
5200.000000 0.013845 0.747922 0.011048 0.789775
5300.000000 0.013754 0.749583 0.010916 0.792282
5400.000000 0.013685 0.750836 0.010836 0.793808
5500.000000 0.013613 0.752144 0.010740 0.795645
5600.000000 0.013555 0.753203 0.010659 0.797181
5700.000000 0.013502 0.754158 0.010596 0.798379
5800.000000 0.013457 0.754982 0.010534 0.799566
5900.000000 0.013414 0.755762 0.010465 0.800863
6000.000000 0.013378 0.756422 0.010426 0.801611
6100.000000 0.013338 0.757151 0.010367 0.802738
6200.000000 0.013305 0.757754 0.010334 0.803363
6300.000000 0.013272 0.758355 0.010296 0.804088
6400.000000 0.013242 0.758889 0.010255 0.804862
6500.000000 0.013213 0.759419 0.010217 0.805583
6600.000000 0.013186 0.759916 0.010181 0.806270
6700.000000 0.013160 0.760396 0.010160 0.806665
6800.000000 0.013134 0.760855 0.010124 0.807357
6900.000000 0.013112 0.761255 0.010106 0.807709
7000.000000 0.013083 0.761796 0.010063 0.808525
7100.000000 0.013060 0.762210 0.010039 0.808968
7200.000000 0.013036 0.762640 0.010008 0.809571
7300.000000 0.013011 0.763106 0.009970 0.810293
7400.000000 0.012988 0.763524 0.009950 0.810663
7500.000000 0.012966 0.763920 0.009935 0.810960
7600.000000 0.012944 0.764324 0.009883 0.811937
7700.000000 0.012920 0.764754 0.009875 0.812089
7800.000000 0.012901 0.765100 0.009869 0.812219
7900.000000 0.012878 0.765523 0.009817 0.813192
8000.000000 0.012857 0.765913 0.009814 0.813265
8100.000000 0.012834 0.766320 0.009770 0.814087
8200.000000 0.012813 0.766701 0.009759 0.814299
8300.000000 0.012792 0.767086 0.009735 0.814764
8400.000000 0.012771 0.767468 0.009706 0.815321
8500.000000 0.012751 0.767833 0.009682 0.815777
8600.000000 0.012731 0.768204 0.009667 0.816052
8700.000000 0.012711 0.768565 0.009639 0.816581
8800.000000 0.012694 0.768877 0.009612 0.817100
8900.000000 0.012671 0.769286 0.009591 0.817503
9000.000000 0.012652 0.769640 0.009573 0.817849
9100.000000 0.012635 0.769952 0.009544 0.818394
9200.000000 0.012613 0.770354 0.009539 0.818500
9300.000000 0.012594 0.770690 0.009525 0.818766
9400.000000 0.012575 0.771032 0.009494 0.819339
9500.000000 0.012560 0.771321 0.009481 0.819593
9600.000000 0.012542 0.771639 0.009462 0.819948
9700.000000 0.012522 0.771999 0.009440 0.820377
9800.000000 0.012502 0.772372 0.009398 0.821164
9900.000000 0.012483 0.772723 0.009386 0.821405
10000.000000 0.012463 0.773078 0.009372 0.821666
10100.000000 0.012445 0.773403 0.009354 0.822009
10200.000000 0.012431 0.773666 0.009344 0.822201
10300.000000 0.012410 0.774045 0.009310 0.822848
10400.000000 0.012392 0.774377 0.009301 0.823023
10500.000000 0.012374 0.774692 0.009285 0.823333
10600.000000 0.012358 0.774984 0.009249 0.824013
10700.000000 0.012340 0.775325 0.009245 0.824081
10800.000000 0.012326 0.775573 0.009207 0.824803
10900.000000 0.012307 0.775919 0.009211 0.824740
11000.000000 0.012292 0.776199 0.009203 0.824889
11100.000000 0.012272 0.776564 0.009169 0.825530
11200.000000 0.012264 0.776709 0.009167 0.825568
11300.000000 0.012239 0.777149 0.009147 0.825949
11400.000000 0.012222 0.777468 0.009113 0.826605
11500.000000 0.012207 0.777750 0.009116 0.826546
11600.000000 0.012188 0.778081 0.009079 0.827248
11700.000000 0.012174 0.778342 0.009055 0.827703
11800.000000 0.012156 0.778666 0.009044 0.827910
11900.000000 0.012143 0.778910 0.009037 0.828040
12000.000000 0.012125 0.779240 0.009002 0.828701
12100.000000 0.012107 0.779555 0.008997 0.828796
12200.000000 0.012092 0.779841 0.008984 0.829055
12300.000000 0.012076 0.780130 0.008954 0.829624
12400.000000 0.012060 0.780413 0.008954 0.829632
12500.000000 0.012046 0.780682 0.008944 0.829808
12600.000000 0.012029 0.780979 0.008915 0.830359
12700.000000 0.012014 0.781261 0.008895 0.830754
12800.000000 0.011998 0.781548 0.008884 0.830958
12900.000000 0.011986 0.781773 0.008888 0.830877
13000.000000 0.011968 0.782093 0.008856 0.831481
13100.000000 0.011956 0.782317 0.008855 0.831499
13200.000000 0.011937 0.782663 0.008811 0.832352
13300.000000 0.011922 0.782935 0.008792 0.832706
13400.000000 0.011907 0.783199 0.008788 0.832779
13500.000000 0.011892 0.783471 0.008761 0.833301
13600.000000 0.011880 0.783703 0.008766 0.833207
13700.000000 0.011862 0.784021 0.008744 0.833610
13800.000000 0.011848 0.784282 0.008718 0.834111
13900.000000 0.011832 0.784560 0.008702 0.834416
14000.000000 0.011822 0.784757 0.008711 0.834247
14100.000000 0.011804 0.785076 0.008684 0.834754
14200.000000 0.011790 0.785333 0.008650 0.835398
14300.000000 0.011775 0.785608 0.008645 0.835508
14400.000000 0.011764 0.785812 0.008640 0.835590
14500.000000 0.011746 0.786131 0.008616 0.836049
14600.000000 0.011733 0.786368 0.008598 0.836402
14700.000000 0.011718 0.786645 0.008587 0.836610
14800.000000 0.011704 0.786899 0.008580 0.836747
14900.000000 0.011691 0.787143 0.008548 0.837354
15000.000000 0.011676 0.787404 0.008536 0.837584
15100.000000 0.011666 0.787597 0.008541 0.837490
15200.000000 0.011650 0.787880 0.008512 0.838033
15300.000000 0.011634 0.788166 0.008493 0.838386
15400.000000 0.011622 0.788390 0.008494 0.838370
15500.000000 0.011608 0.788655 0.008473 0.838778
15600.000000 0.011598 0.788825 0.008465 0.838937
15700.000000 0.011581 0.789133 0.008443 0.839343
15800.000000 0.011569 0.789363 0.008429 0.839606
15900.000000 0.011556 0.789603 0.008400 0.840165
16000.000000 0.011540 0.789881 0.008391 0.840343
16100.000000 0.011527 0.790129 0.008377 0.840592
16200.000000 0.011515 0.790344 0.008358 0.840965
16300.000000 0.011500 0.790619 0.008363 0.840875
16400.000000 0.011487 0.790858 0.008338 0.841336
16500.000000 0.011476 0.791048 0.008327 0.841559
16600.000000 0.011460 0.791339 0.008313 0.841812
16700.000000 0.011447 0.791577 0.008299 0.842088
16800.000000 0.011437 0.791767 0.008280 0.842445
16900.000000 0.011422 0.792042 0.008271 0.842611
17000.000000 0.011413 0.792199 0.008281 0.842419
17100.000000 0.011397 0.792491 0.008256 0.842898
17200.000000 0.011383 0.792751 0.008229 0.843412
17300.000000 0.011370 0.792979 0.008222 0.843560
17400.000000 0.011357 0.793213 0.008210 0.843786
17500.000000 0.011345 0.793433 0.008204 0.843893
17600.000000 0.011332 0.793676 0.008177 0.844407
17700.000000 0.011321 0.793874 0.008177 0.844417
17800.000000 0.011309 0.794101 0.008150 0.844926
17900.000000 0.011300 0.794263 0.008156 0.844807
18000.000000 0.011281 0.794593 0.008134 0.845219
18100.000000 0.011269 0.794818 0.008114 0.845611
18200.000000 0.011258 0.795029 0.008103 0.845810
18300.000000 0.011246 0.795236 0.008091 0.846044
18400.000000 0.011237 0.795400 0.008080 0.846251
18500.000000 0.011221 0.795696 0.008074 0.846360
18600.000000 0.011210 0.795887 0.008055 0.846738
18700.000000 0.011196 0.796155 0.008041 0.846994
18800.000000 0.011187 0.796315 0.008023 0.847341
18900.000000 0.011171 0.796598 0.008013 0.847533
19000.000000 0.011160 0.796805 0.007997 0.847831
19100.000000 0.011147 0.797040 0.007991 0.847955
19200.000000 0.011136 0.797233 0.007990 0.847971
19300.000000 0.011126 0.797426 0.007979 0.848177
19400.000000 0.011113 0.797668 0.007969 0.848368
19500.000000 0.011101 0.797887 0.007934 0.849037
19600.000000 0.011088 0.798119 0.007927 0.849160
19700.000000 0.011079 0.798271 0.007932 0.849078
19800.000000 0.011072 0.798410 0.007920 0.849301
19900.000000 0.011055 0.798714 0.007905 0.849592
20000.000000 0.011041 0.798971 0.007884 0.849978
20100.000000 0.011029 0.799183 0.007871 0.850221
20200.000000 0.011018 0.799387 0.007863 0.850375
20300.000000 0.011008 0.799571 0.007839 0.850834
20400.000000 0.010995 0.799810 0.007837 0.850885
20500.000000 0.010984 0.800006 0.007819 0.851223
20600.000000 0.010975 0.800170 0.007832 0.850972
20700.000000 0.010963 0.800400 0.007793 0.851718
20800.000000 0.010950 0.800625 0.007789 0.851798
20900.000000 0.010938 0.800849 0.007775 0.852047
21000.000000 0.010927 0.801044 0.007775 0.852059
21100.000000 0.010915 0.801259 0.007751 0.852509
21200.000000 0.010907 0.801415 0.007748 0.852561
21300.000000 0.010894 0.801653 0.007737 0.852773
21400.000000 0.010882 0.801866 0.007721 0.853091
21500.000000 0.010871 0.802074 0.007710 0.853295
21600.000000 0.010859 0.802278 0.007697 0.853545
21700.000000 0.010849 0.802468 0.007681 0.853851
21800.000000 0.010839 0.802656 0.007669 0.854072
21900.000000 0.010828 0.802851 0.007669 0.854079
22000.000000 0.010817 0.803041 0.007664 0.854165
22100.000000 0.010806 0.803243 0.007646 0.854520
22200.000000 0.010798 0.803394 0.007655 0.854343
22300.000000 0.010783 0.803668 0.007625 0.854908
22400.000000 0.010773 0.803859 0.007606 0.855276
22500.000000 0.010767 0.803958 0.007587 0.855630
22600.000000 0.010752 0.804225 0.007583 0.855703
22700.000000 0.010740 0.804450 0.007568 0.855999
22800.000000 0.010730 0.804631 0.007550 0.856343
22900.000000 0.010721 0.804792 0.007560 0.856140
23000.000000 0.010709 0.805020 0.007532 0.856686
23100.000000 0.010700 0.805181 0.007515 0.857013
23200.000000 0.010689 0.805378 0.007505 0.857201
23300.000000 0.010681 0.805522 0.007502 0.857257
23400.000000 0.010665 0.805811 0.007490 0.857481
23500.000000 0.010656 0.805979 0.007484 0.857589
23600.000000 0.010645 0.806184 0.007478 0.857705
23700.000000 0.010636 0.806341 0.007465 0.857957
23800.000000 0.010624 0.806562 0.007445 0.858332
23900.000000 0.010616 0.806713 0.007446 0.858326
24000.000000 0.010604 0.806920 0.007439 0.858441
24100.000000 0.010593 0.807123 0.007414 0.858934
24200.000000 0.010583 0.807312 0.007411 0.858982
24300.000000 0.010573 0.807494 0.007398 0.859231
24400.000000 0.010563 0.807675 0.007379 0.859591
24500.000000 0.010552 0.807877 0.007377 0.859632
24600.000000 0.010543 0.808035 0.007364 0.859877
24700.000000 0.010532 0.808233 0.007355 0.860043
24800.000000 0.010521 0.808430 0.007346 0.860229
24900.000000 0.010512 0.808608 0.007336 0.860415
25000.000000 0.010503 0.808769 0.007316 0.860790
25100.000000 0.010494 0.808930 0.007335 0.860422
25200.000000 0.010483 0.809139 0.007320 0.860716
25300.000000 0.010472 0.809325 0.007310 0.860907
25400.000000 0.010462 0.809509 0.007295 0.861198
25500.000000 0.010452 0.809700 0.007269 0.861680
25600.000000 0.010442 0.809875 0.007261 0.861838
25700.000000 0.010433 0.810047 0.007263 0.861793
25800.000000 0.010422 0.810239 0.007251 0.862033
25900.000000 0.010414 0.810385 0.007239 0.862254
26000.000000 0.010403 0.810594 0.007229 0.862444
26100.000000 0.010397 0.810702 0.007232 0.862393
26200.000000 0.010383 0.810944 0.007197 0.863048
26300.000000 0.010380 0.811010 0.007181 0.863365
26400.000000 0.010365 0.811282 0.007191 0.863175
26500.000000 0.010354 0.811471 0.007174 0.863489
26600.000000 0.010345 0.811650 0.007162 0.863722
26700.000000 0.010337 0.811793 0.007145 0.864037
26800.000000 0.010326 0.811987 0.007148 0.863995
26900.000000 0.010316 0.812174 0.007136 0.864220
27000.000000 0.010310 0.812280 0.007132 0.864298
27100.000000 0.010298 0.812498 0.007122 0.864474
27200.000000 0.010288 0.812687 0.007113 0.864655
27300.000000 0.010278 0.812857 0.007093 0.865025
27400.000000 0.010271 0.812998 0.007088 0.865122
27500.000000 0.010262 0.813163 0.007081 0.865256
27600.000000 0.010250 0.813378 0.007069 0.865494
27700.000000 0.010241 0.813542 0.007059 0.865680
27800.000000 0.010232 0.813708 0.007043 0.865980
27900.000000 0.010222 0.813879 0.007046 0.865923
28000.000000 0.010214 0.814020 0.007041 0.866018
28100.000000 0.010206 0.814166 0.007045 0.865955
28200.000000 0.010197 0.814343 0.007005 0.866713
28300.000000 0.010186 0.814537 0.007012 0.866576
28400.000000 0.010177 0.814701 0.006991 0.866978
28500.000000 0.010172 0.814796 0.006998 0.866845
28600.000000 0.010159 0.815024 0.006967 0.867425
28700.000000 0.010153 0.815146 0.006964 0.867487
28800.000000 0.010147 0.815255 0.006951 0.867744
28900.000000 0.010131 0.815547 0.006952 0.867722
29000.000000 0.010123 0.815683 0.006932 0.868102
29100.000000 0.010113 0.815873 0.006929 0.868145
29200.000000 0.010104 0.816027 0.006915 0.868413
29300.000000 0.010097 0.816153 0.006911 0.868499
29400.000000 0.010086 0.816360 0.006905 0.868618
29500.000000 0.010078 0.816504 0.006906 0.868591
29600.000000 0.010069 0.816671 0.006893 0.868841
29700.000000 0.010060 0.816834 0.006881 0.869072
29800.000000 0.010054 0.816938 0.006878 0.869131
29900.000000 0.010042 0.817155 0.006869 0.869299
30000.000000 0.010033 0.817327 0.006850 0.869660
30100.000000 0.010025 0.817473 0.006836 0.869926
30200.000000 0.010015 0.817646 0.006835 0.869944
30300.000000 0.010009 0.817770 0.006814 0.870343
30400.000000 0.010000 0.817924 0.006806 0.870487
30500.000000 0.009990 0.818115 0.006805 0.870518
30600.000000 0.009984 0.818219 0.006804 0.870524
30700.000000 0.009975 0.818379 0.006800 0.870614
30800.000000 0.009964 0.818587 0.006775 0.871076
30900.000000 0.009955 0.818736 0.006777 0.871049
31000.000000 0.009948 0.818872 0.006759 0.871395
31100.000000 0.009938 0.819057 0.006751 0.871548
31200.000000 0.009933 0.819145 0.006729 0.871967
31300.000000 0.009922 0.819353 0.006730 0.871935
31400.000000 0.009913 0.819507 0.006725 0.872037
31500.000000 0.009904 0.819669 0.006712 0.872287
31600.000000 0.009898 0.819777 0.006709 0.872335
31700.000000 0.009891 0.819911 0.006693 0.872640
31800.000000 0.009882 0.820069 0.006695 0.872601
31900.000000 0.009871 0.820277 0.006686 0.872779
32000.000000 0.009863 0.820426 0.006672 0.873044
32100.000000 0.009854 0.820578 0.006673 0.873027
32200.000000 0.009846 0.820725 0.006670 0.873080
32300.000000 0.009839 0.820863 0.006655 0.873372
32400.000000 0.009830 0.821022 0.006653 0.873402
32500.000000 0.009821 0.821177 0.006625 0.873930
32600.000000 0.009814 0.821308 0.006639 0.873676
32700.000000 0.009807 0.821435 0.006616 0.874102
32800.000000 0.009797 0.821622 0.006607 0.874279
32900.000000 0.009790 0.821741 0.006611 0.874212
33000.000000 0.009780 0.821927 0.006598 0.874449
33100.000000 0.009773 0.822063 0.006581 0.874782
33200.000000 0.009765 0.822211 0.006573 0.874919
33300.000000 0.009756 0.822361 0.006562 0.875147
33400.000000 0.009748 0.822509 0.006552 0.875331
33500.000000 0.009741 0.822643 0.006562 0.875135
33600.000000 0.009733 0.822781 0.006540 0.875564
33700.000000 0.009724 0.822953 0.006538 0.875601
33800.000000 0.009717 0.823081 0.006535 0.875660
33900.000000 0.009709 0.823222 0.006519 0.875962
34000.000000 0.009700 0.823392 0.006516 0.876004
34100.000000 0.009692 0.823535 0.006506 0.876207
34200.000000 0.009685 0.823660 0.006506 0.876198
34300.000000 0.009676 0.823823 0.006489 0.876529
34400.000000 0.009668 0.823966 0.006489 0.876534
34500.000000 0.009661 0.824091 0.006470 0.876887
34600.000000 0.009653 0.824239 0.006463 0.877017
34700.000000 0.009645 0.824393 0.006463 0.877017
34800.000000 0.009638 0.824518 0.006462 0.877041
34900.000000 0.009630 0.824668 0.006439 0.877486
35000.000000 0.009625 0.824757 0.006424 0.877763
35100.000000 0.009615 0.824937 0.006436 0.877528
35200.000000 0.009606 0.825098 0.006421 0.877825
35300.000000 0.009601 0.825193 0.006426 0.877716
35400.000000 0.009591 0.825369 0.006409 0.878054
35500.000000 0.009585 0.825490 0.006411 0.878016
35600.000000 0.009577 0.825619 0.006381 0.878576
35700.000000 0.009568 0.825789 0.006377 0.878667
35800.000000 0.009560 0.825933 0.006370 0.878792
35900.000000 0.009553 0.826064 0.006359 0.878998
36000.000000 0.009547 0.826182 0.006363 0.878930
36100.000000 0.009538 0.826329 0.006348 0.879205
36200.000000 0.009530 0.826480 0.006343 0.879301
36300.000000 0.009523 0.826609 0.006343 0.879314
36400.000000 0.009515 0.826758 0.006329 0.879563
36500.000000 0.009508 0.826882 0.006331 0.879539
36600.000000 0.009501 0.827010 0.006318 0.879772
36700.000000 0.009492 0.827166 0.006309 0.879960
36800.000000 0.009487 0.827269 0.006288 0.880358
36900.000000 0.009478 0.827431 0.006295 0.880209
37000.000000 0.009470 0.827571 0.006284 0.880433
37100.000000 0.009464 0.827683 0.006290 0.880313
37200.000000 0.009457 0.827813 0.006268 0.880737
37300.000000 0.009449 0.827951 0.006258 0.880913
37400.000000 0.009441 0.828097 0.006251 0.881047
37500.000000 0.009434 0.828233 0.006240 0.881262
37600.000000 0.009427 0.828360 0.006245 0.881163
37700.000000 0.009420 0.828494 0.006238 0.881293
37800.000000 0.009412 0.828637 0.006222 0.881598
37900.000000 0.009405 0.828760 0.006218 0.881681
38000.000000 0.009398 0.828885 0.006216 0.881713
38100.000000 0.009391 0.829010 0.006214 0.881750
38200.000000 0.009385 0.829117 0.006185 0.882308
38300.000000 0.009377 0.829275 0.006198 0.882055
38400.000000 0.009369 0.829420 0.006187 0.882268
38500.000000 0.009362 0.829539 0.006179 0.882427
38600.000000 0.009357 0.829628 0.006175 0.882498
38700.000000 0.009347 0.829811 0.006166 0.882675
38800.000000 0.009341 0.829925 0.006152 0.882947
38900.000000 0.009334 0.830059 0.006143 0.883103
39000.000000 0.009327 0.830171 0.006129 0.883369
39100.000000 0.009319 0.830325 0.006134 0.883277
39200.000000 0.009314 0.830411 0.006136 0.883243
39300.000000 0.009305 0.830573 0.006114 0.883656
39400.000000 0.009298 0.830709 0.006111 0.883715
39500.000000 0.009292 0.830819 0.006111 0.883712
39600.000000 0.009285 0.830949 0.006090 0.884121
39700.000000 0.009277 0.831081 0.006100 0.883932
39800.000000 0.009271 0.831201 0.006079 0.884321
39900.000000 0.009269 0.831226 0.006077 0.884367
40000.000000 0.009256 0.831468 0.006071 0.884471
40100.000000 0.009250 0.831588 0.006064 0.884611
40200.000000 0.009243 0.831709 0.006068 0.884532
40300.000000 0.009235 0.831846 0.006055 0.884792
40400.000000 0.009231 0.831929 0.006064 0.884620
40500.000000 0.009222 0.832091 0.006034 0.885184
40600.000000 0.009216 0.832209 0.006029 0.885275
40700.000000 0.009209 0.832327 0.006019 0.885464
40800.000000 0.009202 0.832463 0.006019 0.885464
40900.000000 0.009195 0.832576 0.006013 0.885576
41000.000000 0.009188 0.832709 0.006004 0.885763
41100.000000 0.009184 0.832787 0.005987 0.886079
41200.000000 0.009175 0.832944 0.005991 0.885995
41300.000000 0.009169 0.833058 0.005985 0.886111
41400.000000 0.009162 0.833192 0.005983 0.886157
41500.000000 0.009154 0.833327 0.005974 0.886321
41600.000000 0.009148 0.833444 0.005960 0.886588
41700.000000 0.009141 0.833566 0.005961 0.886572
41800.000000 0.009137 0.833638 0.005972 0.886374
41900.000000 0.009128 0.833810 0.005949 0.886809
42000.000000 0.009121 0.833929 0.005943 0.886924
42100.000000 0.009115 0.834044 0.005925 0.887266
42200.000000 0.009108 0.834172 0.005930 0.887172
42300.000000 0.009102 0.834280 0.005913 0.887483
42400.000000 0.009094 0.834413 0.005907 0.887594
42500.000000 0.009088 0.834535 0.005905 0.887639
42600.000000 0.009082 0.834631 0.005891 0.887913
42700.000000 0.009075 0.834775 0.005890 0.887919
42800.000000 0.009069 0.834880 0.005877 0.888167
42900.000000 0.009062 0.835007 0.005877 0.888166
43000.000000 0.009055 0.835129 0.005873 0.888247
43100.000000 0.009049 0.835243 0.005864 0.888422
43200.000000 0.009043 0.835357 0.005864 0.888413
43300.000000 0.009036 0.835474 0.005846 0.888761
43400.000000 0.009030 0.835586 0.005840 0.888870
43500.000000 0.009024 0.835688 0.005854 0.888604
43600.000000 0.009019 0.835787 0.005822 0.889210
43700.000000 0.009015 0.835866 0.005847 0.888744
43800.000000 0.009005 0.836046 0.005827 0.889132
43900.000000 0.008998 0.836177 0.005821 0.889229
44000.000000 0.008992 0.836285 0.005815 0.889350
44100.000000 0.008988 0.836360 0.005799 0.889661
44200.000000 0.008979 0.836511 0.005801 0.889612
44300.000000 0.008972 0.836641 0.005795 0.889728
44400.000000 0.008967 0.836740 0.005787 0.889879
44500.000000 0.008965 0.836762 0.005783 0.889964
44600.000000 0.008955 0.836959 0.005766 0.890276
44700.000000 0.008947 0.837098 0.005767 0.890261
44800.000000 0.008943 0.837174 0.005775 0.890116
44900.000000 0.008937 0.837280 0.005770 0.890200
45000.000000 0.008928 0.837441 0.005742 0.890740
45100.000000 0.008923 0.837538 0.005740 0.890772
45200.000000 0.008916 0.837661 0.005732 0.890937
45300.000000 0.008911 0.837761 0.005732 0.890934
45400.000000 0.008903 0.837891 0.005723 0.891101
45500.000000 0.008898 0.837994 0.005710 0.891346
45600.000000 0.008891 0.838114 0.005715 0.891257
45700.000000 0.008885 0.838221 0.005706 0.891424
45800.000000 0.008879 0.838332 0.005694 0.891663
45900.000000 0.008873 0.838443 0.005686 0.891806
46000.000000 0.008867 0.838555 0.005678 0.891956
46100.000000 0.008864 0.838616 0.005684 0.891841
46200.000000 0.008854 0.838788 0.005674 0.892030
46300.000000 0.008848 0.838893 0.005673 0.892047
46400.000000 0.008844 0.838966 0.005648 0.892521
46500.000000 0.008836 0.839118 0.005658 0.892337
46600.000000 0.008831 0.839206 0.005652 0.892457
46700.000000 0.008825 0.839325 0.005653 0.892432
46800.000000 0.008818 0.839441 0.005635 0.892783
46900.000000 0.008816 0.839487 0.005632 0.892833
47000.000000 0.008806 0.839668 0.005625 0.892959
47100.000000 0.008802 0.839744 0.005627 0.892930
47200.000000 0.008794 0.839875 0.005605 0.893339
47300.000000 0.008789 0.839981 0.005598 0.893484
47400.000000 0.008784 0.840072 0.005610 0.893259
47500.000000 0.008777 0.840196 0.005587 0.893683
47600.000000 0.008771 0.840306 0.005597 0.893502
47700.000000 0.008766 0.840392 0.005581 0.893796
47800.000000 0.008758 0.840531 0.005577 0.893884
47900.000000 0.008753 0.840638 0.005574 0.893944
48000.000000 0.008747 0.840735 0.005573 0.893961
48100.000000 0.008741 0.840847 0.005565 0.894102
48200.000000 0.008735 0.840957 0.005551 0.894381
48300.000000 0.008731 0.841027 0.005544 0.894507
48400.000000 0.008726 0.841127 0.005549 0.894412
48500.000000 0.008718 0.841267 0.005540 0.894588
48600.000000 0.008713 0.841363 0.005529 0.894799
48700.000000 0.008706 0.841487 0.005531 0.894751
48800.000000 0.008701 0.841579 0.005531 0.894750
48900.000000 0.008695 0.841690 0.005508 0.895189
49000.000000 0.008689 0.841791 0.005504 0.895273
49100.000000 0.008685 0.841874 0.005516 0.895042
49200.000000 0.008678 0.841997 0.005488 0.895564
49300.000000 0.008673 0.842085 0.005480 0.895727
49400.000000 0.008668 0.842186 0.005502 0.895307
49500.000000 0.008661 0.842310 0.005482 0.895681
49600.000000 0.008656 0.842394 0.005472 0.895869
49700.000000 0.008649 0.842523 0.005461 0.896097
49800.000000 0.008643 0.842625 0.005461 0.896090
49900.000000 0.008640 0.842682 0.005453 0.896238
50000.000000 0.008632 0.842841 0.005447 0.896346
50100.000000 0.008628 0.842900 0.005452 0.896253
50200.000000 0.008621 0.843032 0.005433 0.896615
50300.000000 0.008615 0.843147 0.005429 0.896701
50400.000000 0.008610 0.843227 0.005435 0.896579
50500.000000 0.008604 0.843350 0.005419 0.896882
50600.000000 0.008598 0.843454 0.005415 0.896958
50700.000000 0.008593 0.843547 0.005415 0.896954
50800.000000 0.008587 0.843647 0.005418 0.896910
50900.000000 0.008581 0.843762 0.005403 0.897184
51000.000000 0.008576 0.843855 0.005395 0.897347
51100.000000 0.008570 0.843963 0.005394 0.897358
51200.000000 0.008565 0.844056 0.005380 0.897619
51300.000000 0.008561 0.844125 0.005375 0.897730
51400.000000 0.008553 0.844266 0.005377 0.897691
51500.000000 0.008548 0.844364 0.005368 0.897848
51600.000000 0.008543 0.844458 0.005358 0.898046
51700.000000 0.008537 0.844555 0.005351 0.898178
51800.000000 0.008532 0.844651 0.005345 0.898292
51900.000000 0.008528 0.844729 0.005358 0.898054
52000.000000 0.008521 0.844854 0.005342 0.898356
52100.000000 0.008517 0.844931 0.005347 0.898257
52200.000000 0.008510 0.845049 0.005339 0.898417
52300.000000 0.008504 0.845162 0.005326 0.898648
52400.000000 0.008499 0.845253 0.005314 0.898878
52500.000000 0.008494 0.845337 0.005306 0.899045
52600.000000 0.008490 0.845420 0.005324 0.898686
52700.000000 0.008484 0.845523 0.005305 0.899064
52800.000000 0.008479 0.845625 0.005315 0.898869
52900.000000 0.008474 0.845708 0.005298 0.899189
53000.000000 0.008467 0.845834 0.005292 0.899312
53100.000000 0.008462 0.845933 0.005283 0.899478
53200.000000 0.008457 0.846017 0.005271 0.899699
53300.000000 0.008451 0.846122 0.005277 0.899581
53400.000000 0.008446 0.846227 0.005267 0.899783
53500.000000 0.008440 0.846325 0.005259 0.899932
53600.000000 0.008435 0.846415 0.005265 0.899813
53700.000000 0.008430 0.846514 0.005257 0.899975
53800.000000 0.008427 0.846572 0.005248 0.900133
53900.000000 0.008422 0.846662 0.005253 0.900043
54000.000000 0.008416 0.846768 0.005231 0.900469
54100.000000 0.008410 0.846867 0.005222 0.900629
54200.000000 0.008403 0.846997 0.005227 0.900541
54300.000000 0.008398 0.847093 0.005223 0.900613
54400.000000 0.008394 0.847167 0.005212 0.900825
54500.000000 0.008388 0.847280 0.005209 0.900873
54600.000000 0.008386 0.847311 0.005194 0.901165
54700.000000 0.008379 0.847446 0.005203 0.901004
54800.000000 0.008373 0.847556 0.005193 0.901188
54900.000000 0.008368 0.847647 0.005184 0.901352
55000.000000 0.008362 0.847747 0.005195 0.901150
55100.000000 0.008357 0.847839 0.005181 0.901412
55200.000000 0.008352 0.847933 0.005186 0.901326
55300.000000 0.008347 0.848028 0.005180 0.901427
55400.000000 0.008341 0.848126 0.005167 0.901674
55500.000000 0.008336 0.848219 0.005161 0.901787
55600.000000 0.008333 0.848280 0.005147 0.902069
55700.000000 0.008327 0.848391 0.005149 0.902017
55800.000000 0.008321 0.848498 0.005147 0.902061
55900.000000 0.008316 0.848588 0.005144 0.902122
56000.000000 0.008311 0.848677 0.005141 0.902169
56100.000000 0.008306 0.848764 0.005129 0.902411
56200.000000 0.008301 0.848863 0.005132 0.902356
56300.000000 0.008297 0.848937 0.005117 0.902639
56400.000000 0.008293 0.849002 0.005126 0.902470
56500.000000 0.008287 0.849118 0.005108 0.902803
56600.000000 0.008281 0.849229 0.005107 0.902818
56700.000000 0.008276 0.849314 0.005099 0.902972
56800.000000 0.008271 0.849408 0.005100 0.902964
56900.000000 0.008268 0.849458 0.005110 0.902769
57000.000000 0.008261 0.849587 0.005086 0.903224
57100.000000 0.008256 0.849673 0.005082 0.903303
57200.000000 0.008251 0.849763 0.005072 0.903483
57300.000000 0.008246 0.849858 0.005076 0.903417
57400.000000 0.008241 0.849949 0.005064 0.903641
57500.000000 0.008238 0.849998 0.005079 0.903352
57600.000000 0.008233 0.850102 0.005062 0.903677
57700.000000 0.008226 0.850219 0.005060 0.903721
57800.000000 0.008221 0.850307 0.005050 0.903910
57900.000000 0.008216 0.850400 0.005048 0.903954
58000.000000 0.008214 0.850447 0.005049 0.903925
58100.000000 0.008210 0.850516 0.005034 0.904210
58200.000000 0.008202 0.850660 0.005029 0.904315
58300.000000 0.008198 0.850740 0.005031 0.904277
58400.000000 0.008193 0.850825 0.005029 0.904310
58500.000000 0.008187 0.850931 0.005014 0.904593
58600.000000 0.008183 0.851013 0.005014 0.904588
58700.000000 0.008178 0.851108 0.005008 0.904711
58800.000000 0.008173 0.851189 0.005009 0.904698
58900.000000 0.008169 0.851262 0.005002 0.904823
59000.000000 0.008164 0.851359 0.004987 0.905111
59100.000000 0.008159 0.851451 0.004987 0.905103
59200.000000 0.008154 0.851535 0.004979 0.905258
59300.000000 0.008149 0.851627 0.004976 0.905322
59400.000000 0.008144 0.851714 0.004975 0.905326
59500.000000 0.008141 0.851765 0.004958 0.905651
59600.000000 0.008139 0.851810 0.004982 0.905198
59700.000000 0.008130 0.851970 0.004960 0.905628
59800.000000 0.008127 0.852030 0.004970 0.905425
59900.000000 0.008123 0.852095 0.004944 0.905924
60000.000000 0.008117 0.852213 0.004950 0.905810
60100.000000 0.008112 0.852309 0.004943 0.905949
60200.000000 0.008107 0.852398 0.004936 0.906080
60300.000000 0.008103 0.852462 0.004937 0.906053
60400.000000 0.008097 0.852565 0.004927 0.906248
60500.000000 0.008093 0.852650 0.004928 0.906238
60600.000000 0.008088 0.852730 0.004913 0.906514
60700.000000 0.008086 0.852775 0.004909 0.906591
60800.000000 0.008079 0.852899 0.004906 0.906644
60900.000000 0.008077 0.852937 0.004915 0.906480
61000.000000 0.008072 0.853023 0.004923 0.906330
61100.000000 0.008066 0.853145 0.004904 0.906695
61200.000000 0.008061 0.853235 0.004902 0.906725
61300.000000 0.008057 0.853308 0.004886 0.907028
61400.000000 0.008057 0.853311 0.004893 0.906892
61500.000000 0.008046 0.853497 0.004880 0.907142
61600.000000 0.008043 0.853565 0.004882 0.907110
61700.000000 0.008038 0.853642 0.004878 0.907181
61800.000000 0.008033 0.853734 0.004867 0.907395
61900.000000 0.008029 0.853818 0.004870 0.907332
62000.000000 0.008024 0.853908 0.004857 0.907571
62100.000000 0.008019 0.853988 0.004848 0.907754
62200.000000 0.008015 0.854074 0.004849 0.907732
62300.000000 0.008014 0.854089 0.004839 0.907917
62400.000000 0.008006 0.854223 0.004851 0.907688
62500.000000 0.008002 0.854305 0.004830 0.908095
62600.000000 0.007997 0.854393 0.004824 0.908203
62700.000000 0.007992 0.854486 0.004827 0.908153
62800.000000 0.007988 0.854567 0.004821 0.908272
62900.000000 0.007986 0.854594 0.004818 0.908324
63000.000000 0.007979 0.854715 0.004809 0.908494
63100.000000 0.007975 0.854797 0.004802 0.908625
63200.000000 0.007970 0.854891 0.004806 0.908547
63300.000000 0.007967 0.854937 0.004812 0.908438
63400.000000 0.007962 0.855040 0.004794 0.908778
63500.000000 0.007958 0.855112 0.004789 0.908875
63600.000000 0.007954 0.855186 0.004801 0.908650
63700.000000 0.007948 0.855280 0.004788 0.908903
63800.000000 0.007944 0.855367 0.004777 0.909100
63900.000000 0.007942 0.855396 0.004775 0.909145
64000.000000 0.007936 0.855509 0.004775 0.909133
64100.000000 0.007933 0.855568 0.004785 0.908956
64200.000000 0.007927 0.855677 0.004759 0.909450
64300.000000 0.007922 0.855756 0.004768 0.909270
64400.000000 0.007917 0.855844 0.004757 0.909491
64500.000000 0.007915 0.855891 0.004755 0.909513
64600.000000 0.007910 0.855973 0.004751 0.909596
64700.000000 0.007905 0.856076 0.004745 0.909713
64800.000000 0.007900 0.856153 0.004731 0.909969
64900.000000 0.007898 0.856200 0.004736 0.909888
65000.000000 0.007891 0.856316 0.004728 0.910033
65100.000000 0.007888 0.856386 0.004732 0.909964
65200.000000 0.007883 0.856471 0.004725 0.910083
65300.000000 0.007879 0.856539 0.004720 0.910183
65400.000000 0.007874 0.856629 0.004717 0.910249
65500.000000 0.007871 0.856685 0.004715 0.910282
65600.000000 0.007867 0.856770 0.004701 0.910556
65700.000000 0.007864 0.856812 0.004717 0.910236
65800.000000 0.007857 0.856936 0.004692 0.910716
65900.000000 0.007856 0.856963 0.004679 0.910968
66000.000000 0.007849 0.857092 0.004689 0.910777
66100.000000 0.007845 0.857163 0.004680 0.910956
66200.000000 0.007841 0.857227 0.004673 0.911082
66300.000000 0.007837 0.857304 0.004685 0.910852
66400.000000 0.007833 0.857382 0.004665 0.911225
66500.000000 0.007830 0.857444 0.004653 0.911455
66600.000000 0.007824 0.857551 0.004662 0.911300
66700.000000 0.007821 0.857602 0.004662 0.911298
66800.000000 0.007816 0.857691 0.004648 0.911551
66900.000000 0.007812 0.857763 0.004650 0.911510
67000.000000 0.007808 0.857838 0.004649 0.911534
67100.000000 0.007804 0.857907 0.004649 0.911535
67200.000000 0.007799 0.857998 0.004632 0.911869
67300.000000 0.007796 0.858059 0.004628 0.911934
67400.000000 0.007793 0.858112 0.004641 0.911688
67500.000000 0.007787 0.858219 0.004636 0.911794
67600.000000 0.007783 0.858296 0.004622 0.912057
67700.000000 0.007780 0.858348 0.004619 0.912114
67800.000000 0.007775 0.858440 0.004608 0.912327
67900.000000 0.007771 0.858501 0.004625 0.912003
68000.000000 0.007770 0.858532 0.004595 0.912558
68100.000000 0.007765 0.858618 0.004597 0.912528
68200.000000 0.007759 0.858731 0.004606 0.912361
68300.000000 0.007754 0.858825 0.004597 0.912534
68400.000000 0.007751 0.858882 0.004594 0.912582
68500.000000 0.007747 0.858941 0.004585 0.912749
68600.000000 0.007742 0.859036 0.004579 0.912867
68700.000000 0.007739 0.859096 0.004568 0.913086
68800.000000 0.007734 0.859182 0.004575 0.912946
68900.000000 0.007730 0.859255 0.004577 0.912902
69000.000000 0.007727 0.859316 0.004566 0.913121
69100.000000 0.007722 0.859405 0.004555 0.913328
69200.000000 0.007718 0.859472 0.004555 0.913320
69300.000000 0.007716 0.859506 0.004569 0.913058
69400.000000 0.007712 0.859592 0.004560 0.913232
69500.000000 0.007707 0.859672 0.004550 0.913418
69600.000000 0.007703 0.859751 0.004551 0.913395
69700.000000 0.007698 0.859843 0.004537 0.913677
69800.000000 0.007695 0.859897 0.004532 0.913760
69900.000000 0.007690 0.859990 0.004531 0.913787
70000.000000 0.007686 0.860057 0.004523 0.913928
70100.000000 0.007683 0.860117 0.004527 0.913861
70200.000000 0.007678 0.860196 0.004518 0.914040
70300.000000 0.007675 0.860262 0.004509 0.914195
70400.000000 0.007670 0.860346 0.004511 0.914156
70500.000000 0.007667 0.860402 0.004518 0.914024
70600.000000 0.007663 0.860473 0.004508 0.914215
70700.000000 0.007659 0.860556 0.004504 0.914304
70800.000000 0.007656 0.860610 0.004494 0.914484
70900.000000 0.007651 0.860693 0.004489 0.914583
71000.000000 0.007648 0.860742 0.004488 0.914599
71100.000000 0.007644 0.860826 0.004488 0.914599
71200.000000 0.007639 0.860905 0.004489 0.914586
71300.000000 0.007635 0.860977 0.004475 0.914852
71400.000000 0.007632 0.861040 0.004471 0.914926
71500.000000 0.007629 0.861097 0.004473 0.914893
71600.000000 0.007626 0.861156 0.004470 0.914947
71700.000000 0.007620 0.861251 0.004467 0.914999
71800.000000 0.007616 0.861328 0.004463 0.915080
71900.000000 0.007614 0.861373 0.004460 0.915132
72000.000000 0.007610 0.861446 0.004443 0.915465
72100.000000 0.007605 0.861534 0.004450 0.915326
72200.000000 0.007603 0.861573 0.004434 0.915630
72300.000000 0.007598 0.861660 0.004452 0.915289
72400.000000 0.007596 0.861687 0.004447 0.915379
72500.000000 0.007590 0.861808 0.004440 0.915523
72600.000000 0.007587 0.861868 0.004433 0.915641
72700.000000 0.007584 0.861923 0.004432 0.915669
72800.000000 0.007579 0.862000 0.004428 0.915742
72900.000000 0.007579 0.862000 0.004429 0.915723
73000.000000 0.007572 0.862128 0.004418 0.915937
73100.000000 0.007569 0.862191 0.004409 0.916096
73200.000000 0.007565 0.862254 0.004407 0.916150
73300.000000 0.007560 0.862348 0.004406 0.916155
73400.000000 0.007556 0.862420 0.004397 0.916334
73500.000000 0.007553 0.862476 0.004401 0.916255
73600.000000 0.007549 0.862552 0.004399 0.916300
73700.000000 0.007546 0.862602 0.004381 0.916639
73800.000000 0.007542 0.862683 0.004381 0.916633
73900.000000 0.007538 0.862750 0.004391 0.916439
74000.000000 0.007534 0.862821 0.004377 0.916710
74100.000000 0.007532 0.862867 0.004383 0.916605
74200.000000 0.007527 0.862949 0.004373 0.916792
74300.000000 0.007523 0.863021 0.004374 0.916769
74400.000000 0.007521 0.863061 0.004375 0.916745
74500.000000 0.007516 0.863153 0.004368 0.916876
74600.000000 0.007512 0.863219 0.004356 0.917107
74700.000000 0.007514 0.863182 0.004374 0.916775
74800.000000 0.007505 0.863348 0.004355 0.917132
74900.000000 0.007501 0.863420 0.004349 0.917240
75000.000000 0.007499 0.863464 0.004339 0.917440
75100.000000 0.007494 0.863548 0.004343 0.917358
75200.000000 0.007492 0.863598 0.004347 0.917292
75300.000000 0.007489 0.863648 0.004340 0.917418
75400.000000 0.007484 0.863735 0.004328 0.917651
75500.000000 0.007481 0.863798 0.004324 0.917730
75600.000000 0.007479 0.863830 0.004331 0.917595
75700.000000 0.007473 0.863934 0.004317 0.917848
75800.000000 0.007469 0.864002 0.004320 0.917791
75900.000000 0.007466 0.864058 0.004312 0.917942
76000.000000 0.007462 0.864133 0.004310 0.917996
76100.000000 0.007459 0.864195 0.004307 0.918048
76200.000000 0.007456 0.864243 0.004308 0.918025
76300.000000 0.007452 0.864322 0.004302 0.918135
76400.000000 0.007448 0.864391 0.004295 0.918273
76500.000000 0.007445 0.864444 0.004288 0.918410
76600.000000 0.007442 0.864491 0.004297 0.918229
76700.000000 0.007438 0.864581 0.004290 0.918370
76800.000000 0.007435 0.864624 0.004288 0.918415
76900.000000 0.007432 0.864677 0.004283 0.918494
77000.000000 0.007428 0.864753 0.004274 0.918680
77100.000000 0.007424 0.864834 0.004274 0.918677
77200.000000 0.007420 0.864892 0.004276 0.918630
77300.000000 0.007420 0.864904 0.004266 0.918820
77400.000000 0.007414 0.865017 0.004262 0.918911
77500.000000 0.007410 0.865083 0.004266 0.918833
77600.000000 0.007407 0.865145 0.004251 0.919104
77700.000000 0.007403 0.865208 0.004258 0.918986
77800.000000 0.007400 0.865270 0.004256 0.919008
77900.000000 0.007397 0.865324 0.004250 0.919136
78000.000000 0.007396 0.865344 0.004250 0.919123
78100.000000 0.007389 0.865459 0.004242 0.919283
78200.000000 0.007386 0.865518 0.004234 0.919441
78300.000000 0.007382 0.865584 0.004230 0.919519
78400.000000 0.007380 0.865624 0.004225 0.919612
78500.000000 0.007376 0.865707 0.004230 0.919503
78600.000000 0.007372 0.865769 0.004226 0.919594
78700.000000 0.007369 0.865829 0.004225 0.919609
78800.000000 0.007367 0.865862 0.004230 0.919507
78900.000000 0.007363 0.865946 0.004209 0.919917
79000.000000 0.007359 0.866014 0.004213 0.919840
79100.000000 0.007357 0.866050 0.004213 0.919831
79200.000000 0.007353 0.866127 0.004200 0.920074
79300.000000 0.007349 0.866193 0.004197 0.920142
79400.000000 0.007346 0.866252 0.004193 0.920210
79500.000000 0.007344 0.866283 0.004199 0.920102
79600.000000 0.007340 0.866360 0.004202 0.920046
79700.000000 0.007336 0.866424 0.004192 0.920237
79800.000000 0.007333 0.866482 0.004176 0.920534
79900.000000 0.007330 0.866543 0.004190 0.920270
80000.000000 0.007326 0.866611 0.004187 0.920326
80100.000000 0.007322 0.866682 0.004173 0.920587
80200.000000 0.007319 0.866738 0.004178 0.920503
80300.000000 0.007317 0.866767 0.004173 0.920593
80400.000000 0.007313 0.866851 0.004167 0.920701
80500.000000 0.007310 0.866907 0.004155 0.920945
80600.000000 0.007308 0.866946 0.004155 0.920944
80700.000000 0.007303 0.867025 0.004154 0.920959
80800.000000 0.007300 0.867086 0.004158 0.920876
80900.000000 0.007298 0.867125 0.004165 0.920757
81000.000000 0.007293 0.867204 0.004140 0.921223
81100.000000 0.007290 0.867265 0.004141 0.921208
81200.000000 0.007287 0.867323 0.004132 0.921367
81300.000000 0.007284 0.867384 0.004141 0.921199
81400.000000 0.007280 0.867451 0.004138 0.921265
81500.000000 0.007277 0.867507 0.004134 0.921345
81600.000000 0.007276 0.867523 0.004122 0.921574
81700.000000 0.007273 0.867579 0.004115 0.921695
81800.000000 0.007267 0.867679 0.004120 0.921611
81900.000000 0.007264 0.867739 0.004121 0.921590
82000.000000 0.007261 0.867794 0.004121 0.921586
82100.000000 0.007259 0.867836 0.004123 0.921550
82200.000000 0.007255 0.867903 0.004115 0.921697
82300.000000 0.007252 0.867951 0.004119 0.921626
82400.000000 0.007248 0.868029 0.004106 0.921863
82500.000000 0.007245 0.868080 0.004101 0.921961
82600.000000 0.007243 0.868128 0.004099 0.922001
82700.000000 0.007238 0.868207 0.004094 0.922105
82800.000000 0.007236 0.868254 0.004100 0.921985
82900.000000 0.007233 0.868312 0.004096 0.922066
83000.000000 0.007230 0.868365 0.004082 0.922332
83100.000000 0.007227 0.868412 0.004075 0.922461
83200.000000 0.007223 0.868481 0.004076 0.922434
83300.000000 0.007221 0.868531 0.004088 0.922208
83400.000000 0.007217 0.868599 0.004074 0.922472
83500.000000 0.007214 0.868652 0.004079 0.922391
83600.000000 0.007211 0.868699 0.004060 0.922748
83700.000000 0.007208 0.868756 0.004074 0.922477
83800.000000 0.007205 0.868816 0.004070 0.922548
83900.000000 0.007202 0.868869 0.004054 0.922869
84000.000000 0.007198 0.868935 0.004052 0.922898
84100.000000 0.007195 0.868992 0.004049 0.922961
84200.000000 0.007195 0.869005 0.004063 0.922696
84300.000000 0.007189 0.869103 0.004053 0.922879
84400.000000 0.007187 0.869137 0.004036 0.923199
84500.000000 0.007183 0.869218 0.004044 0.923048
84600.000000 0.007180 0.869267 0.004038 0.923174
84700.000000 0.007177 0.869332 0.004037 0.923188
84800.000000 0.007174 0.869379 0.004039 0.923141
84900.000000 0.007171 0.869439 0.004028 0.923351
85000.000000 0.007171 0.869437 0.004017 0.923566
85100.000000 0.007165 0.869543 0.004029 0.923344
85200.000000 0.007162 0.869599 0.004027 0.923374
85300.000000 0.007159 0.869660 0.004019 0.923529
85400.000000 0.007156 0.869711 0.004021 0.923491
85500.000000 0.007152 0.869772 0.004011 0.923679
85600.000000 0.007150 0.869823 0.004006 0.923766
85700.000000 0.007147 0.869871 0.004007 0.923759
85800.000000 0.007144 0.869928 0.004000 0.923879
85900.000000 0.007141 0.869975 0.003995 0.923984
86000.000000 0.007140 0.870007 0.003999 0.923900
86100.000000 0.007135 0.870093 0.003999 0.923913
86200.000000 0.007133 0.870130 0.003981 0.924254
86300.000000 0.007131 0.870167 0.003995 0.923984
86400.000000 0.007126 0.870248 0.003986 0.924153
86500.000000 0.007123 0.870314 0.003982 0.924231
86600.000000 0.007122 0.870323 0.003976 0.924353
86700.000000 0.007118 0.870395 0.003976 0.924344
86800.000000 0.007114 0.870464 0.003966 0.924534
86900.000000 0.007113 0.870497 0.003986 0.924148
87000.000000 0.007108 0.870578 0.003974 0.924391
87100.000000 0.007107 0.870605 0.003956 0.924733
87200.000000 0.007103 0.870681 0.003965 0.924549
87300.000000 0.007100 0.870722 0.003962 0.924617
87400.000000 0.007097 0.870780 0.003967 0.924524
87500.000000 0.007096 0.870798 0.003953 0.924779
87600.000000 0.007091 0.870885 0.003956 0.924730
87700.000000 0.007088 0.870944 0.003945 0.924941
87800.000000 0.007086 0.870988 0.003945 0.924931
87900.000000 0.007082 0.871055 0.003942 0.924985
88000.000000 0.007080 0.871095 0.003942 0.924993
88100.000000 0.007077 0.871146 0.003930 0.925210
88200.000000 0.007074 0.871204 0.003937 0.925084
88300.000000 0.007071 0.871260 0.003930 0.925217
88400.000000 0.007068 0.871310 0.003934 0.925151
88500.000000 0.007065 0.871368 0.003926 0.925293
88600.000000 0.007062 0.871418 0.003925 0.925317
88700.000000 0.007061 0.871442 0.003915 0.925501
88800.000000 0.007057 0.871513 0.003927 0.925277
88900.000000 0.007055 0.871548 0.003922 0.925364
89000.000000 0.007051 0.871622 0.003913 0.925540
89100.000000 0.007049 0.871659 0.003907 0.925648
89200.000000 0.007045 0.871726 0.003910 0.925599
89300.000000 0.007043 0.871773 0.003913 0.925548
89400.000000 0.007040 0.871816 0.003912 0.925562
89500.000000 0.007037 0.871875 0.003898 0.925829
89600.000000 0.007034 0.871925 0.003904 0.925720
89700.000000 0.007031 0.871975 0.003892 0.925951
89800.000000 0.007030 0.872010 0.003889 0.926007
89900.000000 0.007027 0.872057 0.003879 0.926185
90000.000000 0.007023 0.872125 0.003884 0.926093
90100.000000 0.007021 0.872165 0.003881 0.926158
90200.000000 0.007017 0.872230 0.003888 0.926011
90300.000000 0.007015 0.872273 0.003874 0.926293
90400.000000 0.007012 0.872328 0.003873 0.926309
90500.000000 0.007010 0.872374 0.003875 0.926263
90600.000000 0.007007 0.872424 0.003871 0.926337
90700.000000 0.007004 0.872469 0.003862 0.926507
90800.000000 0.007001 0.872526 0.003873 0.926301
90900.000000 0.006999 0.872571 0.003866 0.926440
91000.000000 0.006996 0.872627 0.003855 0.926648
91100.000000 0.006996 0.872622 0.003844 0.926863
91200.000000 0.006991 0.872715 0.003862 0.926507
91300.000000 0.006988 0.872769 0.003854 0.926659
91400.000000 0.006985 0.872813 0.003855 0.926646
91500.000000 0.006983 0.872864 0.003855 0.926643
91600.000000 0.006979 0.872927 0.003850 0.926744
91700.000000 0.006978 0.872957 0.003839 0.926942
91800.000000 0.006974 0.873030 0.003839 0.926950
91900.000000 0.006972 0.873063 0.003843 0.926877
92000.000000 0.006969 0.873108 0.003832 0.927082
92100.000000 0.006966 0.873173 0.003829 0.927139
92200.000000 0.006964 0.873196 0.003835 0.927026
92300.000000 0.006960 0.873268 0.003826 0.927193
92400.000000 0.006959 0.873302 0.003815 0.927413
92500.000000 0.006956 0.873351 0.003828 0.927153
92600.000000 0.006953 0.873406 0.003826 0.927192
92700.000000 0.006950 0.873461 0.003813 0.927448
92800.000000 0.006949 0.873473 0.003819 0.927341
92900.000000 0.006945 0.873555 0.003804 0.927608
93000.000000 0.006942 0.873595 0.003807 0.927557
93100.000000 0.006941 0.873620 0.003794 0.927799
93200.000000 0.006938 0.873684 0.003795 0.927793
93300.000000 0.006935 0.873733 0.003812 0.927457
93400.000000 0.006932 0.873782 0.003810 0.927501
93500.000000 0.006929 0.873848 0.003796 0.927773
93600.000000 0.006927 0.873884 0.003794 0.927807
93700.000000 0.006924 0.873923 0.003781 0.928061
93800.000000 0.006921 0.873992 0.003785 0.927977
93900.000000 0.006918 0.874033 0.003783 0.928008
94000.000000 0.006916 0.874080 0.003786 0.927963
94100.000000 0.006913 0.874133 0.003778 0.928119
94200.000000 0.006911 0.874166 0.003776 0.928143
94300.000000 0.006909 0.874203 0.003767 0.928319
94400.000000 0.006906 0.874262 0.003773 0.928210
94500.000000 0.006904 0.874303 0.003782 0.928041
94600.000000 0.006901 0.874359 0.003765 0.928369
94700.000000 0.006901 0.874348 0.003779 0.928101
94800.000000 0.006896 0.874449 0.003769 0.928278
94900.000000 0.006893 0.874498 0.003757 0.928507
95000.000000 0.006890 0.874547 0.003761 0.928429
95100.000000 0.006888 0.874586 0.003764 0.928386
95200.000000 0.006888 0.874579 0.003775 0.928178
95300.000000 0.006884 0.874668 0.003748 0.928688
95400.000000 0.006881 0.874718 0.003745 0.928742
95500.000000 0.006879 0.874753 0.003745 0.928740
95600.000000 0.006876 0.874811 0.003733 0.928973
95700.000000 0.006872 0.874875 0.003744 0.928755
95800.000000 0.006870 0.874906 0.003736 0.928909
95900.000000 0.006867 0.874962 0.003742 0.928801
96000.000000 0.006865 0.875002 0.003741 0.928814
96100.000000 0.006864 0.875025 0.003722 0.929173
96200.000000 0.006861 0.875081 0.003720 0.929220
96300.000000 0.006857 0.875145 0.003722 0.929185
96400.000000 0.006856 0.875178 0.003716 0.929282
96500.000000 0.006853 0.875233 0.003723 0.929150
96600.000000 0.006853 0.875222 0.003718 0.929259
96700.000000 0.006847 0.875329 0.003714 0.929331
96800.000000 0.006846 0.875354 0.003713 0.929352
96900.000000 0.006843 0.875409 0.003712 0.929359
97000.000000 0.006840 0.875452 0.003704 0.929522
97100.000000 0.006838 0.875495 0.003716 0.929291
97200.000000 0.006837 0.875516 0.003703 0.929542
97300.000000 0.006834 0.875572 0.003696 0.929664
97400.000000 0.006830 0.875642 0.003699 0.929621
97500.000000 0.006828 0.875685 0.003698 0.929628
97600.000000 0.006826 0.875715 0.003695 0.929699
97700.000000 0.006823 0.875765 0.003696 0.929681
97800.000000 0.006822 0.875794 0.003703 0.929532
97900.000000 0.006820 0.875827 0.003684 0.929897
98000.000000 0.006816 0.875893 0.003698 0.929629
98100.000000 0.006813 0.875946 0.003685 0.929882
98200.000000 0.006811 0.875983 0.003689 0.929809
98300.000000 0.006809 0.876025 0.003683 0.929919
98400.000000 0.006806 0.876080 0.003678 0.930010
98500.000000 0.006804 0.876116 0.003675 0.930080
98600.000000 0.006801 0.876163 0.003675 0.930079
98700.000000 0.006799 0.876207 0.003677 0.930037
98800.000000 0.006798 0.876225 0.003670 0.930162
98900.000000 0.006794 0.876297 0.003670 0.930167
99000.000000 0.006795 0.876275 0.003673 0.930112
99100.000000 0.006789 0.876383 0.003666 0.930251
99200.000000 0.006787 0.876419 0.003668 0.930197
99300.000000 0.006789 0.876382 0.003645 0.930638
99400.000000 0.006784 0.876484 0.003663 0.930304
99500.000000 0.006780 0.876557 0.003654 0.930474
99600.000000 0.006779 0.876570 0.003658 0.930392
99700.000000 0.006775 0.876643 0.003647 0.930607
99800.000000 0.006773 0.876684 0.003647 0.930607
99900.000000 0.006771 0.876714 0.003634 0.930854
100000.000000 0.006769 0.876762 0.003633 0.930862
100100.000000 0.006767 0.876793 0.003648 0.930591
100200.000000 0.006764 0.876853 0.003642 0.930707
100300.000000 0.006761 0.876894 0.003630 0.930928
100400.000000 0.006759 0.876934 0.003628 0.930969
100500.000000 0.006756 0.876982 0.003626 0.930997
100600.000000 0.006756 0.876984 0.003626 0.931010
100700.000000 0.006752 0.877064 0.003629 0.930945
100800.000000 0.006750 0.877105 0.003626 0.931001
100900.000000 0.006747 0.877149 0.003619 0.931147
101000.000000 0.006745 0.877193 0.003615 0.931207
101100.000000 0.006743 0.877226 0.003610 0.931303
101200.000000 0.006741 0.877269 0.003618 0.931150
101300.000000 0.006739 0.877301 0.003608 0.931346
101400.000000 0.006737 0.877340 0.003605 0.931408
101500.000000 0.006735 0.877370 0.003611 0.931286
101600.000000 0.006732 0.877430 0.003612 0.931268
101700.000000 0.006729 0.877479 0.003599 0.931510
101800.000000 0.006727 0.877526 0.003603 0.931450
101900.000000 0.006725 0.877548 0.003600 0.931501
102000.000000 0.006722 0.877606 0.003593 0.931624
102100.000000 0.006721 0.877630 0.003589 0.931700
102200.000000 0.006718 0.877673 0.003600 0.931499
102300.000000 0.006716 0.877716 0.003599 0.931519
102400.000000 0.006714 0.877756 0.003596 0.931582
102500.000000 0.006711 0.877808 0.003580 0.931888
102600.000000 0.006709 0.877842 0.003581 0.931863
102700.000000 0.006707 0.877885 0.003578 0.931920
102800.000000 0.006704 0.877933 0.003581 0.931862
102900.000000 0.006704 0.877936 0.003572 0.932039
103000.000000 0.006700 0.878004 0.003576 0.931962
103100.000000 0.006698 0.878046 0.003573 0.932014
103200.000000 0.006696 0.878087 0.003577 0.931935
103300.000000 0.006695 0.878108 0.003557 0.932312
103400.000000 0.006692 0.878149 0.003555 0.932359
103500.000000 0.006689 0.878216 0.003563 0.932206
103600.000000 0.006688 0.878229 0.003562 0.932224
103700.000000 0.006686 0.878270 0.003549 0.932466
103800.000000 0.006682 0.878332 0.003558 0.932306
103900.000000 0.006680 0.878368 0.003560 0.932258
104000.000000 0.006679 0.878398 0.003554 0.932371
104100.000000 0.006676 0.878453 0.003549 0.932471
104200.000000 0.006674 0.878474 0.003549 0.932469
104300.000000 0.006673 0.878509 0.003551 0.932423
104400.000000 0.006669 0.878570 0.003549 0.932477
104500.000000 0.006667 0.878604 0.003550 0.932447
104600.000000 0.006665 0.878641 0.003551 0.932436
104700.000000 0.006663 0.878680 0.003542 0.932596
104800.000000 0.006661 0.878719 0.003530 0.932838
104900.000000 0.006659 0.878753 0.003527 0.932885
105000.000000 0.006656 0.878802 0.003538 0.932678
105100.000000 0.006654 0.878838 0.003526 0.932903
105200.000000 0.006653 0.878866 0.003536 0.932713
105300.000000 0.006650 0.878921 0.003528 0.932868
105400.000000 0.006648 0.878957 0.003530 0.932821
105500.000000 0.006646 0.878993 0.003518 0.933059
105600.000000 0.006643 0.879041 0.003520 0.933029
105700.000000 0.006641 0.879078 0.003521 0.932993
105800.000000 0.006640 0.879109 0.003525 0.932930
105900.000000 0.006637 0.879155 0.003516 0.933093
106000.000000 0.006636 0.879170 0.003521 0.932994
106100.000000 0.006636 0.879175 0.003530 0.932831
106200.000000 0.006631 0.879265 0.003515 0.933125
106300.000000 0.006628 0.879312 0.003507 0.933269
106400.000000 0.006627 0.879346 0.003504 0.933329
106500.000000 0.006624 0.879385 0.003504 0.933318
106600.000000 0.006622 0.879426 0.003501 0.933380
106700.000000 0.006621 0.879442 0.003487 0.933644
106800.000000 0.006619 0.879477 0.003484 0.933702
106900.000000 0.006616 0.879532 0.003488 0.933624
107000.000000 0.006614 0.879574 0.003493 0.933529
107100.000000 0.006612 0.879613 0.003492 0.933560
107200.000000 0.006612 0.879614 0.003501 0.933380
107300.000000 0.006608 0.879689 0.003483 0.933731
107400.000000 0.006606 0.879717 0.003479 0.933804
107500.000000 0.006610 0.879654 0.003472 0.933943
107600.000000 0.006602 0.879791 0.003489 0.933619
107700.000000 0.006600 0.879838 0.003481 0.933760
107800.000000 0.006599 0.879845 0.003471 0.933956
107900.000000 0.006596 0.879894 0.003486 0.933672
108000.000000 0.006595 0.879913 0.003475 0.933868
108100.000000 0.006592 0.879980 0.003476 0.933855
108200.000000 0.006590 0.880020 0.003469 0.933991
108300.000000 0.006588 0.880051 0.003470 0.933968
108400.000000 0.006586 0.880079 0.003476 0.933866
108500.000000 0.006586 0.880091 0.003450 0.934347
108600.000000 0.006582 0.880164 0.003455 0.934257
108700.000000 0.006581 0.880174 0.003450 0.934353
108800.000000 0.006578 0.880237 0.003458 0.934200
108900.000000 0.006576 0.880275 0.003460 0.934169
109000.000000 0.006574 0.880299 0.003463 0.934115
109100.000000 0.006571 0.880351 0.003457 0.934227
109200.000000 0.006573 0.880318 0.003442 0.934508
109300.000000 0.006568 0.880406 0.003457 0.934228
109400.000000 0.006566 0.880455 0.003445 0.934455
109500.000000 0.006565 0.880475 0.003454 0.934276
109600.000000 0.006563 0.880509 0.003447 0.934404
109700.000000 0.006562 0.880531 0.003436 0.934619
109800.000000 0.006558 0.880597 0.003436 0.934620
109900.000000 0.006556 0.880632 0.003441 0.934526
110000.000000 0.006554 0.880676 0.003429 0.934749
110100.000000 0.006551 0.880717 0.003432 0.934692
110200.000000 0.006550 0.880733 0.003437 0.934598
110300.000000 0.006548 0.880783 0.003428 0.934779
110400.000000 0.006546 0.880819 0.003425 0.934837
110500.000000 0.006544 0.880855 0.003425 0.934822
110600.000000 0.006542 0.880892 0.003425 0.934837
110700.000000 0.006540 0.880915 0.003414 0.935031
110800.000000 0.006538 0.880956 0.003415 0.935014
110900.000000 0.006538 0.880952 0.003431 0.934710
111000.000000 0.006534 0.881031 0.003416 0.934998
111100.000000 0.006532 0.881068 0.003413 0.935066
111200.000000 0.006531 0.881095 0.003407 0.935171
111300.000000 0.006528 0.881133 0.003415 0.935012
111400.000000 0.006527 0.881159 0.003415 0.935013
111500.000000 0.006524 0.881211 0.003405 0.935214
111600.000000 0.006523 0.881233 0.003400 0.935304
111700.000000 0.006521 0.881267 0.003409 0.935138
111800.000000 0.006519 0.881304 0.003402 0.935275
111900.000000 0.006518 0.881327 0.003393 0.935429
112000.000000 0.006515 0.881383 0.003395 0.935392
112100.000000 0.006513 0.881409 0.003392 0.935465
112200.000000 0.006511 0.881445 0.003390 0.935496
112300.000000 0.006509 0.881482 0.003399 0.935329
112400.000000 0.006507 0.881516 0.003391 0.935482
112500.000000 0.006506 0.881550 0.003382 0.935654
112600.000000 0.006504 0.881585 0.003383 0.935633
112700.000000 0.006503 0.881605 0.003391 0.935469
112800.000000 0.006501 0.881637 0.003386 0.935568
112900.000000 0.006499 0.881672 0.003378 0.935726
113000.000000 0.006496 0.881716 0.003382 0.935656
113100.000000 0.006496 0.881729 0.003386 0.935578
113200.000000 0.006493 0.881775 0.003385 0.935588
113300.000000 0.006490 0.881828 0.003376 0.935768
113400.000000 0.006488 0.881863 0.003371 0.935851
113500.000000 0.006487 0.881896 0.003372 0.935832
113600.000000 0.006486 0.881897 0.003355 0.936154
113700.000000 0.006483 0.881963 0.003364 0.935996
113800.000000 0.006481 0.881999 0.003362 0.936027
113900.000000 0.006481 0.881998 0.003350 0.936257
114000.000000 0.006478 0.882050 0.003352 0.936210
114100.000000 0.006477 0.882078 0.003363 0.936015
114200.000000 0.006474 0.882129 0.003359 0.936094
114300.000000 0.006473 0.882144 0.003365 0.935971
114400.000000 0.006470 0.882192 0.003356 0.936148
114500.000000 0.006468 0.882231 0.003356 0.936145
114600.000000 0.006467 0.882248 0.003359 0.936083
114700.000000 0.006465 0.882290 0.003351 0.936232
114800.000000 0.006463 0.882326 0.003352 0.936225
114900.000000 0.006462 0.882341 0.003338 0.936476
115000.000000 0.006459 0.882389 0.003349 0.936276
115100.000000 0.006458 0.882420 0.003346 0.936333
115200.000000 0.006457 0.882436 0.003337 0.936506
115300.000000 0.006454 0.882492 0.003334 0.936554
115400.000000 0.006452 0.882519 0.003341 0.936435
115500.000000 0.006450 0.882557 0.003337 0.936510
115600.000000 0.006448 0.882592 0.003331 0.936611
115700.000000 0.006447 0.882620 0.003334 0.936557
115800.000000 0.006446 0.882635 0.003341 0.936418
115900.000000 0.006443 0.882691 0.003323 0.936760
116000.000000 0.006441 0.882722 0.003326 0.936703
116100.000000 0.006440 0.882742 0.003316 0.936902
116200.000000 0.006439 0.882765 0.003331 0.936616
116300.000000 0.006436 0.882819 0.003317 0.936886
116400.000000 0.006434 0.882852 0.003320 0.936820
116500.000000 0.006432 0.882883 0.003321 0.936801
116600.000000 0.006431 0.882914 0.003321 0.936799
116700.000000 0.006430 0.882933 0.003326 0.936712
116800.000000 0.006428 0.882968 0.003312 0.936973
116900.000000 0.006425 0.883008 0.003315 0.936916
117000.000000 0.006424 0.883043 0.003308 0.937062
117100.000000 0.006422 0.883068 0.003311 0.936991
117200.000000 0.006420 0.883100 0.003308 0.937054
117300.000000 0.006420 0.883107 0.003310 0.937021
117400.000000 0.006417 0.883160 0.003297 0.937268
117500.000000 0.006415 0.883202 0.003299 0.937221
117600.000000 0.006415 0.883199 0.003294 0.937312
117700.000000 0.006412 0.883249 0.003295 0.937306
117800.000000 0.006410 0.883283 0.003302 0.937163
117900.000000 0.006408 0.883328 0.003296 0.937280
118000.000000 0.006407 0.883348 0.003287 0.937455
118100.000000 0.006405 0.883387 0.003286 0.937467
118200.000000 0.006405 0.883376 0.003298 0.937238
118300.000000 0.006401 0.883453 0.003287 0.937454
118400.000000 0.006400 0.883478 0.003283 0.937538
118500.000000 0.006398 0.883513 0.003288 0.937428
118600.000000 0.006397 0.883532 0.003292 0.937361
118700.000000 0.006396 0.883544 0.003282 0.937558
118800.000000 0.006393 0.883607 0.003276 0.937662
118900.000000 0.006391 0.883629 0.003274 0.937700
119000.000000 0.006390 0.883663 0.003284 0.937507
119100.000000 0.006388 0.883695 0.003271 0.937750
119200.000000 0.006386 0.883722 0.003278 0.937626
119300.000000 0.006385 0.883752 0.003281 0.937565
119400.000000 0.006383 0.883775 0.003262 0.937938
119500.000000 0.006381 0.883820 0.003272 0.937733
119600.000000 0.006379 0.883849 0.003267 0.937834
119700.000000 0.006378 0.883878 0.003263 0.937921
119800.000000 0.006376 0.883905 0.003260 0.937961
119900.000000 0.006375 0.883933 0.003254 0.938076
120000.000000 0.006373 0.883964 0.003264 0.937885
120100.000000 0.006371 0.884006 0.003257 0.938018
120200.000000 0.006370 0.884014 0.003269 0.937789
120300.000000 0.006368 0.884051 0.003255 0.938062
120400.000000 0.006366 0.884088 0.003256 0.938051
120500.000000 0.006365 0.884116 0.003250 0.938152
120600.000000 0.006362 0.884156 0.003249 0.938181
120700.000000 0.006362 0.884170 0.003258 0.938007
120800.000000 0.006360 0.884200 0.003246 0.938238
120900.000000 0.006358 0.884242 0.003252 0.938112
121000.000000 0.006358 0.884234 0.003253 0.938110
121100.000000 0.006354 0.884303 0.003237 0.938404
121200.000000 0.006356 0.884277 0.003248 0.938195
121300.000000 0.006352 0.884352 0.003249 0.938187
121400.000000 0.006349 0.884394 0.003238 0.938383
121500.000000 0.006349 0.884404 0.003236 0.938420
121600.000000 0.006346 0.884451 0.003238 0.938392
121700.000000 0.006347 0.884444 0.003249 0.938170
121800.000000 0.006343 0.884506 0.003237 0.938413
121900.000000 0.006341 0.884539 0.003232 0.938505
122000.000000 0.006340 0.884567 0.003225 0.938635
122100.000000 0.006339 0.884576 0.003236 0.938424
122200.000000 0.006337 0.884625 0.003228 0.938580
122300.000000 0.006336 0.884644 0.003217 0.938788
122400.000000 0.006334 0.884676 0.003219 0.938747
122500.000000 0.006332 0.884718 0.003224 0.938662
122600.000000 0.006330 0.884747 0.003220 0.938731
122700.000000 0.006329 0.884774 0.003218 0.938775
122800.000000 0.006327 0.884802 0.003213 0.938855
122900.000000 0.006326 0.884820 0.003216 0.938807
123000.000000 0.006326 0.884822 0.003214 0.938839
123100.000000 0.006323 0.884874 0.003208 0.938967
123200.000000 0.006321 0.884915 0.003212 0.938883
123300.000000 0.006320 0.884933 0.003210 0.938921
123400.000000 0.006318 0.884968 0.003210 0.938913
123500.000000 0.006316 0.884999 0.003208 0.938955
123600.000000 0.006315 0.885019 0.003197 0.939170
123700.000000 0.006315 0.885027 0.003217 0.938794
123800.000000 0.006311 0.885091 0.003203 0.939047
123900.000000 0.006310 0.885116 0.003201 0.939096
124000.000000 0.006310 0.885118 0.003206 0.938990
124100.000000 0.006307 0.885174 0.003202 0.939076
124200.000000 0.006305 0.885196 0.003191 0.939284
124300.000000 0.006304 0.885227 0.003191 0.939288
124400.000000 0.006303 0.885247 0.003188 0.939347
124500.000000 0.006301 0.885279 0.003192 0.939257
124600.000000 0.006299 0.885317 0.003191 0.939283
124700.000000 0.006297 0.885340 0.003185 0.939392
124800.000000 0.006296 0.885361 0.003194 0.939221
124900.000000 0.006296 0.885369 0.003189 0.939312
125000.000000 0.006293 0.885422 0.003178 0.939530
125100.000000 0.006294 0.885407 0.003197 0.939176
125200.000000 0.006296 0.885365 0.003188 0.939330
125300.000000 0.006290 0.885470 0.003181 0.939477
125400.000000 0.006287 0.885522 0.003182 0.939460
125500.000000 0.006285 0.885559 0.003181 0.939463
125600.000000 0.006283 0.885594 0.003173 0.939615
125700.000000 0.006284 0.885588 0.003186 0.939373
125800.000000 0.006280 0.885651 0.003173 0.939622
125900.000000 0.006279 0.885672 0.003173 0.939621
126000.000000 0.006278 0.885701 0.003166 0.939749
126100.000000 0.006276 0.885727 0.003170 0.939675
126200.000000 0.006275 0.885746 0.003165 0.939782
126300.000000 0.006273 0.885784 0.003169 0.939705
126400.000000 0.006272 0.885808 0.003167 0.939736
126500.000000 0.006270 0.885831 0.003165 0.939782
126600.000000 0.006269 0.885853 0.003153 0.939995
126700.000000 0.006267 0.885887 0.003162 0.939841
126800.000000 0.006266 0.885919 0.003155 0.939975
126900.000000 0.006264 0.885942 0.003153 0.940000
127000.000000 0.006263 0.885964 0.003158 0.939913
127100.000000 0.006261 0.885999 0.003151 0.940048
127200.000000 0.006260 0.886024 0.003148 0.940109
127300.000000 0.006259 0.886040 0.003145 0.940156
127400.000000 0.006257 0.886079 0.003151 0.940051
127500.000000 0.006256 0.886101 0.003153 0.940012
127600.000000 0.006254 0.886132 0.003152 0.940022
127700.000000 0.006253 0.886143 0.003139 0.940272
127800.000000 0.006252 0.886174 0.003136 0.940322
127900.000000 0.006249 0.886214 0.003141 0.940233
128000.000000 0.006248 0.886242 0.003144 0.940185
128100.000000 0.006246 0.886267 0.003139 0.940270
128200.000000 0.006245 0.886292 0.003140 0.940243
128300.000000 0.006244 0.886312 0.003143 0.940187
128400.000000 0.006243 0.886338 0.003134 0.940368
128500.000000 0.006241 0.886366 0.003137 0.940311
128600.000000 0.006239 0.886398 0.003131 0.940431
128700.000000 0.006240 0.886389 0.003124 0.940560
128800.000000 0.006237 0.886446 0.003133 0.940393
128900.000000 0.006235 0.886470 0.003136 0.940336
129000.000000 0.006235 0.886477 0.003119 0.940654
129100.000000 0.006233 0.886522 0.003132 0.940401
129200.000000 0.006233 0.886516 0.003120 0.940625
129300.000000 0.006229 0.886578 0.003127 0.940497
129400.000000 0.006229 0.886594 0.003128 0.940489
129500.000000 0.006227 0.886628 0.003124 0.940564
129600.000000 0.006226 0.886644 0.003110 0.940820
129700.000000 0.006225 0.886656 0.003113 0.940757
129800.000000 0.006222 0.886707 0.003112 0.940786
129900.000000 0.006222 0.886719 0.003109 0.940835
130000.000000 0.006220 0.886755 0.003109 0.940848
130100.000000 0.006219 0.886761 0.003118 0.940666
130200.000000 0.006217 0.886811 0.003107 0.940874
130300.000000 0.006215 0.886835 0.003115 0.940737
130400.000000 0.006214 0.886861 0.003109 0.940849
130500.000000 0.006213 0.886878 0.003106 0.940901
130600.000000 0.006211 0.886914 0.003104 0.940931
130700.000000 0.006210 0.886937 0.003099 0.941035
130800.000000 0.006208 0.886964 0.003103 0.940956
130900.000000 0.006207 0.886990 0.003099 0.941024
131000.000000 0.006205 0.887017 0.003102 0.940978
131100.000000 0.006205 0.887028 0.003097 0.941074
131200.000000 0.006203 0.887064 0.003092 0.941157
131300.000000 0.006201 0.887089 0.003094 0.941118
131400.000000 0.006200 0.887110 0.003098 0.941047
131500.000000 0.006198 0.887142 0.003091 0.941180
131600.000000 0.006201 0.887099 0.003092 0.941167
131700.000000 0.006196 0.887191 0.003089 0.941231
131800.000000 0.006195 0.887202 0.003081 0.941377
131900.000000 0.006194 0.887231 0.003096 0.941089
132000.000000 0.006192 0.887251 0.003097 0.941077
132100.000000 0.006191 0.887277 0.003077 0.941450
132200.000000 0.006189 0.887311 0.003089 0.941221
132300.000000 0.006188 0.887340 0.003079 0.941407
132400.000000 0.006186 0.887365 0.003078 0.941431
132500.000000 0.006185 0.887391 0.003079 0.941419
132600.000000 0.006184 0.887404 0.003076 0.941461
132700.000000 0.006182 0.887433 0.003079 0.941419
132800.000000 0.006182 0.887447 0.003068 0.941621
132900.000000 0.006180 0.887478 0.003070 0.941576
133000.000000 0.006178 0.887506 0.003077 0.941450
133100.000000 0.006177 0.887531 0.003076 0.941477
133200.000000 0.006176 0.887558 0.003075 0.941481
133300.000000 0.006178 0.887518 0.003076 0.941466
133400.000000 0.006174 0.887585 0.003072 0.941540
133500.000000 0.006172 0.887621 0.003076 0.941478
133600.000000 0.006170 0.887656 0.003067 0.941638
133700.000000 0.006169 0.887674 0.003071 0.941560
133800.000000 0.006168 0.887697 0.003061 0.941754
133900.000000 0.006166 0.887725 0.003068 0.941628
134000.000000 0.006167 0.887722 0.003056 0.941844
134100.000000 0.006164 0.887771 0.003067 0.941634
134200.000000 0.006162 0.887799 0.003063 0.941713
134300.000000 0.006163 0.887795 0.003072 0.941543
134400.000000 0.006160 0.887836 0.003051 0.941946
134500.000000 0.006159 0.887863 0.003054 0.941897
134600.000000 0.006158 0.887875 0.003061 0.941751
134700.000000 0.006156 0.887909 0.003048 0.942005
134800.000000 0.006155 0.887941 0.003049 0.941992
134900.000000 0.006154 0.887958 0.003056 0.941845
135000.000000 0.006152 0.887986 0.003048 0.942001
135100.000000 0.006151 0.888008 0.003055 0.941874
135200.000000 0.006149 0.888034 0.003044 0.942077
135300.000000 0.006148 0.888057 0.003043 0.942099
135400.000000 0.006147 0.888075 0.003043 0.942098
135500.000000 0.006146 0.888104 0.003047 0.942029
135600.000000 0.006144 0.888124 0.003038 0.942191
135700.000000 0.006143 0.888146 0.003047 0.942012
135800.000000 0.006142 0.888177 0.003037 0.942203
135900.000000 0.006140 0.888200 0.003039 0.942179
136000.000000 0.006139 0.888224 0.003035 0.942257
136100.000000 0.006138 0.888238 0.003041 0.942135
136200.000000 0.006137 0.888264 0.003037 0.942215
136300.000000 0.006136 0.888279 0.003042 0.942116
136400.000000 0.006138 0.888239 0.003029 0.942357
136500.000000 0.006133 0.888335 0.003031 0.942325
136600.000000 0.006132 0.888349 0.003031 0.942320
136700.000000 0.006131 0.888375 0.003034 0.942264
136800.000000 0.006129 0.888405 0.003023 0.942474
136900.000000 0.006128 0.888427 0.003022 0.942500
137000.000000 0.006127 0.888441 0.003017 0.942588
137100.000000 0.006125 0.888475 0.003025 0.942449
137200.000000 0.006125 0.888482 0.003029 0.942368
137300.000000 0.006123 0.888520 0.003019 0.942546
137400.000000 0.006121 0.888545 0.003021 0.942520
137500.000000 0.006122 0.888541 0.003029 0.942370
137600.000000 0.006120 0.888574 0.003012 0.942691
137700.000000 0.006118 0.888611 0.003019 0.942554
137800.000000 0.006117 0.888632 0.003016 0.942607
137900.000000 0.006117 0.888627 0.003022 0.942497
138000.000000 0.006114 0.888680 0.003011 0.942699
138100.000000 0.006115 0.888663 0.003017 0.942592
138200.000000 0.006111 0.888725 0.003011 0.942715
138300.000000 0.006111 0.888731 0.003013 0.942660
138400.000000 0.006109 0.888768 0.003008 0.942760
138500.000000 0.006109 0.888772 0.003020 0.942540
138600.000000 0.006107 0.888811 0.003002 0.942879
138700.000000 0.006106 0.888816 0.003012 0.942692
138800.000000 0.006105 0.888852 0.003000 0.942915
138900.000000 0.006103 0.888871 0.003000 0.942921
139000.000000 0.006102 0.888900 0.003002 0.942885
139100.000000 0.006101 0.888911 0.002998 0.942962
139200.000000 0.006099 0.888946 0.002999 0.942932
139300.000000 0.006098 0.888963 0.003004 0.942845
139400.000000 0.006098 0.888972 0.003001 0.942899
139500.000000 0.006096 0.889009 0.002998 0.942958
139600.000000 0.006095 0.889031 0.002999 0.942935
139700.000000 0.006094 0.889051 0.003000 0.942921
139800.000000 0.006092 0.889073 0.002989 0.943119
139900.000000 0.006093 0.889061 0.003009 0.942739
140000.000000 0.006090 0.889111 0.002999 0.942935
140100.000000 0.006089 0.889141 0.002990 0.943098
140200.000000 0.006088 0.889162 0.002986 0.943173
140300.000000 0.006088 0.889153 0.002985 0.943207
140400.000000 0.006086 0.889198 0.002982 0.943259
140500.000000 0.006084 0.889220 0.002981 0.943279
140600.000000 0.006083 0.889245 0.002982 0.943262
140700.000000 0.006082 0.889265 0.002985 0.943199
140800.000000 0.006081 0.889279 0.002976 0.943364
140900.000000 0.006080 0.889306 0.002977 0.943350
141000.000000 0.006078 0.889326 0.002974 0.943411
141100.000000 0.006077 0.889351 0.002983 0.943245
141200.000000 0.006076 0.889374 0.002981 0.943273
141300.000000 0.006075 0.889397 0.002977 0.943359
141400.000000 0.006074 0.889414 0.002978 0.943341
141500.000000 0.006072 0.889439 0.002977 0.943347
141600.000000 0.006072 0.889448 0.002968 0.943524
141700.000000 0.006071 0.889456 0.002980 0.943298
141800.000000 0.006069 0.889499 0.002965 0.943581
141900.000000 0.006068 0.889512 0.002971 0.943462
142000.000000 0.006067 0.889536 0.002974 0.943402
142100.000000 0.006066 0.889562 0.002968 0.943526
142200.000000 0.006064 0.889582 0.002959 0.943705
142300.000000 0.006064 0.889595 0.002962 0.943647
142400.000000 0.006062 0.889625 0.002962 0.943630
142500.000000 0.006062 0.889630 0.002956 0.943761
142600.000000 0.006060 0.889670 0.002961 0.943661
142700.000000 0.006061 0.889651 0.002950 0.943858
142800.000000 0.006058 0.889705 0.002953 0.943804
142900.000000 0.006056 0.889734 0.002957 0.943742
143000.000000 0.006055 0.889753 0.002958 0.943713
143100.000000 0.006054 0.889771 0.002950 0.943870
143200.000000 0.006054 0.889774 0.002963 0.943620
143300.000000 0.006054 0.889769 0.002967 0.943545
143400.000000 0.006050 0.889837 0.002950 0.943876
143500.000000 0.006050 0.889836 0.002953 0.943808
143600.000000 0.006048 0.889878 0.002953 0.943814
143700.000000 0.006047 0.889893 0.002951 0.943845
143800.000000 0.006046 0.889909 0.002943 0.943997
143900.000000 0.006046 0.889912 0.002936 0.944126
144000.000000 0.006045 0.889940 0.002955 0.943777
144100.000000 0.006043 0.889977 0.002950 0.943860
144200.000000 0.006044 0.889954 0.002949 0.943890
144300.000000 0.006041 0.890013 0.002939 0.944075
144400.000000 0.006040 0.890030 0.002950 0.943867
144500.000000 0.006039 0.890045 0.002940 0.944059
144600.000000 0.006037 0.890077 0.002941 0.944040
144700.000000 0.006036 0.890093 0.002937 0.944111
144800.000000 0.006035 0.890117 0.002934 0.944178
144900.000000 0.006034 0.890133 0.002941 0.944037
145000.000000 0.006033 0.890153 0.002931 0.944224
145100.000000 0.006032 0.890180 0.002932 0.944202
145200.000000 0.006030 0.890200 0.002936 0.944133
145300.000000 0.006030 0.890218 0.002934 0.944172
145400.000000 0.006029 0.890232 0.002926 0.944329
145500.000000 0.006028 0.890253 0.002935 0.944147
145600.000000 0.006026 0.890281 0.002927 0.944309
145700.000000 0.006025 0.890291 0.002925 0.944347
145800.000000 0.006024 0.890314 0.002932 0.944203
145900.000000 0.006026 0.890287 0.002937 0.944118
146000.000000 0.006022 0.890357 0.002923 0.944377
146100.000000 0.006021 0.890381 0.002921 0.944415
146200.000000 0.006020 0.890396 0.002917 0.944489
146300.000000 0.006019 0.890412 0.002926 0.944316
146400.000000 0.006018 0.890419 0.002931 0.944235
146500.000000 0.006017 0.890453 0.002913 0.944572
146600.000000 0.006016 0.890472 0.002924 0.944365
146700.000000 0.006014 0.890492 0.002921 0.944427
146800.000000 0.006013 0.890515 0.002913 0.944564
146900.000000 0.006014 0.890505 0.002931 0.944228
147000.000000 0.006013 0.890514 0.002925 0.944345
147100.000000 0.006010 0.890573 0.002914 0.944547
147200.000000 0.006009 0.890585 0.002910 0.944631
147300.000000 0.006008 0.890605 0.002907 0.944690
147400.000000 0.006007 0.890630 0.002913 0.944575
147500.000000 0.006007 0.890627 0.002916 0.944508
147600.000000 0.006005 0.890665 0.002913 0.944572
147700.000000 0.006006 0.890642 0.002901 0.944802
147800.000000 0.006005 0.890656 0.002895 0.944922
147900.000000 0.006002 0.890715 0.002903 0.944763
148000.000000 0.006001 0.890730 0.002915 0.944531
148100.000000 0.005999 0.890764 0.002901 0.944802
148200.000000 0.005999 0.890781 0.002907 0.944690
148300.000000 0.005999 0.890779 0.002906 0.944696
148400.000000 0.005997 0.890804 0.002902 0.944780
148500.000000 0.005996 0.890831 0.002893 0.944957
148600.000000 0.005995 0.890855 0.002895 0.944915
148700.000000 0.005994 0.890867 0.002894 0.944925
148800.000000 0.005992 0.890895 0.002897 0.944877
148900.000000 0.005992 0.890906 0.002899 0.944835
149000.000000 0.005990 0.890930 0.002898 0.944861
149100.000000 0.005990 0.890931 0.002893 0.944950
149200.000000 0.005988 0.890970 0.002896 0.944891
149300.000000 0.005987 0.890989 0.002893 0.944950
149400.000000 0.005986 0.891001 0.002894 0.944931
149500.000000 0.005986 0.891012 0.002897 0.944878
149600.000000 0.005984 0.891041 0.002888 0.945048
149700.000000 0.005985 0.891029 0.002904 0.944737
149800.000000 0.005983 0.891070 0.002895 0.944917
149900.000000 0.005981 0.891095 0.002884 0.945115
150000.000000 0.005980 0.891115 0.002891 0.944984
150100.000000 0.005979 0.891130 0.002889 0.945029
150200.000000 0.005978 0.891152 0.002886 0.945092
150300.000000 0.005979 0.891146 0.002895 0.944921
150400.000000 0.005976 0.891193 0.002879 0.945223
150500.000000 0.005975 0.891203 0.002874 0.945323
150600.000000 0.005975 0.891208 0.002889 0.945021
150700.000000 0.005973 0.891244 0.002881 0.945176
150800.000000 0.005972 0.891266 0.002877 0.945255
150900.000000 0.005972 0.891272 0.002885 0.945111
151000.000000 0.005972 0.891261 0.002873 0.945326
151100.000000 0.005970 0.891304 0.002870 0.945382
151200.000000 0.005968 0.891331 0.002871 0.945366
151300.000000 0.005968 0.891343 0.002881 0.945180
151400.000000 0.005966 0.891373 0.002871 0.945369
151500.000000 0.005965 0.891389 0.002869 0.945409
151600.000000 0.005964 0.891407 0.002870 0.945394
151700.000000 0.005963 0.891426 0.002870 0.945398
151800.000000 0.005963 0.891426 0.002864 0.945510
151900.000000 0.005962 0.891446 0.002877 0.945247
152000.000000 0.005960 0.891478 0.002868 0.945433
152100.000000 0.005960 0.891490 0.002861 0.945563
152200.000000 0.005958 0.891515 0.002869 0.945418
152300.000000 0.005957 0.891535 0.002864 0.945504
152400.000000 0.005957 0.891547 0.002860 0.945576
152500.000000 0.005956 0.891561 0.002857 0.945642
152600.000000 0.005955 0.891579 0.002865 0.945478
152700.000000 0.005954 0.891591 0.002862 0.945542
152800.000000 0.005953 0.891613 0.002857 0.945645
152900.000000 0.005953 0.891608 0.002873 0.945338
153000.000000 0.005951 0.891654 0.002857 0.945628
153100.000000 0.005950 0.891658 0.002864 0.945497
153200.000000 0.005949 0.891681 0.002860 0.945571
153300.000000 0.005948 0.891697 0.002856 0.945661
153400.000000 0.005947 0.891721 0.002851 0.945757
153500.000000 0.005946 0.891733 0.002846 0.945842
153600.000000 0.005945 0.891750 0.002859 0.945606
153700.000000 0.005944 0.891776 0.002849 0.945791
153800.000000 0.005943 0.891792 0.002853 0.945714
153900.000000 0.005942 0.891814 0.002846 0.945845
154000.000000 0.005941 0.891823 0.002845 0.945858
154100.000000 0.005940 0.891845 0.002850 0.945777
154200.000000 0.005940 0.891848 0.002850 0.945770
154300.000000 0.005939 0.891869 0.002847 0.945821
154400.000000 0.005937 0.891896 0.002841 0.945933
154500.000000 0.005936 0.891913 0.002841 0.945941
154600.000000 0.005935 0.891933 0.002845 0.945870
154700.000000 0.005935 0.891936 0.002847 0.945825
154800.000000 0.005935 0.891937 0.002850 0.945767
154900.000000 0.005933 0.891984 0.002842 0.945925
155000.000000 0.005933 0.891966 0.002841 0.945950
155100.000000 0.005931 0.892008 0.002848 0.945817
155200.000000 0.005930 0.892024 0.002841 0.945943
155300.000000 0.005930 0.892029 0.002833 0.946101
155400.000000 0.005928 0.892067 0.002837 0.946021
155500.000000 0.005928 0.892073 0.002833 0.946092
155600.000000 0.005927 0.892087 0.002832 0.946117
155700.000000 0.005925 0.892115 0.002832 0.946108
155800.000000 0.005926 0.892108 0.002831 0.946134
155900.000000 0.005924 0.892132 0.002835 0.946055
156000.000000 0.005923 0.892150 0.002837 0.946016
156100.000000 0.005924 0.892142 0.002823 0.946291
156200.000000 0.005921 0.892192 0.002827 0.946201
156300.000000 0.005921 0.892202 0.002841 0.945934
156400.000000 0.005919 0.892227 0.002836 0.946044
156500.000000 0.005918 0.892247 0.002825 0.946239
156600.000000 0.005917 0.892265 0.002832 0.946107
156700.000000 0.005916 0.892284 0.002830 0.946154
156800.000000 0.005916 0.892288 0.002822 0.946307
156900.000000 0.005915 0.892309 0.002823 0.946276
157000.000000 0.005914 0.892321 0.002824 0.946265
157100.000000 0.005912 0.892350 0.002824 0.946257
157200.000000 0.005911 0.892367 0.002823 0.946281
157300.000000 0.005911 0.892377 0.002825 0.946240
157400.000000 0.005910 0.892400 0.002822 0.946303
157500.000000 0.005910 0.892399 0.002828 0.946193
157600.000000 0.005909 0.892420 0.002815 0.946443
157700.000000 0.005907 0.892446 0.002813 0.946474
157800.000000 0.005906 0.892459 0.002820 0.946345
157900.000000 0.005906 0.892468 0.002814 0.946459
158000.000000 0.005904 0.892496 0.002817 0.946392
158100.000000 0.005904 0.892508 0.002815 0.946432
158200.000000 0.005903 0.892517 0.002805 0.946618
158300.000000 0.005902 0.892541 0.002812 0.946497
158400.000000 0.005902 0.892539 0.002800 0.946718
158500.000000 0.005900 0.892576 0.002811 0.946519
158600.000000 0.005900 0.892573 0.002799 0.946732
158700.000000 0.005899 0.892603 0.002810 0.946540
158800.000000 0.005897 0.892626 0.002807 0.946595
158900.000000 0.005897 0.892636 0.002804 0.946653
159000.000000 0.005897 0.892632 0.002805 0.946635
159100.000000 0.005896 0.892649 0.002809 0.946546
159200.000000 0.005895 0.892665 0.002797 0.946783
159300.000000 0.005893 0.892694 0.002804 0.946655
159400.000000 0.005892 0.892719 0.002807 0.946596
159500.000000 0.005893 0.892707 0.002815 0.946428
159600.000000 0.005891 0.892734 0.002813 0.946469
159700.000000 0.005889 0.892767 0.002803 0.946674
159800.000000 0.005889 0.892776 0.002803 0.946662
159900.000000 0.005888 0.892790 0.002807 0.946597
160000.000000 0.005887 0.892815 0.002797 0.946776
160100.000000 0.005886 0.892827 0.002799 0.946744
160200.000000 0.005885 0.892844 0.002793 0.946848
160300.000000 0.005884 0.892859 0.002796 0.946798
160400.000000 0.005885 0.892854 0.002806 0.946602
160500.000000 0.005883 0.892887 0.002798 0.946760
160600.000000 0.005882 0.892908 0.002792 0.946883
160700.000000 0.005882 0.892910 0.002793 0.946859
160800.000000 0.005881 0.892924 0.002795 0.946815
160900.000000 0.005880 0.892949 0.002797 0.946772
161000.000000 0.005878 0.892970 0.002789 0.946932
161100.000000 0.005878 0.892974 0.002790 0.946908
161200.000000 0.005877 0.892989 0.002793 0.946850
161300.000000 0.005877 0.893000 0.002787 0.946961
161400.000000 0.005875 0.893031 0.002785 0.947006
161500.000000 0.005875 0.893023 0.002777 0.947160
161600.000000 0.005874 0.893057 0.002781 0.947077
161700.000000 0.005873 0.893076 0.002787 0.946978
161800.000000 0.005873 0.893066 0.002792 0.946876
161900.000000 0.005871 0.893104 0.002782 0.947063
162000.000000 0.005871 0.893112 0.002784 0.947017
162100.000000 0.005870 0.893120 0.002791 0.946887
162200.000000 0.005870 0.893129 0.002787 0.946966
162300.000000 0.005868 0.893162 0.002775 0.947188
162400.000000 0.005867 0.893177 0.002774 0.947217
162500.000000 0.005866 0.893187 0.002776 0.947175
162600.000000 0.005865 0.893210 0.002781 0.947086
162700.000000 0.005865 0.893205 0.002768 0.947339
162800.000000 0.005864 0.893230 0.002784 0.947024
162900.000000 0.005863 0.893258 0.002777 0.947166
163000.000000 0.005864 0.893240 0.002773 0.947232
163100.000000 0.005861 0.893286 0.002771 0.947274
163200.000000 0.005860 0.893296 0.002775 0.947199
163300.000000 0.005860 0.893307 0.002766 0.947372
163400.000000 0.005859 0.893331 0.002769 0.947317
163500.000000 0.005858 0.893347 0.002770 0.947293
163600.000000 0.005857 0.893359 0.002774 0.947214
163700.000000 0.005857 0.893357 0.002762 0.947450
163800.000000 0.005856 0.893369 0.002778 0.947134
163900.000000 0.005854 0.893404 0.002768 0.947321
164000.000000 0.005855 0.893391 0.002774 0.947213
164100.000000 0.005853 0.893434 0.002763 0.947430
164200.000000 0.005853 0.893430 0.002773 0.947238
164300.000000 0.005852 0.893458 0.002765 0.947391
164400.000000 0.005850 0.893478 0.002766 0.947366
164500.000000 0.005850 0.893490 0.002765 0.947384
164600.000000 0.005849 0.893499 0.002760 0.947488
164700.000000 0.005848 0.893522 0.002758 0.947516
164800.000000 0.005848 0.893528 0.002765 0.947380
164900.000000 0.005847 0.893547 0.002763 0.947418
165000.000000 0.005846 0.893560 0.002758 0.947524
165100.000000 0.005846 0.893554 0.002750 0.947667
165200.000000 0.005844 0.893593 0.002756 0.947559
165300.000000 0.005845 0.893585 0.002747 0.947726
165400.000000 0.005843 0.893617 0.002751 0.947656
165500.000000 0.005842 0.893634 0.002754 0.947604
165600.000000 0.005841 0.893649 0.002756 0.947557
165700.000000 0.005843 0.893620 0.002770 0.947301
165800.000000 0.005840 0.893669 0.002757 0.947548
165900.000000 0.005839 0.893693 0.002751 0.947645
166000.000000 0.005838 0.893707 0.002753 0.947610
166100.000000 0.005838 0.893700 0.002748 0.947703
166200.000000 0.005838 0.893705 0.002758 0.947530
166300.000000 0.005837 0.893730 0.002753 0.947623
166400.000000 0.005836 0.893743 0.002740 0.947864
166500.000000 0.005834 0.893778 0.002749 0.947690
166600.000000 0.005835 0.893767 0.002760 0.947484
166700.000000 0.005832 0.893806 0.002746 0.947741
166800.000000 0.005832 0.893816 0.002747 0.947730
166900.000000 0.005831 0.893832 0.002742 0.947827
167000.000000 0.005830 0.893845 0.002747 0.947721
167100.000000 0.005830 0.893851 0.002746 0.947755
167200.000000 0.005829 0.893875 0.002744 0.947779
167300.000000 0.005828 0.893882 0.002744 0.947778
167400.000000 0.005827 0.893901 0.002745 0.947766
167500.000000 0.005828 0.893891 0.002754 0.947594
167600.000000 0.005826 0.893917 0.002735 0.947954
167700.000000 0.005826 0.893915 0.002751 0.947653
167800.000000 0.005824 0.893957 0.002742 0.947832
167900.000000 0.005825 0.893947 0.002737 0.947912
168000.000000 0.005823 0.893985 0.002737 0.947919
168100.000000 0.005823 0.893981 0.002737 0.947919
168200.000000 0.005822 0.893992 0.002733 0.947995
168300.000000 0.005820 0.894025 0.002738 0.947909
168400.000000 0.005821 0.894013 0.002741 0.947837
168500.000000 0.005819 0.894048 0.002733 0.947996
168600.000000 0.005819 0.894056 0.002738 0.947907
168700.000000 0.005818 0.894075 0.002731 0.948027
168800.000000 0.005818 0.894077 0.002728 0.948098
168900.000000 0.005816 0.894097 0.002732 0.948015
169000.000000 0.005815 0.894115 0.002734 0.947984
169100.000000 0.005815 0.894130 0.002726 0.948136
169200.000000 0.005814 0.894139 0.002736 0.947931
169300.000000 0.005813 0.894161 0.002726 0.948134
169400.000000 0.005813 0.894167 0.002726 0.948121
169500.000000 0.005813 0.894166 0.002722 0.948199
169600.000000 0.005811 0.894203 0.002725 0.948143
169700.000000 0.005811 0.894195 0.002718 0.948281
169800.000000 0.005811 0.894188 0.002741 0.947850
169900.000000 0.005809 0.894241 0.002721 0.948228
170000.000000 0.005808 0.894250 0.002724 0.948167
170100.000000 0.005807 0.894270 0.002722 0.948197
170200.000000 0.005807 0.894265 0.002717 0.948299
170300.000000 0.005808 0.894251 0.002731 0.948028
170400.000000 0.005806 0.894278 0.002718 0.948282
170500.000000 0.005805 0.894308 0.002720 0.948234
170600.000000 0.005804 0.894332 0.002715 0.948337
170700.000000 0.005803 0.894342 0.002717 0.948300
170800.000000 0.005803 0.894344 0.002712 0.948396
170900.000000 0.005802 0.894364 0.002726 0.948137
171000.000000 0.005801 0.894382 0.002719 0.948258
171100.000000 0.005800 0.894396 0.002721 0.948226
171200.000000 0.005799 0.894412 0.002713 0.948381
171300.000000 0.005798 0.894426 0.002718 0.948277
171400.000000 0.005798 0.894438 0.002718 0.948288
171500.000000 0.005798 0.894435 0.002708 0.948481
171600.000000 0.005797 0.894446 0.002707 0.948488
171700.000000 0.005796 0.894477 0.002717 0.948309
171800.000000 0.005795 0.894487 0.002716 0.948326
171900.000000 0.005795 0.894488 0.002717 0.948304
172000.000000 0.005794 0.894503 0.002719 0.948263
172100.000000 0.005793 0.894517 0.002706 0.948503
172200.000000 0.005792 0.894539 0.002704 0.948551
172300.000000 0.005791 0.894556 0.002708 0.948472
172400.000000 0.005791 0.894568 0.002709 0.948449
172500.000000 0.005790 0.894577 0.002702 0.948582
172600.000000 0.005791 0.894567 0.002711 0.948415
172700.000000 0.005788 0.894608 0.002706 0.948516
172800.000000 0.005788 0.894620 0.002705 0.948520
172900.000000 0.005788 0.894623 0.002703 0.948568
173000.000000 0.005787 0.894628 0.002703 0.948570
173100.000000 0.005786 0.894643 0.002695 0.948716
173200.000000 0.005786 0.894658 0.002711 0.948414
173300.000000 0.005784 0.894681 0.002701 0.948598
173400.000000 0.005784 0.894681 0.002699 0.948649
173500.000000 0.005783 0.894698 0.002701 0.948608
173600.000000 0.005782 0.894720 0.002696 0.948697
173700.000000 0.005782 0.894721 0.002696 0.948696
173800.000000 0.005781 0.894749 0.002697 0.948691
173900.000000 0.005780 0.894759 0.002697 0.948681
174000.000000 0.005781 0.894749 0.002699 0.948643
174100.000000 0.005779 0.894783 0.002691 0.948788
174200.000000 0.005778 0.894795 0.002698 0.948669
174300.000000 0.005778 0.894797 0.002694 0.948738
174400.000000 0.005777 0.894809 0.002700 0.948626
174500.000000 0.005776 0.894826 0.002691 0.948788
174600.000000 0.005776 0.894836 0.002693 0.948758
174700.000000 0.005775 0.894855 0.002696 0.948707
174800.000000 0.005775 0.894856 0.002686 0.948887
174900.000000 0.005773 0.894882 0.002688 0.948849
175000.000000 0.005773 0.894893 0.002688 0.948844
175100.000000 0.005773 0.894894 0.002697 0.948677
175200.000000 0.005773 0.894883 0.002679 0.949024
175300.000000 0.005771 0.894918 0.002686 0.948887
175400.000000 0.005771 0.894930 0.002681 0.948979
175500.000000 0.005769 0.894956 0.002690 0.948811
175600.000000 0.005768 0.894971 0.002686 0.948885
175700.000000 0.005769 0.894962 0.002693 0.948753
175800.000000 0.005767 0.894988 0.002688 0.948860
175900.000000 0.005767 0.894992 0.002691 0.948790
176000.000000 0.005766 0.895015 0.002686 0.948881
176100.000000 0.005766 0.895010 0.002686 0.948891
176200.000000 0.005765 0.895036 0.002685 0.948914
176300.000000 0.005764 0.895044 0.002679 0.949018
176400.000000 0.005763 0.895067 0.002679 0.949018
176500.000000 0.005763 0.895077 0.002685 0.948915
176600.000000 0.005762 0.895087 0.002683 0.948957
176700.000000 0.005762 0.895087 0.002690 0.948814
176800.000000 0.005762 0.895094 0.002686 0.948891
176900.000000 0.005761 0.895113 0.002674 0.949121
177000.000000 0.005760 0.895131 0.002674 0.949125
177100.000000 0.005759 0.895134 0.002685 0.948906
177200.000000 0.005759 0.895150 0.002677 0.949064
177300.000000 0.005758 0.895155 0.002676 0.949077
177400.000000 0.005757 0.895181 0.002679 0.949020
177500.000000 0.005756 0.895195 0.002679 0.949030
177600.000000 0.005756 0.895195 0.002678 0.949050
177700.000000 0.005755 0.895216 0.002679 0.949019
177800.000000 0.005756 0.895199 0.002673 0.949144
177900.000000 0.005753 0.895244 0.002674 0.949112
178000.000000 0.005754 0.895235 0.002672 0.949165
178100.000000 0.005754 0.895233 0.002668 0.949225
178200.000000 0.005753 0.895260 0.002676 0.949081
178300.000000 0.005751 0.895284 0.002670 0.949189
178400.000000 0.005750 0.895300 0.002667 0.949258
178500.000000 0.005750 0.895315 0.002667 0.949247
178600.000000 0.005749 0.895323 0.002663 0.949330
178700.000000 0.005749 0.895334 0.002666 0.949269
178800.000000 0.005748 0.895344 0.002664 0.949300
178900.000000 0.005748 0.895352 0.002670 0.949191
179000.000000 0.005747 0.895361 0.002661 0.949373
179100.000000 0.005747 0.895370 0.002658 0.949415
179200.000000 0.005748 0.895344 0.002657 0.949448
179300.000000 0.005746 0.895388 0.002664 0.949313
179400.000000 0.005744 0.895409 0.002670 0.949193
179500.000000 0.005744 0.895419 0.002671 0.949185
179600.000000 0.005743 0.895432 0.002659 0.949398
179700.000000 0.005743 0.895439 0.002667 0.949246
179800.000000 0.005742 0.895447 0.002653 0.949518
179900.000000 0.005741 0.895463 0.002654 0.949496
180000.000000 0.005742 0.895461 0.002656 0.949461
180100.000000 0.005740 0.895486 0.002668 0.949235
180200.000000 0.005739 0.895503 0.002665 0.949297
180300.000000 0.005739 0.895514 0.002665 0.949294
180400.000000 0.005738 0.895525 0.002660 0.949380
180500.000000 0.005739 0.895502 0.002648 0.949613
180600.000000 0.005737 0.895536 0.002657 0.949450
180700.000000 0.005737 0.895550 0.002647 0.949634
180800.000000 0.005735 0.895574 0.002653 0.949512
180900.000000 0.005735 0.895582 0.002660 0.949387
181000.000000 0.005735 0.895584 0.002647 0.949629
181100.000000 0.005734 0.895605 0.002650 0.949582
181200.000000 0.005734 0.895590 0.002657 0.949444
181300.000000 0.005732 0.895630 0.002651 0.949549
181400.000000 0.005732 0.895639 0.002648 0.949622
181500.000000 0.005732 0.895634 0.002649 0.949595
181600.000000 0.005731 0.895655 0.002652 0.949533
181700.000000 0.005730 0.895670 0.002653 0.949517
181800.000000 0.005731 0.895654 0.002643 0.949714
181900.000000 0.005729 0.895682 0.002642 0.949722
182000.000000 0.005729 0.895688 0.002642 0.949723
182100.000000 0.005728 0.895716 0.002641 0.949739
182200.000000 0.005728 0.895707 0.002659 0.949398
182300.000000 0.005727 0.895720 0.002637 0.949830
182400.000000 0.005726 0.895749 0.002640 0.949760
182500.000000 0.005727 0.895722 0.002656 0.949464
182600.000000 0.005725 0.895768 0.002639 0.949785
182700.000000 0.005725 0.895754 0.002632 0.949915
182800.000000 0.005724 0.895788 0.002648 0.949611
182900.000000 0.005723 0.895800 0.002638 0.949812
183000.000000 0.005722 0.895808 0.002650 0.949574
183100.000000 0.005722 0.895823 0.002642 0.949720
183200.000000 0.005721 0.895840 0.002641 0.949744
183300.000000 0.005721 0.895842 0.002646 0.949647
183400.000000 0.005720 0.895845 0.002650 0.949580
183500.000000 0.005719 0.895864 0.002638 0.949813
183600.000000 0.005718 0.895883 0.002638 0.949805
183700.000000 0.005718 0.895889 0.002642 0.949736
183800.000000 0.005718 0.895886 0.002647 0.949633
183900.000000 0.005718 0.895888 0.002646 0.949649
184000.000000 0.005717 0.895904 0.002627 0.950013
184100.000000 0.005716 0.895929 0.002643 0.949711
184200.000000 0.005716 0.895927 0.002645 0.949661
184300.000000 0.005714 0.895955 0.002639 0.949781
184400.000000 0.005714 0.895956 0.002628 0.949986
184500.000000 0.005714 0.895970 0.002628 0.949989
184600.000000 0.005716 0.895920 0.002649 0.949597
184700.000000 0.005712 0.895996 0.002637 0.949815
184800.000000 0.005711 0.896010 0.002631 0.949942
184900.000000 0.005712 0.896008 0.002641 0.949739
185000.000000 0.005711 0.896025 0.002635 0.949865
185100.000000 0.005710 0.896036 0.002637 0.949821
185200.000000 0.005711 0.896017 0.002642 0.949731
185300.000000 0.005709 0.896060 0.002632 0.949921
185400.000000 0.005709 0.896050 0.002641 0.949738
185500.000000 0.005707 0.896085 0.002628 0.949993
185600.000000 0.005707 0.896085 0.002622 0.950115
185700.000000 0.005708 0.896069 0.002636 0.949841
185800.000000 0.005706 0.896115 0.002627 0.950022
185900.000000 0.005707 0.896085 0.002641 0.949741
186000.000000 0.005705 0.896128 0.002631 0.949929
186100.000000 0.005704 0.896140 0.002628 0.950001
186200.000000 0.005705 0.896125 0.002621 0.950131
186300.000000 0.005705 0.896124 0.002640 0.949757
186400.000000 0.005702 0.896175 0.002622 0.950108
186500.000000 0.005703 0.896164 0.002636 0.949834
186600.000000 0.005703 0.896163 0.002636 0.949836
186700.000000 0.005701 0.896207 0.002625 0.950054
186800.000000 0.005700 0.896212 0.002624 0.950073
186900.000000 0.005700 0.896210 0.002619 0.950158
187000.000000 0.005699 0.896236 0.002622 0.950111
187100.000000 0.005699 0.896243 0.002626 0.950039
187200.000000 0.005698 0.896253 0.002616 0.950229
187300.000000 0.005698 0.896258 0.002627 0.950020
187400.000000 0.005698 0.896259 0.002630 0.949954
187500.000000 0.005696 0.896285 0.002622 0.950114
187600.000000 0.005697 0.896279 0.002625 0.950054
187700.000000 0.005695 0.896307 0.002615 0.950250
187800.000000 0.005695 0.896300 0.002627 0.950006
187900.000000 0.005694 0.896322 0.002613 0.950270
188000.000000 0.005694 0.896335 0.002618 0.950176
188100.000000 0.005693 0.896346 0.002617 0.950202
188200.000000 0.005692 0.896357 0.002616 0.950224
188300.000000 0.005692 0.896360 0.002615 0.950247
188400.000000 0.005691 0.896376 0.002611 0.950321
188500.000000 0.005691 0.896382 0.002607 0.950385
188600.000000 0.005690 0.896396 0.002612 0.950291
188700.000000 0.005690 0.896392 0.002605 0.950437
188800.000000 0.005689 0.896418 0.002611 0.950315
188900.000000 0.005689 0.896426 0.002610 0.950337
189000.000000 0.005688 0.896428 0.002613 0.950287
189100.000000 0.005688 0.896441 0.002617 0.950200
189200.000000 0.005688 0.896443 0.002617 0.950207
189300.000000 0.005688 0.896429 0.002625 0.950043
189400.000000 0.005686 0.896469 0.002613 0.950271
189500.000000 0.005685 0.896485 0.002606 0.950406
189600.000000 0.005685 0.896491 0.002607 0.950389
189700.000000 0.005685 0.896496 0.002608 0.950379
189800.000000 0.005685 0.896489 0.002598 0.950561
189900.000000 0.005683 0.896525 0.002607 0.950388
190000.000000 0.005683 0.896533 0.002606 0.950405
190100.000000 0.005684 0.896504 0.002610 0.950345
190200.000000 0.005682 0.896544 0.002603 0.950473
190300.000000 0.005681 0.896558 0.002611 0.950313
190400.000000 0.005681 0.896570 0.002607 0.950401
190500.000000 0.005680 0.896575 0.002601 0.950500
190600.000000 0.005680 0.896587 0.002604 0.950459
190700.000000 0.005679 0.896601 0.002605 0.950433
190800.000000 0.005679 0.896603 0.002602 0.950483
190900.000000 0.005678 0.896620 0.002605 0.950430
191000.000000 0.005678 0.896625 0.002607 0.950394
191100.000000 0.005677 0.896638 0.002606 0.950421
191200.000000 0.005676 0.896648 0.002604 0.950459
191300.000000 0.005676 0.896647 0.002594 0.950635
191400.000000 0.005676 0.896661 0.002606 0.950414
191500.000000 0.005675 0.896675 0.002603 0.950472
191600.000000 0.005675 0.896673 0.002595 0.950629
191700.000000 0.005674 0.896685 0.002607 0.950392
191800.000000 0.005674 0.896700 0.002606 0.950412
191900.000000 0.005673 0.896715 0.002599 0.950544
192000.000000 0.005672 0.896723 0.002597 0.950582
192100.000000 0.005673 0.896717 0.002590 0.950708
192200.000000 0.005672 0.896735 0.002592 0.950681
192300.000000 0.005671 0.896740 0.002601 0.950509
192400.000000 0.005671 0.896745 0.002602 0.950490
192500.000000 0.005671 0.896751 0.002602 0.950488
192600.000000 0.005669 0.896776 0.002590 0.950709
192700.000000 0.005670 0.896770 0.002586 0.950798
192800.000000 0.005668 0.896798 0.002597 0.950585
192900.000000 0.005669 0.896779 0.002607 0.950391
193000.000000 0.005668 0.896807 0.002589 0.950732
193100.000000 0.005667 0.896820 0.002587 0.950779
193200.000000 0.005667 0.896827 0.002588 0.950755
193300.000000 0.005666 0.896841 0.002597 0.950588
193400.000000 0.005666 0.896842 0.002592 0.950672
193500.000000 0.005664 0.896865 0.002589 0.950729
193600.000000 0.005665 0.896855 0.002588 0.950755
193700.000000 0.005664 0.896877 0.002592 0.950677
193800.000000 0.005664 0.896881 0.002587 0.950779
193900.000000 0.005663 0.896889 0.002597 0.950580
194000.000000 0.005663 0.896898 0.002595 0.950627
194100.000000 0.005662 0.896914 0.002589 0.950731
194200.000000 0.005661 0.896919 0.002585 0.950805
194300.000000 0.005662 0.896903 0.002603 0.950476
194400.000000 0.005660 0.896941 0.002590 0.950716
194500.000000 0.005660 0.896952 0.002586 0.950790
194600.000000 0.005660 0.896949 0.002587 0.950766
194700.000000 0.005659 0.896966 0.002579 0.950918
194800.000000 0.005658 0.896975 0.002578 0.950951
194900.000000 0.005658 0.896991 0.002586 0.950795
195000.000000 0.005657 0.896993 0.002578 0.950942
195100.000000 0.005657 0.897005 0.002587 0.950769
195200.000000 0.005656 0.897018 0.002582 0.950867
195300.000000 0.005656 0.897010 0.002586 0.950789
195400.000000 0.005656 0.897023 0.002582 0.950876
195500.000000 0.005654 0.897046 0.002578 0.950936
195600.000000 0.005655 0.897039 0.002570 0.951107
195700.000000 0.005657 0.896998 0.002564 0.951216
195800.000000 0.005653 0.897070 0.002581 0.950888
195900.000000 0.005653 0.897065 0.002575 0.951012
196000.000000 0.005652 0.897085 0.002573 0.951044
196100.000000 0.005652 0.897098 0.002575 0.951000
196200.000000 0.005652 0.897093 0.002583 0.950856
196300.000000 0.005651 0.897115 0.002576 0.950984
196400.000000 0.005651 0.897107 0.002586 0.950793
196500.000000 0.005650 0.897129 0.002579 0.950922
196600.000000 0.005649 0.897143 0.002578 0.950954
196700.000000 0.005649 0.897139 0.002578 0.950943
196800.000000 0.005648 0.897159 0.002573 0.951050
196900.000000 0.005648 0.897166 0.002577 0.950973
197000.000000 0.005648 0.897158 0.002565 0.951189
197100.000000 0.005647 0.897181 0.002578 0.950954
197200.000000 0.005647 0.897189 0.002573 0.951032
197300.000000 0.005646 0.897203 0.002574 0.951026
197400.000000 0.005646 0.897205 0.002566 0.951177
197500.000000 0.005645 0.897218 0.002567 0.951150
197600.000000 0.005644 0.897228 0.002570 0.951101
197700.000000 0.005644 0.897238 0.002573 0.951035
197800.000000 0.005644 0.897230 0.002570 0.951103
197900.000000 0.005643 0.897252 0.002571 0.951077
198000.000000 0.005643 0.897256 0.002564 0.951212
198100.000000 0.005643 0.897251 0.002567 0.951159
198200.000000 0.005644 0.897241 0.002561 0.951267
198300.000000 0.005642 0.897265 0.002572 0.951059
198400.000000 0.005641 0.897289 0.002570 0.951089
198500.000000 0.005641 0.897300 0.002566 0.951170
198600.000000 0.005640 0.897306 0.002571 0.951076
198700.000000 0.005639 0.897321 0.002568 0.951143
198800.000000 0.005639 0.897325 0.002563 0.951240
198900.000000 0.005639 0.897326 0.002563 0.951223
199000.000000 0.005638 0.897346 0.002564 0.951203
199100.000000 0.005638 0.897347 0.002569 0.951113
199200.000000 0.005637 0.897356 0.002570 0.951102
199300.000000 0.005637 0.897366 0.002558 0.951324
199400.000000 0.005636 0.897383 0.002564 0.951213
199500.000000 0.005636 0.897381 0.002568 0.951138
199600.000000 0.005635 0.897392 0.002558 0.951321
199700.000000 0.005635 0.897393 0.002556 0.951361
199800.000000 0.005636 0.897384 0.002560 0.951282
199900.000000 0.005635 0.897408 0.002567 0.951150
200000.000000 0.005633 0.897429 0.002561 0.951262
