100.000000 0.034952 0.363617 0.033334 0.365726
200.000000 0.034710 0.368020 0.033073 0.370690
300.000000 0.034519 0.371501 0.032885 0.374266
400.000000 0.034335 0.374839 0.032732 0.377170
500.000000 0.034194 0.377409 0.032609 0.379516
600.000000 0.034000 0.380947 0.032403 0.383431
700.000000 0.033804 0.384518 0.032169 0.387884
800.000000 0.033686 0.386661 0.032088 0.389434
900.000000 0.033498 0.390093 0.031883 0.393317
1000.000000 0.033361 0.392586 0.031710 0.396619
1100.000000 0.033245 0.394688 0.031630 0.398146
1200.000000 0.033049 0.398259 0.031390 0.402703
1300.000000 0.032905 0.400885 0.031264 0.405108
1400.000000 0.032773 0.403285 0.031098 0.408264
1500.000000 0.032617 0.406134 0.030972 0.410668
1600.000000 0.032480 0.408620 0.030846 0.413068
1700.000000 0.032304 0.411826 0.030640 0.416983
1800.000000 0.032155 0.414539 0.030504 0.419567
1900.000000 0.031999 0.417374 0.030354 0.422421
2000.000000 0.031824 0.420561 0.030157 0.426164
2100.000000 0.031652 0.423697 0.029986 0.429416
2200.000000 0.031475 0.426920 0.029795 0.433064
2300.000000 0.031301 0.430093 0.029596 0.436844
2400.000000 0.031104 0.433674 0.029439 0.439827
2500.000000 0.030899 0.437401 0.029237 0.443683
2600.000000 0.030677 0.441449 0.028973 0.448708
2700.000000 0.030445 0.445680 0.028745 0.453028
2800.000000 0.030203 0.450077 0.028496 0.457770
2900.000000 0.029949 0.454706 0.028260 0.462275
3000.000000 0.029682 0.459570 0.027999 0.467236
3100.000000 0.029393 0.464831 0.027702 0.472879
3200.000000 0.029097 0.470225 0.027397 0.478678
3300.000000 0.028769 0.476186 0.027068 0.484946
3400.000000 0.028432 0.482332 0.026703 0.491891
3500.000000 0.028074 0.488847 0.026347 0.498673
3600.000000 0.027697 0.495711 0.025958 0.506061
3700.000000 0.027302 0.502895 0.025578 0.513307
3800.000000 0.026877 0.510638 0.025124 0.521942
3900.000000 0.026448 0.518451 0.024709 0.529843
4000.000000 0.025999 0.526622 0.024241 0.538739
4100.000000 0.025558 0.534653 0.023806 0.547010
4200.000000 0.025048 0.543937 0.023249 0.557612
4300.000000 0.024556 0.552898 0.022732 0.567456
4400.000000 0.024037 0.562339 0.022226 0.577083
4500.000000 0.023536 0.571460 0.021713 0.586850
4600.000000 0.023018 0.580897 0.021203 0.596540
4700.000000 0.022510 0.590148 0.020670 0.606696
4800.000000 0.022010 0.599262 0.020150 0.616579
4900.000000 0.021514 0.608275 0.019659 0.625931
5000.000000 0.021066 0.616444 0.019223 0.634230
5100.000000 0.020595 0.625020 0.018703 0.644108
5200.000000 0.020198 0.632254 0.018266 0.652440
5300.000000 0.019768 0.640075 0.017848 0.660396
5400.000000 0.019416 0.646485 0.017479 0.667407
5500.000000 0.019072 0.652745 0.017136 0.673931
5600.000000 0.018828 0.657186 0.016833 0.679698
5700.000000 0.018491 0.663328 0.016501 0.686013
5800.000000 0.018243 0.667838 0.016259 0.690629
5900.000000 0.018024 0.671829 0.016014 0.695277
6000.000000 0.017815 0.675627 0.015805 0.699265
6100.000000 0.017628 0.679041 0.015605 0.703065
6200.000000 0.017468 0.681952 0.015425 0.706499
6300.000000 0.017307 0.684888 0.015238 0.710044
6400.000000 0.017163 0.687504 0.015091 0.712852
6500.000000 0.017026 0.690006 0.014932 0.715869
6600.000000 0.016902 0.692258 0.014779 0.718786
6700.000000 0.016788 0.694328 0.014678 0.720702
6800.000000 0.016657 0.696715 0.014538 0.723362
6900.000000 0.016533 0.698976 0.014369 0.726579
7000.000000 0.016425 0.700945 0.014245 0.728938
7100.000000 0.016306 0.703108 0.014116 0.731400
7200.000000 0.016186 0.705289 0.013977 0.734052
7300.000000 0.016111 0.706652 0.013840 0.736646
7400.000000 0.015957 0.709458 0.013717 0.738985
7500.000000 0.015849 0.711426 0.013568 0.741826
7600.000000 0.015733 0.713534 0.013442 0.744227
7700.000000 0.015622 0.715561 0.013296 0.747003
7800.000000 0.015505 0.717694 0.013174 0.749319
7900.000000 0.015393 0.719736 0.013058 0.751533
8000.000000 0.015290 0.721599 0.012916 0.754234
8100.000000 0.015173 0.723744 0.012809 0.756263
8200.000000 0.015063 0.725745 0.012680 0.758715
8300.000000 0.014945 0.727889 0.012550 0.761206
8400.000000 0.014830 0.729987 0.012398 0.764085
8500.000000 0.014720 0.731983 0.012259 0.766727
8600.000000 0.014611 0.733976 0.012132 0.769153
8700.000000 0.014516 0.735700 0.011990 0.771858
8800.000000 0.014408 0.737672 0.011886 0.773835
8900.000000 0.014288 0.739855 0.011772 0.775998
9000.000000 0.014183 0.741758 0.011614 0.779015
9100.000000 0.014081 0.743618 0.011517 0.780853
9200.000000 0.013973 0.745587 0.011376 0.783531
9300.000000 0.013878 0.747324 0.011271 0.785528
9400.000000 0.013783 0.749047 0.011175 0.787362
9500.000000 0.013683 0.750873 0.011035 0.790017
9600.000000 0.013603 0.752326 0.010940 0.791837
9700.000000 0.013483 0.754516 0.010787 0.794744
9800.000000 0.013392 0.756170 0.010669 0.796987
9900.000000 0.013303 0.757779 0.010561 0.799036
10000.000000 0.013218 0.759330 0.010454 0.801075
10100.000000 0.013137 0.760813 0.010377 0.802536
10200.000000 0.013057 0.762270 0.010258 0.804816
10300.000000 0.012977 0.763723 0.010167 0.806548
10400.000000 0.012901 0.765107 0.010054 0.808699
10500.000000 0.012828 0.766442 0.009965 0.810376
10600.000000 0.012806 0.766837 0.009964 0.810413
10700.000000 0.012691 0.768934 0.009808 0.813376
10800.000000 0.012628 0.770080 0.009712 0.815193
10900.000000 0.012590 0.770774 0.009666 0.816077
11000.000000 0.012513 0.772173 0.009586 0.817606
11100.000000 0.012456 0.773212 0.009494 0.819341
11200.000000 0.012407 0.774100 0.009422 0.820709
11300.000000 0.012361 0.774932 0.009374 0.821629
11400.000000 0.012315 0.775780 0.009298 0.823070
11500.000000 0.012286 0.776300 0.009241 0.824169
11600.000000 0.012255 0.776868 0.009241 0.824166
11700.000000 0.012214 0.777616 0.009174 0.825429
11800.000000 0.012169 0.778433 0.009066 0.827484
11900.000000 0.012124 0.779255 0.009034 0.828093
12000.000000 0.012094 0.779790 0.009022 0.828330
12100.000000 0.012062 0.780375 0.008958 0.829551
12200.000000 0.012034 0.780891 0.008913 0.830410
12300.000000 0.012009 0.781343 0.008905 0.830564
12400.000000 0.011982 0.781835 0.008863 0.831358
12500.000000 0.011958 0.782276 0.008823 0.832121
12600.000000 0.011935 0.782694 0.008775 0.833030
12700.000000 0.011918 0.783002 0.008771 0.833100
12800.000000 0.011896 0.783403 0.008706 0.834335
12900.000000 0.011907 0.783211 0.008706 0.834332
13000.000000 0.011862 0.784019 0.008678 0.834872
13100.000000 0.011840 0.784429 0.008637 0.835654
13200.000000 0.011824 0.784718 0.008616 0.836048
13300.000000 0.011811 0.784956 0.008605 0.836264
13400.000000 0.011792 0.785290 0.008571 0.836910
13500.000000 0.011788 0.785365 0.008561 0.837095
13600.000000 0.011763 0.785824 0.008546 0.837391
13700.000000 0.011750 0.786060 0.008535 0.837595
13800.000000 0.011736 0.786318 0.008505 0.838164
13900.000000 0.011725 0.786522 0.008506 0.838140
14000.000000 0.011711 0.786774 0.008471 0.838811
14100.000000 0.011698 0.787003 0.008463 0.838968
14200.000000 0.011699 0.786984 0.008439 0.839422
14300.000000 0.011692 0.787119 0.008448 0.839248
14400.000000 0.011662 0.787657 0.008399 0.840192
14500.000000 0.011649 0.787893 0.008403 0.840101
14600.000000 0.011639 0.788084 0.008399 0.840187
14700.000000 0.011626 0.788328 0.008359 0.840940
14800.000000 0.011614 0.788544 0.008353 0.841055
14900.000000 0.011604 0.788728 0.008338 0.841353
15000.000000 0.011607 0.788661 0.008318 0.841721
15100.000000 0.011583 0.789109 0.008302 0.842033
15200.000000 0.011575 0.789252 0.008324 0.841605
15300.000000 0.011569 0.789361 0.008304 0.841994
15400.000000 0.011548 0.789742 0.008285 0.842356
15500.000000 0.011537 0.789933 0.008259 0.842856
15600.000000 0.011526 0.790146 0.008254 0.842938
15700.000000 0.011517 0.790313 0.008242 0.843174
15800.000000 0.011510 0.790423 0.008260 0.842818
15900.000000 0.011508 0.790466 0.008252 0.842974
16000.000000 0.011485 0.790892 0.008204 0.843893
16100.000000 0.011481 0.790967 0.008202 0.843931
16200.000000 0.011465 0.791245 0.008196 0.844048
16300.000000 0.011454 0.791449 0.008181 0.844337
16400.000000 0.011443 0.791648 0.008172 0.844493
16500.000000 0.011433 0.791840 0.008157 0.844791
16600.000000 0.011424 0.792001 0.008154 0.844842
16700.000000 0.011415 0.792164 0.008147 0.844969
16800.000000 0.011402 0.792405 0.008124 0.845416
16900.000000 0.011393 0.792559 0.008107 0.845739
17000.000000 0.011387 0.792668 0.008109 0.845701
17100.000000 0.011372 0.792942 0.008083 0.846204
17200.000000 0.011362 0.793128 0.008094 0.845988
17300.000000 0.011354 0.793281 0.008079 0.846281
17400.000000 0.011341 0.793501 0.008050 0.846814
17500.000000 0.011333 0.793648 0.008038 0.847048
17600.000000 0.011320 0.793885 0.008041 0.847001
17700.000000 0.011328 0.793749 0.008064 0.846554
17800.000000 0.011301 0.794238 0.008022 0.847361
17900.000000 0.011293 0.794385 0.008000 0.847779
18000.000000 0.011287 0.794488 0.008002 0.847734
18100.000000 0.011274 0.794728 0.007988 0.848013
18200.000000 0.011266 0.794875 0.007987 0.848029
18300.000000 0.011253 0.795108 0.007957 0.848597
18400.000000 0.011246 0.795237 0.007961 0.848514
18500.000000 0.011242 0.795306 0.007969 0.848360
18600.000000 0.011236 0.795420 0.007926 0.849175
18700.000000 0.011236 0.795415 0.007959 0.848547
18800.000000 0.011209 0.795906 0.007930 0.849103
18900.000000 0.011195 0.796168 0.007902 0.849643
19000.000000 0.011188 0.796301 0.007912 0.849453
19100.000000 0.011175 0.796539 0.007896 0.849754
19200.000000 0.011167 0.796683 0.007899 0.849699
19300.000000 0.011170 0.796626 0.007897 0.849735
19400.000000 0.011146 0.797057 0.007868 0.850285
19500.000000 0.011137 0.797221 0.007860 0.850445
19600.000000 0.011128 0.797395 0.007845 0.850730
19700.000000 0.011118 0.797567 0.007844 0.850747
19800.000000 0.011108 0.797743 0.007831 0.850998
19900.000000 0.011105 0.797813 0.007811 0.851380
20000.000000 0.011093 0.798028 0.007810 0.851394
20100.000000 0.011083 0.798205 0.007819 0.851215
20200.000000 0.011084 0.798186 0.007797 0.851646
20300.000000 0.011063 0.798562 0.007773 0.852095
20400.000000 0.011053 0.798754 0.007779 0.851980
20500.000000 0.011045 0.798892 0.007764 0.852267
20600.000000 0.011034 0.799092 0.007759 0.852370
20700.000000 0.011026 0.799252 0.007743 0.852666
20800.000000 0.011018 0.799389 0.007746 0.852601
20900.000000 0.011011 0.799519 0.007724 0.853033
21000.000000 0.010998 0.799748 0.007714 0.853222
21100.000000 0.010990 0.799894 0.007714 0.853214
21200.000000 0.010990 0.799904 0.007725 0.853016
21300.000000 0.010979 0.800108 0.007689 0.853685
21400.000000 0.010963 0.800384 0.007672 0.854008
21500.000000 0.010953 0.800578 0.007667 0.854109
21600.000000 0.010944 0.800732 0.007665 0.854152
21700.000000 0.010935 0.800908 0.007656 0.854320
21800.000000 0.010927 0.801055 0.007648 0.854468
21900.000000 0.010919 0.801190 0.007657 0.854309
22000.000000 0.010913 0.801301 0.007640 0.854634
22100.000000 0.010904 0.801468 0.007652 0.854403
22200.000000 0.010898 0.801568 0.007625 0.854911
22300.000000 0.010882 0.801870 0.007613 0.855146
22400.000000 0.010891 0.801705 0.007591 0.855550
22500.000000 0.010865 0.802178 0.007591 0.855560
22600.000000 0.010862 0.802239 0.007609 0.855215
22700.000000 0.010855 0.802349 0.007568 0.855990
22800.000000 0.010841 0.802618 0.007570 0.855961
22900.000000 0.010831 0.802792 0.007562 0.856107
23000.000000 0.010821 0.802976 0.007548 0.856372
23100.000000 0.010812 0.803145 0.007532 0.856684
23200.000000 0.010805 0.803265 0.007520 0.856912
23300.000000 0.010814 0.803097 0.007517 0.856960
23400.000000 0.010791 0.803515 0.007526 0.856787
23500.000000 0.010779 0.803745 0.007512 0.857058
23600.000000 0.010774 0.803840 0.007478 0.857708
23700.000000 0.010761 0.804078 0.007492 0.857433
23800.000000 0.010761 0.804078 0.007468 0.857899
23900.000000 0.010743 0.804390 0.007472 0.857816
24000.000000 0.010735 0.804547 0.007464 0.857969
24100.000000 0.010726 0.804698 0.007458 0.858087
24200.000000 0.010723 0.804766 0.007468 0.857900
24300.000000 0.010715 0.804914 0.007464 0.857966
24400.000000 0.010702 0.805151 0.007422 0.858772
24500.000000 0.010693 0.805313 0.007422 0.858774
24600.000000 0.010684 0.805464 0.007416 0.858886
24700.000000 0.010676 0.805615 0.007404 0.859121
24800.000000 0.010670 0.805725 0.007402 0.859155
24900.000000 0.010661 0.805898 0.007390 0.859387
25000.000000 0.010651 0.806071 0.007378 0.859612
25100.000000 0.010643 0.806219 0.007369 0.859782
25200.000000 0.010635 0.806357 0.007357 0.860012
25300.000000 0.010627 0.806515 0.007360 0.859959
25400.000000 0.010628 0.806488 0.007351 0.860118
25500.000000 0.010610 0.806817 0.007340 0.860328
25600.000000 0.010602 0.806966 0.007330 0.860515
25700.000000 0.010596 0.807079 0.007332 0.860479
25800.000000 0.010586 0.807260 0.007319 0.860732
25900.000000 0.010581 0.807347 0.007314 0.860832
26000.000000 0.010576 0.807441 0.007331 0.860507
26100.000000 0.010566 0.807614 0.007314 0.860828
26200.000000 0.010555 0.807817 0.007303 0.861031
26300.000000 0.010552 0.807874 0.007304 0.861010
26400.000000 0.010538 0.808130 0.007280 0.861480
26500.000000 0.010529 0.808286 0.007257 0.861919
26600.000000 0.010524 0.808380 0.007239 0.862248
26700.000000 0.010517 0.808515 0.007232 0.862393
26800.000000 0.010505 0.808727 0.007241 0.862214
26900.000000 0.010499 0.808846 0.007246 0.862122
27000.000000 0.010490 0.809007 0.007233 0.862363
27100.000000 0.010484 0.809120 0.007218 0.862661
27200.000000 0.010478 0.809230 0.007233 0.862370
27300.000000 0.010468 0.809397 0.007186 0.863260
27400.000000 0.010463 0.809491 0.007206 0.862885
27500.000000 0.010450 0.809723 0.007191 0.863174
27600.000000 0.010445 0.809823 0.007175 0.863475
27700.000000 0.010437 0.809968 0.007154 0.863864
27800.000000 0.010430 0.810087 0.007158 0.863795
27900.000000 0.010419 0.810296 0.007160 0.863749
28000.000000 0.010413 0.810405 0.007164 0.863690
28100.000000 0.010405 0.810553 0.007154 0.863875
28200.000000 0.010398 0.810681 0.007123 0.864472
28300.000000 0.010389 0.810834 0.007120 0.864527
28400.000000 0.010380 0.811009 0.007111 0.864683
28500.000000 0.010373 0.811125 0.007117 0.864579
28600.000000 0.010367 0.811244 0.007099 0.864928
28700.000000 0.010357 0.811431 0.007092 0.865044
28800.000000 0.010349 0.811575 0.007089 0.865102
28900.000000 0.010342 0.811696 0.007091 0.865072
29000.000000 0.010341 0.811715 0.007070 0.865478
29100.000000 0.010329 0.811936 0.007084 0.865198
29200.000000 0.010322 0.812068 0.007080 0.865279
29300.000000 0.010312 0.812247 0.007055 0.865754
29400.000000 0.010304 0.812396 0.007035 0.866139
29500.000000 0.010298 0.812499 0.007043 0.865992
29600.000000 0.010289 0.812670 0.007036 0.866119
29700.000000 0.010282 0.812793 0.007018 0.866468
29800.000000 0.010273 0.812947 0.007009 0.866636
29900.000000 0.010271 0.812991 0.007030 0.866241
30000.000000 0.010259 0.813217 0.007001 0.866793
30100.000000 0.010251 0.813362 0.006988 0.867040
30200.000000 0.010244 0.813477 0.006972 0.867342
30300.000000 0.010243 0.813510 0.006962 0.867533
30400.000000 0.010230 0.813734 0.006973 0.867309
30500.000000 0.010223 0.813873 0.006958 0.867596
30600.000000 0.010217 0.813975 0.006961 0.867538
30700.000000 0.010206 0.814168 0.006952 0.867719
30800.000000 0.010199 0.814305 0.006941 0.867933
30900.000000 0.010192 0.814434 0.006932 0.868096
31000.000000 0.010186 0.814547 0.006921 0.868301
31100.000000 0.010179 0.814673 0.006931 0.868113
31200.000000 0.010170 0.814828 0.006909 0.868541
31300.000000 0.010168 0.814872 0.006885 0.868993
31400.000000 0.010161 0.814992 0.006890 0.868894
31500.000000 0.010148 0.815235 0.006884 0.869009
31600.000000 0.010141 0.815357 0.006892 0.868861
31700.000000 0.010135 0.815462 0.006884 0.869009
31800.000000 0.010126 0.815630 0.006867 0.869335
31900.000000 0.010119 0.815757 0.006860 0.869463
32000.000000 0.010113 0.815866 0.006869 0.869304
32100.000000 0.010105 0.816011 0.006848 0.869686
32200.000000 0.010098 0.816147 0.006835 0.869936
32300.000000 0.010091 0.816265 0.006823 0.870179
32400.000000 0.010083 0.816410 0.006832 0.870000
32500.000000 0.010077 0.816517 0.006808 0.870463
32600.000000 0.010074 0.816581 0.006806 0.870499
32700.000000 0.010065 0.816742 0.006792 0.870753
32800.000000 0.010055 0.816920 0.006790 0.870801
32900.000000 0.010057 0.816890 0.006799 0.870633
33000.000000 0.010050 0.817012 0.006763 0.871318
33100.000000 0.010035 0.817283 0.006793 0.870734
33200.000000 0.010031 0.817353 0.006786 0.870869
33300.000000 0.010020 0.817562 0.006768 0.871215
33400.000000 0.010030 0.817375 0.006800 0.870608
33500.000000 0.010006 0.817810 0.006748 0.871596
33600.000000 0.010000 0.817918 0.006747 0.871615
33700.000000 0.010010 0.817748 0.006734 0.871856
33800.000000 0.009985 0.818191 0.006742 0.871714
33900.000000 0.009982 0.818256 0.006720 0.872131
34000.000000 0.009973 0.818411 0.006710 0.872318
34100.000000 0.009965 0.818554 0.006716 0.872201
34200.000000 0.009957 0.818699 0.006710 0.872313
34300.000000 0.009952 0.818800 0.006713 0.872256
34400.000000 0.009943 0.818958 0.006689 0.872723
34500.000000 0.009962 0.818612 0.006699 0.872529
34600.000000 0.009942 0.818977 0.006695 0.872604
34700.000000 0.009925 0.819291 0.006690 0.872703
34800.000000 0.009918 0.819416 0.006656 0.873357
34900.000000 0.009912 0.819521 0.006664 0.873197
35000.000000 0.009910 0.819566 0.006677 0.872944
35100.000000 0.009897 0.819796 0.006635 0.873757
35200.000000 0.009891 0.819908 0.006632 0.873806
35300.000000 0.009882 0.820071 0.006631 0.873832
35400.000000 0.009875 0.820196 0.006626 0.873922
35500.000000 0.009877 0.820172 0.006637 0.873716
35600.000000 0.009862 0.820433 0.006605 0.874323
35700.000000 0.009855 0.820559 0.006609 0.874248
35800.000000 0.009851 0.820641 0.006602 0.874381
35900.000000 0.009846 0.820729 0.006614 0.874156
36000.000000 0.009836 0.820920 0.006579 0.874822
36100.000000 0.009833 0.820963 0.006577 0.874843
36200.000000 0.009831 0.820999 0.006607 0.874272
36300.000000 0.009819 0.821218 0.006558 0.875207
36400.000000 0.009810 0.821382 0.006555 0.875266
36500.000000 0.009804 0.821495 0.006543 0.875505
36600.000000 0.009797 0.821625 0.006562 0.875136
36700.000000 0.009792 0.821719 0.006548 0.875397
36800.000000 0.009783 0.821878 0.006540 0.875556
36900.000000 0.009776 0.821998 0.006522 0.875897
37000.000000 0.009781 0.821909 0.006538 0.875603
37100.000000 0.009768 0.822142 0.006525 0.875835
37200.000000 0.009758 0.822334 0.006511 0.876105
37300.000000 0.009750 0.822469 0.006507 0.876180
37400.000000 0.009750 0.822477 0.006512 0.876089
37500.000000 0.009737 0.822707 0.006493 0.876455
37600.000000 0.009733 0.822785 0.006487 0.876556
37700.000000 0.009731 0.822819 0.006465 0.876983
37800.000000 0.009722 0.822982 0.006456 0.877160
37900.000000 0.009712 0.823178 0.006464 0.877004
38000.000000 0.009706 0.823283 0.006453 0.877208
38100.000000 0.009698 0.823423 0.006453 0.877208
38200.000000 0.009694 0.823496 0.006431 0.877627
38300.000000 0.009686 0.823651 0.006439 0.877480
38400.000000 0.009680 0.823748 0.006443 0.877409
38500.000000 0.009672 0.823890 0.006425 0.877742
38600.000000 0.009667 0.823984 0.006417 0.877889
38700.000000 0.009661 0.824100 0.006413 0.877965
38800.000000 0.009659 0.824140 0.006410 0.878022
38900.000000 0.009647 0.824348 0.006400 0.878213
39000.000000 0.009642 0.824435 0.006400 0.878218
39100.000000 0.009636 0.824550 0.006385 0.878513
39200.000000 0.009629 0.824677 0.006374 0.878724
39300.000000 0.009626 0.824735 0.006382 0.878560
39400.000000 0.009621 0.824824 0.006394 0.878343
39500.000000 0.009615 0.824935 0.006353 0.879118
39600.000000 0.009610 0.825023 0.006370 0.878783
39700.000000 0.009600 0.825200 0.006353 0.879109
39800.000000 0.009597 0.825267 0.006373 0.878737
39900.000000 0.009586 0.825464 0.006330 0.879549
40000.000000 0.009582 0.825537 0.006325 0.879639
40100.000000 0.009575 0.825661 0.006342 0.879329
40200.000000 0.009570 0.825755 0.006329 0.879580
40300.000000 0.009561 0.825925 0.006316 0.879822
40400.000000 0.009556 0.826006 0.006313 0.879872
40500.000000 0.009549 0.826129 0.006292 0.880267
40600.000000 0.009545 0.826208 0.006282 0.880461
40700.000000 0.009538 0.826340 0.006278 0.880532
40800.000000 0.009529 0.826493 0.006284 0.880425
40900.000000 0.009524 0.826598 0.006280 0.880510
41000.000000 0.009517 0.826718 0.006278 0.880535
41100.000000 0.009512 0.826807 0.006257 0.880936
41200.000000 0.009506 0.826927 0.006261 0.880865
41300.000000 0.009499 0.827039 0.006262 0.880848
41400.000000 0.009494 0.827144 0.006258 0.880926
41500.000000 0.009491 0.827192 0.006266 0.880770
41600.000000 0.009481 0.827367 0.006249 0.881101
41700.000000 0.009477 0.827446 0.006229 0.881473
41800.000000 0.009471 0.827559 0.006241 0.881245
41900.000000 0.009463 0.827708 0.006215 0.881733
42000.000000 0.009458 0.827798 0.006226 0.881523
42100.000000 0.009457 0.827808 0.006204 0.881946
42200.000000 0.009445 0.828032 0.006197 0.882087
42300.000000 0.009439 0.828143 0.006203 0.881978
42400.000000 0.009437 0.828171 0.006208 0.881866
42500.000000 0.009430 0.828302 0.006172 0.882566
42600.000000 0.009423 0.828435 0.006198 0.882065
42700.000000 0.009429 0.828313 0.006211 0.881810
42800.000000 0.009410 0.828664 0.006159 0.882804
42900.000000 0.009404 0.828777 0.006174 0.882513
43000.000000 0.009403 0.828793 0.006177 0.882465
43100.000000 0.009392 0.828991 0.006162 0.882747
43200.000000 0.009391 0.829011 0.006160 0.882787
43300.000000 0.009384 0.829132 0.006151 0.882965
43400.000000 0.009375 0.829298 0.006136 0.883238
43500.000000 0.009373 0.829347 0.006135 0.883271
43600.000000 0.009364 0.829498 0.006115 0.883650
43700.000000 0.009362 0.829542 0.006133 0.883296
43800.000000 0.009352 0.829731 0.006105 0.883841
43900.000000 0.009347 0.829822 0.006113 0.883678
44000.000000 0.009346 0.829831 0.006104 0.883853
44100.000000 0.009334 0.830054 0.006090 0.884125
44200.000000 0.009329 0.830148 0.006093 0.884069
44300.000000 0.009324 0.830240 0.006074 0.884431
44400.000000 0.009317 0.830367 0.006082 0.884264
44500.000000 0.009312 0.830457 0.006064 0.884621
44600.000000 0.009307 0.830537 0.006065 0.884597
44700.000000 0.009307 0.830540 0.006092 0.884073
44800.000000 0.009294 0.830788 0.006057 0.884745
44900.000000 0.009289 0.830875 0.006047 0.884941
45000.000000 0.009285 0.830941 0.006040 0.885079
45100.000000 0.009280 0.831027 0.006051 0.884866
45200.000000 0.009273 0.831170 0.006049 0.884901
45300.000000 0.009267 0.831269 0.006036 0.885144
45400.000000 0.009260 0.831403 0.006019 0.885463
45500.000000 0.009254 0.831500 0.006027 0.885313
45600.000000 0.009249 0.831599 0.006016 0.885530
45700.000000 0.009244 0.831698 0.006017 0.885506
45800.000000 0.009238 0.831792 0.006000 0.885829
45900.000000 0.009233 0.831891 0.006008 0.885673
46000.000000 0.009226 0.832013 0.005985 0.886123
46100.000000 0.009221 0.832112 0.005981 0.886199
46200.000000 0.009215 0.832211 0.005976 0.886282
46300.000000 0.009210 0.832307 0.005976 0.886280
46400.000000 0.009211 0.832287 0.005980 0.886206
46500.000000 0.009201 0.832473 0.005959 0.886618
46600.000000 0.009198 0.832528 0.005980 0.886204
46700.000000 0.009188 0.832712 0.005959 0.886611
46800.000000 0.009185 0.832768 0.005948 0.886828
46900.000000 0.009176 0.832922 0.005946 0.886858
47000.000000 0.009174 0.832967 0.005944 0.886890
47100.000000 0.009166 0.833106 0.005937 0.887028
47200.000000 0.009161 0.833207 0.005933 0.887103
47300.000000 0.009154 0.833323 0.005919 0.887372
47400.000000 0.009152 0.833372 0.005916 0.887434
47500.000000 0.009144 0.833517 0.005906 0.887612
47600.000000 0.009138 0.833618 0.005906 0.887615
47700.000000 0.009133 0.833716 0.005903 0.887676
47800.000000 0.009127 0.833813 0.005894 0.887845
47900.000000 0.009122 0.833909 0.005886 0.888003
48000.000000 0.009117 0.834006 0.005892 0.887893
48100.000000 0.009111 0.834107 0.005875 0.888206
48200.000000 0.009107 0.834190 0.005869 0.888328
48300.000000 0.009101 0.834297 0.005866 0.888373
48400.000000 0.009098 0.834351 0.005860 0.888488
48500.000000 0.009092 0.834461 0.005864 0.888428
48600.000000 0.009089 0.834507 0.005862 0.888458
48700.000000 0.009080 0.834677 0.005851 0.888668
48800.000000 0.009075 0.834767 0.005851 0.888666
48900.000000 0.009071 0.834844 0.005833 0.889011
49000.000000 0.009064 0.834960 0.005833 0.889001
49100.000000 0.009060 0.835042 0.005837 0.888942
49200.000000 0.009053 0.835163 0.005816 0.889324
49300.000000 0.009049 0.835232 0.005815 0.889357
49400.000000 0.009044 0.835339 0.005812 0.889417
49500.000000 0.009037 0.835462 0.005807 0.889500
49600.000000 0.009034 0.835522 0.005790 0.889836
49700.000000 0.009032 0.835545 0.005803 0.889584
49800.000000 0.009023 0.835719 0.005788 0.889860
49900.000000 0.009017 0.835824 0.005794 0.889750
50000.000000 0.009013 0.835901 0.005797 0.889686
50100.000000 0.009009 0.835960 0.005800 0.889632
50200.000000 0.009003 0.836075 0.005775 0.890118
50300.000000 0.008995 0.836219 0.005763 0.890341
50400.000000 0.008991 0.836289 0.005771 0.890195
50500.000000 0.008987 0.836367 0.005768 0.890243
50600.000000 0.008983 0.836441 0.005764 0.890326
50700.000000 0.008976 0.836578 0.005738 0.890809
50800.000000 0.008976 0.836574 0.005746 0.890656
50900.000000 0.008967 0.836731 0.005747 0.890643
51000.000000 0.008960 0.836859 0.005741 0.890764
51100.000000 0.008957 0.836913 0.005738 0.890821
51200.000000 0.008956 0.836928 0.005724 0.891075
51300.000000 0.008944 0.837149 0.005714 0.891268
51400.000000 0.008940 0.837222 0.005705 0.891443
51500.000000 0.008947 0.837091 0.005696 0.891617
51600.000000 0.008933 0.837344 0.005708 0.891391
51700.000000 0.008924 0.837519 0.005702 0.891507
51800.000000 0.008921 0.837566 0.005693 0.891682
51900.000000 0.008915 0.837689 0.005693 0.891674
52000.000000 0.008911 0.837748 0.005692 0.891695
52100.000000 0.008904 0.837874 0.005684 0.891852
52200.000000 0.008899 0.837970 0.005668 0.892146
52300.000000 0.008895 0.838041 0.005679 0.891932
52400.000000 0.008893 0.838087 0.005653 0.892430
52500.000000 0.008884 0.838246 0.005661 0.892288
52600.000000 0.008881 0.838297 0.005643 0.892622
52700.000000 0.008876 0.838389 0.005665 0.892205
52800.000000 0.008869 0.838519 0.005643 0.892629
52900.000000 0.008870 0.838508 0.005659 0.892313
53000.000000 0.008863 0.838621 0.005660 0.892294
53100.000000 0.008856 0.838763 0.005621 0.893048
53200.000000 0.008864 0.838604 0.005623 0.893005
53300.000000 0.008846 0.838946 0.005632 0.892825
53400.000000 0.008841 0.839036 0.005603 0.893386
53500.000000 0.008834 0.839150 0.005606 0.893330
53600.000000 0.008830 0.839225 0.005597 0.893495
53700.000000 0.008826 0.839300 0.005593 0.893576
53800.000000 0.008823 0.839346 0.005600 0.893440
53900.000000 0.008820 0.839413 0.005597 0.893498
54000.000000 0.008810 0.839589 0.005591 0.893613
54100.000000 0.008805 0.839682 0.005582 0.893788
54200.000000 0.008801 0.839763 0.005570 0.894008
54300.000000 0.008796 0.839853 0.005568 0.894059
54400.000000 0.008791 0.839929 0.005577 0.893890
54500.000000 0.008786 0.840031 0.005567 0.894076
54600.000000 0.008783 0.840089 0.005546 0.894478
54700.000000 0.008776 0.840203 0.005559 0.894226
54800.000000 0.008773 0.840264 0.005559 0.894216
54900.000000 0.008771 0.840310 0.005554 0.894310
55000.000000 0.008764 0.840431 0.005550 0.894393
55100.000000 0.008759 0.840525 0.005539 0.894599
55200.000000 0.008752 0.840642 0.005528 0.894806
55300.000000 0.008747 0.840731 0.005523 0.894913
55400.000000 0.008743 0.840807 0.005519 0.894979
55500.000000 0.008740 0.840872 0.005530 0.894774
55600.000000 0.008736 0.840948 0.005503 0.895288
55700.000000 0.008729 0.841070 0.005501 0.895329
55800.000000 0.008724 0.841151 0.005510 0.895162
55900.000000 0.008722 0.841195 0.005506 0.895224
56000.000000 0.008720 0.841228 0.005482 0.895688
56100.000000 0.008710 0.841414 0.005485 0.895622
56200.000000 0.008708 0.841454 0.005469 0.895932
56300.000000 0.008700 0.841589 0.005480 0.895719
56400.000000 0.008696 0.841664 0.005477 0.895775
56500.000000 0.008692 0.841739 0.005476 0.895803
56600.000000 0.008692 0.841743 0.005457 0.896161
56700.000000 0.008684 0.841882 0.005461 0.896092
56800.000000 0.008681 0.841945 0.005474 0.895849
56900.000000 0.008673 0.842085 0.005445 0.896389
57000.000000 0.008670 0.842144 0.005452 0.896252
57100.000000 0.008667 0.842189 0.005463 0.896048
57200.000000 0.008659 0.842343 0.005441 0.896472
57300.000000 0.008655 0.842413 0.005442 0.896455
57400.000000 0.008652 0.842468 0.005434 0.896604
57500.000000 0.008646 0.842579 0.005419 0.896883
57600.000000 0.008642 0.842654 0.005432 0.896644
57700.000000 0.008637 0.842734 0.005426 0.896757
57800.000000 0.008633 0.842817 0.005400 0.897256
57900.000000 0.008627 0.842916 0.005407 0.897110
58000.000000 0.008624 0.842978 0.005419 0.896892
58100.000000 0.008618 0.843083 0.005406 0.897132
58200.000000 0.008616 0.843131 0.005393 0.897384
58300.000000 0.008609 0.843252 0.005391 0.897425
58400.000000 0.008606 0.843301 0.005384 0.897559
58500.000000 0.008600 0.843417 0.005373 0.897770
58600.000000 0.008600 0.843416 0.005373 0.897770
58700.000000 0.008595 0.843503 0.005366 0.897891
58800.000000 0.008586 0.843667 0.005370 0.897813
58900.000000 0.008588 0.843637 0.005384 0.897548
59000.000000 0.008580 0.843771 0.005346 0.898268
59100.000000 0.008577 0.843841 0.005364 0.897926
59200.000000 0.008571 0.843946 0.005351 0.898178
59300.000000 0.008565 0.844048 0.005343 0.898337
59400.000000 0.008561 0.844123 0.005348 0.898244
59500.000000 0.008556 0.844217 0.005327 0.898632
59600.000000 0.008551 0.844313 0.005334 0.898506
59700.000000 0.008547 0.844384 0.005332 0.898535
59800.000000 0.008542 0.844464 0.005319 0.898788
59900.000000 0.008538 0.844549 0.005313 0.898908
60000.000000 0.008534 0.844618 0.005328 0.898621
60100.000000 0.008531 0.844665 0.005316 0.898844
60200.000000 0.008525 0.844787 0.005315 0.898869
60300.000000 0.008522 0.844829 0.005316 0.898841
60400.000000 0.008516 0.844939 0.005306 0.899032
60500.000000 0.008512 0.845018 0.005304 0.899067
60600.000000 0.008511 0.845040 0.005292 0.899295
60700.000000 0.008503 0.845174 0.005297 0.899206
60800.000000 0.008499 0.845264 0.005287 0.899400
60900.000000 0.008494 0.845339 0.005278 0.899574
61000.000000 0.008489 0.845429 0.005273 0.899658
61100.000000 0.008487 0.845480 0.005270 0.899713
61200.000000 0.008483 0.845541 0.005268 0.899761
61300.000000 0.008489 0.845430 0.005245 0.900206
61400.000000 0.008476 0.845679 0.005257 0.899966
61500.000000 0.008469 0.845796 0.005250 0.900100
61600.000000 0.008466 0.845850 0.005267 0.899776
61700.000000 0.008462 0.845923 0.005245 0.900190
61800.000000 0.008461 0.845948 0.005271 0.899710
61900.000000 0.008451 0.846120 0.005233 0.900422
62000.000000 0.008448 0.846176 0.005241 0.900283
62100.000000 0.008443 0.846274 0.005230 0.900489
62200.000000 0.008442 0.846298 0.005220 0.900680
62300.000000 0.008447 0.846205 0.005242 0.900254
62400.000000 0.008431 0.846497 0.005225 0.900587
62500.000000 0.008428 0.846553 0.005203 0.900999
62600.000000 0.008430 0.846511 0.005230 0.900478
62700.000000 0.008419 0.846717 0.005217 0.900733
62800.000000 0.008413 0.846820 0.005199 0.901082
62900.000000 0.008410 0.846882 0.005203 0.900990
63000.000000 0.008409 0.846898 0.005209 0.900887
63100.000000 0.008401 0.847038 0.005192 0.901205
63200.000000 0.008398 0.847092 0.005170 0.901626
63300.000000 0.008392 0.847195 0.005175 0.901523
63400.000000 0.008390 0.847247 0.005165 0.901727
63500.000000 0.008385 0.847333 0.005168 0.901662
63600.000000 0.008380 0.847430 0.005163 0.901755
63700.000000 0.008377 0.847482 0.005174 0.901556
63800.000000 0.008371 0.847579 0.005159 0.901840
63900.000000 0.008368 0.847641 0.005145 0.902091
64000.000000 0.008363 0.847725 0.005151 0.901989
64100.000000 0.008360 0.847779 0.005134 0.902303
64200.000000 0.008356 0.847866 0.005137 0.902246
64300.000000 0.008352 0.847937 0.005132 0.902351
64400.000000 0.008347 0.848016 0.005142 0.902163
64500.000000 0.008344 0.848069 0.005123 0.902510
64600.000000 0.008342 0.848119 0.005109 0.902779
64700.000000 0.008353 0.847919 0.005107 0.902827
64800.000000 0.008335 0.848245 0.005125 0.902478
64900.000000 0.008332 0.848293 0.005122 0.902536
65000.000000 0.008323 0.848454 0.005115 0.902667
65100.000000 0.008319 0.848535 0.005100 0.902957
65200.000000 0.008315 0.848599 0.005114 0.902687
65300.000000 0.008312 0.848660 0.005111 0.902752
65400.000000 0.008308 0.848737 0.005094 0.903062
65500.000000 0.008308 0.848738 0.005106 0.902833
65600.000000 0.008305 0.848787 0.005098 0.902995
65700.000000 0.008299 0.848904 0.005099 0.902982
65800.000000 0.008294 0.848992 0.005094 0.903070
65900.000000 0.008295 0.848974 0.005097 0.903022
66000.000000 0.008284 0.849174 0.005067 0.903592
66100.000000 0.008283 0.849190 0.005091 0.903127
66200.000000 0.008277 0.849297 0.005068 0.903574
66300.000000 0.008271 0.849400 0.005068 0.903562
66400.000000 0.008273 0.849362 0.005080 0.903344
66500.000000 0.008265 0.849518 0.005044 0.904021
66600.000000 0.008260 0.849612 0.005060 0.903727
66700.000000 0.008257 0.849659 0.005045 0.904008
66800.000000 0.008255 0.849700 0.005034 0.904210
66900.000000 0.008253 0.849734 0.005039 0.904108
67000.000000 0.008244 0.849905 0.005039 0.904123
67100.000000 0.008243 0.849911 0.005054 0.903831
67200.000000 0.008240 0.849978 0.005032 0.904242
67300.000000 0.008232 0.850113 0.005033 0.904233
67400.000000 0.008231 0.850128 0.005023 0.904420
67500.000000 0.008225 0.850248 0.005023 0.904431
67600.000000 0.008222 0.850304 0.005027 0.904339
67700.000000 0.008216 0.850411 0.005007 0.904730
67800.000000 0.008212 0.850477 0.004998 0.904891
67900.000000 0.008209 0.850538 0.005006 0.904737
68000.000000 0.008208 0.850551 0.005015 0.904581
68100.000000 0.008201 0.850686 0.004987 0.905108
68200.000000 0.008197 0.850756 0.004995 0.904963
68300.000000 0.008198 0.850734 0.005007 0.904735
68400.000000 0.008191 0.850863 0.004978 0.905286
68500.000000 0.008185 0.850967 0.004975 0.905341
68600.000000 0.008181 0.851038 0.004977 0.905296
68700.000000 0.008178 0.851096 0.004978 0.905285
68800.000000 0.008176 0.851142 0.004979 0.905257
68900.000000 0.008170 0.851243 0.004962 0.905578
69000.000000 0.008169 0.851271 0.004959 0.905637
69100.000000 0.008170 0.851249 0.004951 0.905798
69200.000000 0.008172 0.851217 0.004957 0.905672
69300.000000 0.008155 0.851514 0.004944 0.905930
69400.000000 0.008152 0.851564 0.004948 0.905842
69500.000000 0.008150 0.851617 0.004933 0.906140
69600.000000 0.008144 0.851724 0.004940 0.905998
69700.000000 0.008143 0.851733 0.004929 0.906216
69800.000000 0.008138 0.851827 0.004931 0.906176
69900.000000 0.008132 0.851932 0.004927 0.906248
70000.000000 0.008129 0.851992 0.004922 0.906336
70100.000000 0.008127 0.852024 0.004931 0.906164
70200.000000 0.008121 0.852133 0.004916 0.906453
70300.000000 0.008125 0.852056 0.004934 0.906111
70400.000000 0.008114 0.852264 0.004903 0.906712
70500.000000 0.008112 0.852302 0.004892 0.906908
70600.000000 0.008112 0.852298 0.004893 0.906891
70700.000000 0.008103 0.852469 0.004899 0.906776
70800.000000 0.008101 0.852503 0.004907 0.906627
70900.000000 0.008098 0.852552 0.004890 0.906952
71000.000000 0.008093 0.852644 0.004901 0.906740
71100.000000 0.008089 0.852715 0.004877 0.907201
71200.000000 0.008088 0.852743 0.004877 0.907207
71300.000000 0.008083 0.852832 0.004880 0.907138
71400.000000 0.008078 0.852914 0.004866 0.907407
71500.000000 0.008074 0.852988 0.004874 0.907258
71600.000000 0.008070 0.853063 0.004870 0.907342
71700.000000 0.008068 0.853111 0.004874 0.907250
71800.000000 0.008063 0.853191 0.004861 0.907499
71900.000000 0.008062 0.853220 0.004853 0.907650
72000.000000 0.008056 0.853317 0.004859 0.907545
72100.000000 0.008056 0.853317 0.004874 0.907264
72200.000000 0.008053 0.853367 0.004863 0.907473
72300.000000 0.008045 0.853516 0.004841 0.907887
72400.000000 0.008044 0.853546 0.004851 0.907695
72500.000000 0.008038 0.853641 0.004840 0.907903
72600.000000 0.008039 0.853622 0.004836 0.907983
72700.000000 0.008033 0.853743 0.004814 0.908407
72800.000000 0.008028 0.853834 0.004829 0.908120
72900.000000 0.008025 0.853879 0.004805 0.908561
73000.000000 0.008022 0.853936 0.004830 0.908099
73100.000000 0.008016 0.854042 0.004807 0.908528
73200.000000 0.008015 0.854071 0.004797 0.908719
73300.000000 0.008009 0.854173 0.004802 0.908618
73400.000000 0.008006 0.854230 0.004796 0.908733
73500.000000 0.008006 0.854224 0.004806 0.908559
73600.000000 0.007999 0.854365 0.004793 0.908793
73700.000000 0.008000 0.854336 0.004804 0.908588
73800.000000 0.007992 0.854490 0.004792 0.908810
73900.000000 0.007988 0.854551 0.004778 0.909079
74000.000000 0.007986 0.854598 0.004780 0.909044
74100.000000 0.007982 0.854669 0.004786 0.908935
74200.000000 0.007979 0.854722 0.004763 0.909364
74300.000000 0.007976 0.854773 0.004759 0.909450
74400.000000 0.007973 0.854825 0.004786 0.908937
74500.000000 0.007968 0.854917 0.004769 0.909262
74600.000000 0.007964 0.855001 0.004762 0.909396
74700.000000 0.007961 0.855049 0.004763 0.909370
74800.000000 0.007958 0.855107 0.004753 0.909552
74900.000000 0.007954 0.855171 0.004746 0.909690
75000.000000 0.007950 0.855246 0.004753 0.909555
75100.000000 0.007951 0.855225 0.004736 0.909885
75200.000000 0.007945 0.855349 0.004745 0.909711
75300.000000 0.007941 0.855417 0.004744 0.909736
75400.000000 0.007937 0.855491 0.004743 0.909758
75500.000000 0.007935 0.855517 0.004746 0.909693
75600.000000 0.007933 0.855563 0.004745 0.909709
75700.000000 0.007927 0.855678 0.004720 0.910193
75800.000000 0.007924 0.855726 0.004721 0.910176
75900.000000 0.007921 0.855770 0.004710 0.910370
76000.000000 0.007917 0.855858 0.004708 0.910424
76100.000000 0.007914 0.855901 0.004715 0.910289
76200.000000 0.007914 0.855911 0.004695 0.910668
76300.000000 0.007906 0.856050 0.004709 0.910394
76400.000000 0.007903 0.856115 0.004706 0.910446
76500.000000 0.007899 0.856179 0.004699 0.910593
76600.000000 0.007896 0.856231 0.004702 0.910529
76700.000000 0.007893 0.856291 0.004685 0.910851
76800.000000 0.007890 0.856350 0.004682 0.910903
76900.000000 0.007887 0.856392 0.004682 0.910905
77000.000000 0.007885 0.856427 0.004689 0.910775
77100.000000 0.007881 0.856510 0.004695 0.910666
77200.000000 0.007876 0.856597 0.004675 0.911044
77300.000000 0.007875 0.856624 0.004691 0.910740
77400.000000 0.007872 0.856675 0.004679 0.910960
77500.000000 0.007868 0.856738 0.004655 0.911428
77600.000000 0.007863 0.856836 0.004671 0.911118
77700.000000 0.007860 0.856892 0.004670 0.911144
77800.000000 0.007857 0.856949 0.004662 0.911285
77900.000000 0.007863 0.856829 0.004651 0.911494
78000.000000 0.007851 0.857062 0.004644 0.911626
78100.000000 0.007848 0.857115 0.004647 0.911585
78200.000000 0.007845 0.857159 0.004656 0.911409
78300.000000 0.007840 0.857247 0.004643 0.911658
78400.000000 0.007841 0.857239 0.004643 0.911651
78500.000000 0.007835 0.857346 0.004623 0.912034
78600.000000 0.007830 0.857430 0.004640 0.911707
78700.000000 0.007827 0.857484 0.004638 0.911756
78800.000000 0.007824 0.857537 0.004617 0.912141
78900.000000 0.007821 0.857606 0.004626 0.911980
79000.000000 0.007825 0.857525 0.004644 0.911628
79100.000000 0.007815 0.857705 0.004608 0.912326
79200.000000 0.007812 0.857768 0.004613 0.912219
79300.000000 0.007808 0.857836 0.004621 0.912080
79400.000000 0.007808 0.857827 0.004620 0.912083
79500.000000 0.007801 0.857957 0.004599 0.912488
79600.000000 0.007800 0.857984 0.004619 0.912101
79700.000000 0.007797 0.858028 0.004587 0.912720
79800.000000 0.007792 0.858134 0.004590 0.912660
79900.000000 0.007791 0.858146 0.004595 0.912563
80000.000000 0.007788 0.858194 0.004601 0.912447
80100.000000 0.007783 0.858292 0.004597 0.912533
80200.000000 0.007780 0.858349 0.004582 0.912821
80300.000000 0.007777 0.858397 0.004594 0.912583
80400.000000 0.007773 0.858465 0.004568 0.913080
80500.000000 0.007773 0.858476 0.004562 0.913188
80600.000000 0.007767 0.858588 0.004578 0.912897
80700.000000 0.007766 0.858593 0.004566 0.913115
80800.000000 0.007765 0.858621 0.004549 0.913446
80900.000000 0.007759 0.858733 0.004559 0.913260
81000.000000 0.007757 0.858756 0.004553 0.913368
81100.000000 0.007751 0.858870 0.004564 0.913161
81200.000000 0.007749 0.858919 0.004552 0.913385
81300.000000 0.007747 0.858944 0.004544 0.913536
81400.000000 0.007743 0.859012 0.004547 0.913487
81500.000000 0.007740 0.859081 0.004543 0.913564
81600.000000 0.007738 0.859111 0.004560 0.913226
81700.000000 0.007734 0.859192 0.004539 0.913636
81800.000000 0.007729 0.859277 0.004531 0.913792
81900.000000 0.007726 0.859329 0.004525 0.913901
82000.000000 0.007723 0.859377 0.004519 0.914003
82100.000000 0.007720 0.859445 0.004529 0.913829
82200.000000 0.007720 0.859434 0.004514 0.914116
82300.000000 0.007715 0.859536 0.004521 0.913982
82400.000000 0.007711 0.859599 0.004527 0.913869
82500.000000 0.007707 0.859667 0.004513 0.914134
82600.000000 0.007705 0.859708 0.004520 0.913992
82700.000000 0.007703 0.859744 0.004524 0.913921
82800.000000 0.007698 0.859831 0.004507 0.914247
82900.000000 0.007696 0.859874 0.004505 0.914286
83000.000000 0.007694 0.859916 0.004500 0.914373
83100.000000 0.007692 0.859951 0.004483 0.914689
83200.000000 0.007686 0.860051 0.004497 0.914425
83300.000000 0.007688 0.860028 0.004504 0.914300
83400.000000 0.007680 0.860160 0.004488 0.914607
83500.000000 0.007679 0.860187 0.004499 0.914388
83600.000000 0.007675 0.860255 0.004494 0.914489
83700.000000 0.007672 0.860319 0.004473 0.914890
83800.000000 0.007669 0.860371 0.004472 0.914915
83900.000000 0.007667 0.860412 0.004481 0.914739
84000.000000 0.007664 0.860454 0.004486 0.914648
84100.000000 0.007664 0.860454 0.004466 0.915023
84200.000000 0.007657 0.860591 0.004470 0.914941
84300.000000 0.007655 0.860629 0.004466 0.915019
84400.000000 0.007650 0.860704 0.004454 0.915251
84500.000000 0.007649 0.860725 0.004464 0.915049
84600.000000 0.007647 0.860759 0.004455 0.915226
84700.000000 0.007646 0.860787 0.004443 0.915456
84800.000000 0.007639 0.860922 0.004447 0.915390
84900.000000 0.007636 0.860971 0.004438 0.915550
85000.000000 0.007635 0.860987 0.004431 0.915696
85100.000000 0.007631 0.861056 0.004432 0.915675
85200.000000 0.007633 0.861026 0.004429 0.915720
85300.000000 0.007626 0.861149 0.004421 0.915875
85400.000000 0.007623 0.861207 0.004418 0.915929
85500.000000 0.007618 0.861289 0.004426 0.915777
85600.000000 0.007619 0.861285 0.004408 0.916118
85700.000000 0.007616 0.861336 0.004436 0.915600
85800.000000 0.007610 0.861436 0.004412 0.916047
85900.000000 0.007607 0.861496 0.004424 0.915828
86000.000000 0.007608 0.861482 0.004413 0.916024
86100.000000 0.007603 0.861572 0.004427 0.915765
86200.000000 0.007601 0.861599 0.004425 0.915794
86300.000000 0.007597 0.861677 0.004393 0.916415
86400.000000 0.007595 0.861711 0.004415 0.915983
86500.000000 0.007594 0.861734 0.004397 0.916329
86600.000000 0.007589 0.861832 0.004387 0.916530
86700.000000 0.007584 0.861919 0.004390 0.916473
86800.000000 0.007581 0.861972 0.004389 0.916493
86900.000000 0.007580 0.861984 0.004395 0.916380
87000.000000 0.007576 0.862063 0.004395 0.916376
87100.000000 0.007574 0.862104 0.004386 0.916551
87200.000000 0.007570 0.862178 0.004380 0.916665
87300.000000 0.007569 0.862195 0.004374 0.916765
87400.000000 0.007566 0.862242 0.004384 0.916577
87500.000000 0.007563 0.862289 0.004370 0.916857
87600.000000 0.007560 0.862353 0.004372 0.916803
87700.000000 0.007558 0.862379 0.004361 0.917022
87800.000000 0.007556 0.862421 0.004350 0.917230
87900.000000 0.007550 0.862533 0.004356 0.917108
88000.000000 0.007548 0.862568 0.004359 0.917057
88100.000000 0.007548 0.862576 0.004359 0.917059
88200.000000 0.007546 0.862613 0.004363 0.916971
88300.000000 0.007539 0.862740 0.004350 0.917224
88400.000000 0.007536 0.862780 0.004342 0.917377
88500.000000 0.007535 0.862811 0.004339 0.917434
88600.000000 0.007531 0.862883 0.004340 0.917411
88700.000000 0.007529 0.862911 0.004330 0.917599
88800.000000 0.007525 0.862992 0.004337 0.917479
88900.000000 0.007522 0.863035 0.004333 0.917556
89000.000000 0.007522 0.863036 0.004325 0.917713
89100.000000 0.007522 0.863036 0.004347 0.917279
89200.000000 0.007514 0.863192 0.004326 0.917683
89300.000000 0.007513 0.863216 0.004324 0.917728
89400.000000 0.007510 0.863260 0.004308 0.918024
89500.000000 0.007506 0.863341 0.004318 0.917829
89600.000000 0.007504 0.863372 0.004320 0.917805
89700.000000 0.007501 0.863430 0.004313 0.917938
89800.000000 0.007498 0.863486 0.004306 0.918071
89900.000000 0.007495 0.863533 0.004308 0.918031
90000.000000 0.007493 0.863579 0.004311 0.917967
90100.000000 0.007491 0.863607 0.004312 0.917953
90200.000000 0.007487 0.863676 0.004302 0.918133
90300.000000 0.007484 0.863731 0.004289 0.918383
90400.000000 0.007482 0.863771 0.004286 0.918446
90500.000000 0.007486 0.863702 0.004323 0.917737
90600.000000 0.007477 0.863856 0.004288 0.918409
90700.000000 0.007474 0.863921 0.004290 0.918367
90800.000000 0.007472 0.863946 0.004293 0.918321
90900.000000 0.007469 0.863999 0.004295 0.918279
91000.000000 0.007466 0.864058 0.004284 0.918485
91100.000000 0.007463 0.864126 0.004280 0.918553
91200.000000 0.007462 0.864131 0.004271 0.918729
91300.000000 0.007459 0.864194 0.004282 0.918529
91400.000000 0.007455 0.864262 0.004262 0.918900
91500.000000 0.007453 0.864302 0.004262 0.918903
91600.000000 0.007449 0.864365 0.004258 0.918986
91700.000000 0.007447 0.864409 0.004252 0.919087
91800.000000 0.007445 0.864449 0.004247 0.919190
91900.000000 0.007442 0.864492 0.004245 0.919224
92000.000000 0.007440 0.864531 0.004266 0.918834
92100.000000 0.007437 0.864582 0.004244 0.919246
92200.000000 0.007434 0.864654 0.004251 0.919118
92300.000000 0.007433 0.864664 0.004252 0.919095
92400.000000 0.007429 0.864737 0.004237 0.919381
92500.000000 0.007426 0.864792 0.004240 0.919318
92600.000000 0.007423 0.864839 0.004235 0.919410
92700.000000 0.007421 0.864879 0.004234 0.919438
92800.000000 0.007422 0.864864 0.004230 0.919518
92900.000000 0.007417 0.864953 0.004227 0.919575
93000.000000 0.007415 0.864995 0.004240 0.919324
93100.000000 0.007412 0.865055 0.004217 0.919760
93200.000000 0.007410 0.865089 0.004208 0.919922
93300.000000 0.007406 0.865155 0.004230 0.919509
93400.000000 0.007404 0.865200 0.004225 0.919598
93500.000000 0.007400 0.865259 0.004215 0.919802
93600.000000 0.007398 0.865294 0.004209 0.919908
93700.000000 0.007395 0.865352 0.004206 0.919974
93800.000000 0.007394 0.865370 0.004197 0.920146
93900.000000 0.007391 0.865435 0.004207 0.919949
94000.000000 0.007392 0.865416 0.004202 0.920048
94100.000000 0.007385 0.865537 0.004192 0.920230
94200.000000 0.007382 0.865587 0.004195 0.920183
94300.000000 0.007382 0.865586 0.004195 0.920174
94400.000000 0.007380 0.865631 0.004205 0.919990
94500.000000 0.007376 0.865700 0.004182 0.920418
94600.000000 0.007376 0.865699 0.004186 0.920341
94700.000000 0.007372 0.865778 0.004181 0.920449
94800.000000 0.007371 0.865798 0.004169 0.920678
94900.000000 0.007366 0.865876 0.004179 0.920479
95000.000000 0.007362 0.865950 0.004182 0.920423
95100.000000 0.007361 0.865969 0.004172 0.920624
95200.000000 0.007359 0.866019 0.004161 0.920819
95300.000000 0.007355 0.866092 0.004168 0.920699
95400.000000 0.007352 0.866144 0.004165 0.920757
95500.000000 0.007350 0.866183 0.004166 0.920733
95600.000000 0.007351 0.866157 0.004183 0.920414
95700.000000 0.007346 0.866250 0.004173 0.920603
95800.000000 0.007342 0.866321 0.004157 0.920902
95900.000000 0.007339 0.866371 0.004157 0.920901
96000.000000 0.007338 0.866398 0.004163 0.920788
96100.000000 0.007338 0.866386 0.004145 0.921137
96200.000000 0.007333 0.866491 0.004158 0.920888
96300.000000 0.007330 0.866535 0.004154 0.920962
96400.000000 0.007329 0.866565 0.004155 0.920943
96500.000000 0.007325 0.866635 0.004145 0.921131
96600.000000 0.007330 0.866544 0.004123 0.921556
96700.000000 0.007320 0.866727 0.004134 0.921342
96800.000000 0.007320 0.866720 0.004151 0.921015
96900.000000 0.007315 0.866803 0.004128 0.921457
97000.000000 0.007315 0.866806 0.004114 0.921721
97100.000000 0.007310 0.866898 0.004119 0.921623
97200.000000 0.007308 0.866936 0.004117 0.921667
97300.000000 0.007306 0.866973 0.004113 0.921743
97400.000000 0.007304 0.867018 0.004125 0.921500
97500.000000 0.007301 0.867065 0.004107 0.921858
97600.000000 0.007300 0.867084 0.004113 0.921734
97700.000000 0.007296 0.867160 0.004118 0.921643
97800.000000 0.007299 0.867111 0.004103 0.921920
97900.000000 0.007291 0.867245 0.004110 0.921802
98000.000000 0.007288 0.867298 0.004109 0.921807
98100.000000 0.007287 0.867330 0.004102 0.921956
98200.000000 0.007286 0.867343 0.004102 0.921950
98300.000000 0.007282 0.867406 0.004105 0.921893
98400.000000 0.007280 0.867452 0.004107 0.921847
98500.000000 0.007278 0.867485 0.004085 0.922274
98600.000000 0.007280 0.867441 0.004113 0.921746
98700.000000 0.007272 0.867597 0.004084 0.922292
98800.000000 0.007270 0.867627 0.004083 0.922312
98900.000000 0.007268 0.867665 0.004096 0.922067
99000.000000 0.007266 0.867697 0.004085 0.922271
99100.000000 0.007263 0.867751 0.004090 0.922179
99200.000000 0.007262 0.867778 0.004084 0.922285
99300.000000 0.007258 0.867857 0.004072 0.922524
99400.000000 0.007255 0.867902 0.004070 0.922550
99500.000000 0.007254 0.867916 0.004088 0.922207
99600.000000 0.007252 0.867964 0.004060 0.922752
99700.000000 0.007250 0.867990 0.004082 0.922330
99800.000000 0.007248 0.868036 0.004068 0.922595
99900.000000 0.007244 0.868109 0.004057 0.922811
100000.000000 0.007246 0.868075 0.004054 0.922853
100100.000000 0.007241 0.868156 0.004066 0.922639
100200.000000 0.007237 0.868233 0.004053 0.922872
100300.000000 0.007234 0.868284 0.004059 0.922772
100400.000000 0.007232 0.868329 0.004052 0.922893
100500.000000 0.007232 0.868317 0.004039 0.923141
100600.000000 0.007227 0.868412 0.004048 0.922973
100700.000000 0.007225 0.868453 0.004045 0.923022
100800.000000 0.007224 0.868467 0.004032 0.923282
100900.000000 0.007220 0.868533 0.004036 0.923193
101000.000000 0.007220 0.868542 0.004030 0.923308
101100.000000 0.007219 0.868561 0.004048 0.922983
101200.000000 0.007215 0.868641 0.004028 0.923361
101300.000000 0.007213 0.868674 0.004023 0.923450
101400.000000 0.007213 0.868677 0.004048 0.922969
101500.000000 0.007216 0.868620 0.004026 0.923395
101600.000000 0.007206 0.868803 0.004026 0.923392
101700.000000 0.007202 0.868868 0.004025 0.923406
101800.000000 0.007200 0.868907 0.004024 0.923429
101900.000000 0.007198 0.868950 0.004023 0.923450
102000.000000 0.007197 0.868956 0.004010 0.923690
102100.000000 0.007194 0.869024 0.004012 0.923662
102200.000000 0.007191 0.869061 0.004022 0.923475
102300.000000 0.007189 0.869101 0.004007 0.923758
102400.000000 0.007187 0.869137 0.003998 0.923927
102500.000000 0.007185 0.869186 0.004001 0.923862
102600.000000 0.007184 0.869205 0.004002 0.923857
102700.000000 0.007180 0.869272 0.003998 0.923928
102800.000000 0.007178 0.869313 0.003993 0.924020
102900.000000 0.007175 0.869357 0.004001 0.923864
103000.000000 0.007173 0.869400 0.003998 0.923932
103100.000000 0.007172 0.869416 0.003984 0.924188
103200.000000 0.007172 0.869418 0.004011 0.923687
103300.000000 0.007167 0.869512 0.003988 0.924111
103400.000000 0.007165 0.869551 0.003989 0.924104
103500.000000 0.007162 0.869591 0.003985 0.924182
103600.000000 0.007160 0.869634 0.003978 0.924315
103700.000000 0.007161 0.869620 0.003964 0.924569
103800.000000 0.007161 0.869619 0.003993 0.924028
103900.000000 0.007153 0.869757 0.003982 0.924221
104000.000000 0.007152 0.869788 0.003980 0.924268
104100.000000 0.007149 0.869832 0.003976 0.924350
104200.000000 0.007147 0.869876 0.003976 0.924343
104300.000000 0.007145 0.869908 0.003961 0.924635
104400.000000 0.007142 0.869955 0.003969 0.924478
104500.000000 0.007140 0.869993 0.003967 0.924522
104600.000000 0.007139 0.870009 0.003961 0.924638
104700.000000 0.007137 0.870058 0.003970 0.924454
104800.000000 0.007136 0.870075 0.003961 0.924627
104900.000000 0.007132 0.870142 0.003947 0.924899
105000.000000 0.007130 0.870188 0.003961 0.924629
105100.000000 0.007127 0.870228 0.003945 0.924926
105200.000000 0.007126 0.870261 0.003949 0.924851
105300.000000 0.007124 0.870284 0.003948 0.924875
105400.000000 0.007121 0.870342 0.003939 0.925049
105500.000000 0.007119 0.870387 0.003940 0.925032
105600.000000 0.007117 0.870423 0.003937 0.925088
105700.000000 0.007114 0.870465 0.003934 0.925138
105800.000000 0.007113 0.870491 0.003944 0.924953
105900.000000 0.007110 0.870543 0.003939 0.925057
106000.000000 0.007108 0.870577 0.003939 0.925045
106100.000000 0.007108 0.870587 0.003930 0.925219
106200.000000 0.007104 0.870659 0.003927 0.925269
106300.000000 0.007102 0.870699 0.003923 0.925357
106400.000000 0.007100 0.870733 0.003918 0.925448
106500.000000 0.007099 0.870752 0.003926 0.925301
106600.000000 0.007096 0.870798 0.003911 0.925588
106700.000000 0.007094 0.870835 0.003909 0.925628
106800.000000 0.007091 0.870884 0.003914 0.925525
106900.000000 0.007091 0.870899 0.003912 0.925553
107000.000000 0.007087 0.870965 0.003910 0.925597
107100.000000 0.007085 0.871000 0.003912 0.925556
107200.000000 0.007084 0.871017 0.003898 0.925837
107300.000000 0.007081 0.871071 0.003906 0.925674
107400.000000 0.007080 0.871087 0.003900 0.925789
107500.000000 0.007077 0.871148 0.003895 0.925879
107600.000000 0.007075 0.871189 0.003900 0.925781
107700.000000 0.007073 0.871210 0.003907 0.925654
107800.000000 0.007072 0.871229 0.003889 0.926007
107900.000000 0.007069 0.871284 0.003900 0.925799
108000.000000 0.007067 0.871335 0.003898 0.925824
108100.000000 0.007064 0.871376 0.003893 0.925924
108200.000000 0.007066 0.871353 0.003909 0.925618
108300.000000 0.007061 0.871428 0.003895 0.925885
108400.000000 0.007058 0.871491 0.003887 0.926035
108500.000000 0.007056 0.871528 0.003883 0.926123
108600.000000 0.007055 0.871538 0.003868 0.926400
108700.000000 0.007053 0.871588 0.003889 0.925994
108800.000000 0.007051 0.871628 0.003881 0.926152
108900.000000 0.007048 0.871669 0.003876 0.926238
109000.000000 0.007046 0.871716 0.003869 0.926386
109100.000000 0.007044 0.871751 0.003872 0.926331
109200.000000 0.007043 0.871762 0.003873 0.926308
109300.000000 0.007041 0.871799 0.003871 0.926339
109400.000000 0.007038 0.871859 0.003862 0.926505
109500.000000 0.007036 0.871887 0.003864 0.926468
109600.000000 0.007034 0.871928 0.003857 0.926616
109700.000000 0.007032 0.871966 0.003857 0.926601
109800.000000 0.007031 0.871982 0.003855 0.926643
109900.000000 0.007028 0.872042 0.003860 0.926553
110000.000000 0.007026 0.872068 0.003854 0.926659
110100.000000 0.007024 0.872115 0.003855 0.926642
110200.000000 0.007022 0.872139 0.003843 0.926876
110300.000000 0.007020 0.872180 0.003841 0.926911
110400.000000 0.007019 0.872202 0.003836 0.927011
110500.000000 0.007017 0.872236 0.003842 0.926903
110600.000000 0.007015 0.872276 0.003835 0.927034
110700.000000 0.007012 0.872326 0.003849 0.926767
110800.000000 0.007011 0.872346 0.003840 0.926941
110900.000000 0.007009 0.872375 0.003830 0.927127
111000.000000 0.007010 0.872365 0.003826 0.927196
111100.000000 0.007005 0.872461 0.003841 0.926916
111200.000000 0.007002 0.872503 0.003834 0.927042
111300.000000 0.007001 0.872536 0.003829 0.927139
111400.000000 0.007001 0.872535 0.003830 0.927114
111500.000000 0.006996 0.872613 0.003824 0.927237
111600.000000 0.006995 0.872644 0.003818 0.927347
111700.000000 0.006994 0.872657 0.003835 0.927032
111800.000000 0.006992 0.872686 0.003818 0.927355
111900.000000 0.006989 0.872743 0.003807 0.927556
112000.000000 0.006987 0.872784 0.003817 0.927367
112100.000000 0.006985 0.872822 0.003821 0.927287
112200.000000 0.006982 0.872867 0.003815 0.927401
112300.000000 0.006981 0.872887 0.003810 0.927494
112400.000000 0.006979 0.872938 0.003807 0.927569
112500.000000 0.006977 0.872971 0.003806 0.927575
112600.000000 0.006977 0.872959 0.003794 0.927816
112700.000000 0.006974 0.873027 0.003796 0.927770
112800.000000 0.006971 0.873075 0.003798 0.927723
112900.000000 0.006974 0.873026 0.003822 0.927267
113000.000000 0.006969 0.873115 0.003785 0.927981
113100.000000 0.006966 0.873171 0.003790 0.927886
113200.000000 0.006964 0.873210 0.003796 0.927779
113300.000000 0.006961 0.873250 0.003789 0.927905
113400.000000 0.006960 0.873282 0.003793 0.927830
113500.000000 0.006958 0.873317 0.003791 0.927868
113600.000000 0.006956 0.873349 0.003792 0.927847
113700.000000 0.006955 0.873367 0.003786 0.927957
113800.000000 0.006953 0.873398 0.003781 0.928063
113900.000000 0.006955 0.873371 0.003797 0.927748
114000.000000 0.006948 0.873490 0.003779 0.928093
114100.000000 0.006947 0.873516 0.003774 0.928191
114200.000000 0.006947 0.873519 0.003774 0.928193
114300.000000 0.006943 0.873579 0.003776 0.928157
114400.000000 0.006941 0.873613 0.003784 0.928004
114500.000000 0.006939 0.873651 0.003764 0.928382
114600.000000 0.006937 0.873693 0.003772 0.928235
114700.000000 0.006941 0.873630 0.003759 0.928469
114800.000000 0.006934 0.873754 0.003761 0.928435
114900.000000 0.006932 0.873786 0.003758 0.928499
115000.000000 0.006932 0.873793 0.003776 0.928145
115100.000000 0.006928 0.873867 0.003762 0.928416
115200.000000 0.006927 0.873871 0.003768 0.928304
115300.000000 0.006924 0.873930 0.003761 0.928438
115400.000000 0.006923 0.873950 0.003746 0.928712
115500.000000 0.006921 0.873994 0.003754 0.928561
115600.000000 0.006920 0.874013 0.003748 0.928688
115700.000000 0.006919 0.874027 0.003738 0.928866
115800.000000 0.006916 0.874070 0.003749 0.928672
115900.000000 0.006917 0.874066 0.003749 0.928662
116000.000000 0.006911 0.874168 0.003747 0.928703
116100.000000 0.006910 0.874181 0.003749 0.928660
116200.000000 0.006909 0.874212 0.003732 0.928995
116300.000000 0.006906 0.874263 0.003744 0.928754
116400.000000 0.006904 0.874294 0.003739 0.928848
116500.000000 0.006902 0.874326 0.003742 0.928795
116600.000000 0.006901 0.874343 0.003747 0.928710
116700.000000 0.006900 0.874375 0.003743 0.928785
116800.000000 0.006898 0.874406 0.003741 0.928808
116900.000000 0.006895 0.874464 0.003731 0.929014
117000.000000 0.006893 0.874499 0.003727 0.929081
117100.000000 0.006891 0.874525 0.003727 0.929086
117200.000000 0.006890 0.874557 0.003730 0.929020
117300.000000 0.006889 0.874574 0.003726 0.929102
117400.000000 0.006886 0.874622 0.003727 0.929084
117500.000000 0.006885 0.874649 0.003721 0.929203
117600.000000 0.006883 0.874686 0.003724 0.929145
117700.000000 0.006881 0.874716 0.003714 0.929323
117800.000000 0.006879 0.874751 0.003705 0.929504
117900.000000 0.006880 0.874727 0.003700 0.929597
118000.000000 0.006876 0.874804 0.003699 0.929621
118100.000000 0.006875 0.874828 0.003701 0.929579
118200.000000 0.006872 0.874874 0.003714 0.929327
118300.000000 0.006870 0.874917 0.003700 0.929591
118400.000000 0.006868 0.874944 0.003704 0.929512
118500.000000 0.006867 0.874967 0.003692 0.929743
118600.000000 0.006864 0.875016 0.003699 0.929624
118700.000000 0.006865 0.875012 0.003695 0.929694
118800.000000 0.006863 0.875046 0.003705 0.929494
118900.000000 0.006860 0.875088 0.003706 0.929481
119000.000000 0.006858 0.875129 0.003702 0.929558
119100.000000 0.006858 0.875129 0.003701 0.929580
119200.000000 0.006854 0.875203 0.003688 0.929834
119300.000000 0.006852 0.875236 0.003692 0.929745
119400.000000 0.006852 0.875248 0.003685 0.929873
119500.000000 0.006850 0.875286 0.003683 0.929923
119600.000000 0.006851 0.875268 0.003684 0.929894
119700.000000 0.006847 0.875335 0.003688 0.929829
119800.000000 0.006844 0.875392 0.003680 0.929978
119900.000000 0.006842 0.875426 0.003671 0.930146
120000.000000 0.006842 0.875425 0.003684 0.929898
120100.000000 0.006839 0.875470 0.003675 0.930073
120200.000000 0.006837 0.875514 0.003676 0.930061
120300.000000 0.006836 0.875534 0.003677 0.930038
120400.000000 0.006833 0.875585 0.003666 0.930251
120500.000000 0.006831 0.875620 0.003665 0.930263
120600.000000 0.006830 0.875640 0.003667 0.930227
120700.000000 0.006829 0.875666 0.003664 0.930278
120800.000000 0.006828 0.875685 0.003659 0.930385
120900.000000 0.006826 0.875723 0.003660 0.930361
121000.000000 0.006823 0.875768 0.003661 0.930337
121100.000000 0.006822 0.875795 0.003650 0.930538
121200.000000 0.006822 0.875786 0.003668 0.930213
121300.000000 0.006820 0.875819 0.003673 0.930102
121400.000000 0.006817 0.875871 0.003650 0.930544
121500.000000 0.006816 0.875898 0.003661 0.930332
121600.000000 0.006818 0.875860 0.003662 0.930327
121700.000000 0.006812 0.875978 0.003644 0.930666
121800.000000 0.006810 0.876002 0.003652 0.930517
121900.000000 0.006809 0.876031 0.003647 0.930602
122000.000000 0.006807 0.876066 0.003644 0.930665
122100.000000 0.006805 0.876095 0.003642 0.930706
122200.000000 0.006803 0.876141 0.003641 0.930714
122300.000000 0.006801 0.876166 0.003643 0.930680
122400.000000 0.006800 0.876196 0.003628 0.930965
122500.000000 0.006800 0.876184 0.003633 0.930879
122600.000000 0.006797 0.876238 0.003646 0.930631
122700.000000 0.006795 0.876280 0.003638 0.930779
122800.000000 0.006793 0.876311 0.003624 0.931051
122900.000000 0.006794 0.876304 0.003632 0.930897
123000.000000 0.006790 0.876370 0.003634 0.930846
123100.000000 0.006788 0.876407 0.003622 0.931077
123200.000000 0.006787 0.876431 0.003615 0.931204
123300.000000 0.006786 0.876446 0.003631 0.930917
123400.000000 0.006783 0.876497 0.003612 0.931263
123500.000000 0.006783 0.876497 0.003621 0.931105
123600.000000 0.006781 0.876539 0.003627 0.930989
123700.000000 0.006779 0.876570 0.003622 0.931078
123800.000000 0.006776 0.876620 0.003616 0.931200
123900.000000 0.006775 0.876652 0.003610 0.931314
124000.000000 0.006773 0.876676 0.003605 0.931408
124100.000000 0.006777 0.876610 0.003619 0.931140
124200.000000 0.006771 0.876726 0.003614 0.931232
124300.000000 0.006769 0.876747 0.003616 0.931203
124400.000000 0.006768 0.876778 0.003597 0.931554
124500.000000 0.006768 0.876780 0.003609 0.931329
124600.000000 0.006764 0.876853 0.003596 0.931568
124700.000000 0.006762 0.876876 0.003599 0.931509
124800.000000 0.006762 0.876888 0.003607 0.931365
124900.000000 0.006759 0.876938 0.003590 0.931697
125000.000000 0.006757 0.876969 0.003601 0.931478
125100.000000 0.006756 0.876996 0.003599 0.931521
125200.000000 0.006754 0.877031 0.003592 0.931658
125300.000000 0.006756 0.876988 0.003590 0.931684
125400.000000 0.006752 0.877068 0.003581 0.931864
125500.000000 0.006752 0.877069 0.003608 0.931347
125600.000000 0.006750 0.877103 0.003582 0.931839
125700.000000 0.006751 0.877085 0.003572 0.932030
125800.000000 0.006745 0.877187 0.003589 0.931702
125900.000000 0.006743 0.877221 0.003592 0.931646
126000.000000 0.006741 0.877263 0.003581 0.931867
126100.000000 0.006741 0.877255 0.003587 0.931743
126200.000000 0.006738 0.877311 0.003585 0.931787
126300.000000 0.006736 0.877348 0.003575 0.931980
126400.000000 0.006735 0.877376 0.003578 0.931920
126500.000000 0.006733 0.877403 0.003572 0.932025
126600.000000 0.006735 0.877381 0.003564 0.932176
126700.000000 0.006731 0.877448 0.003578 0.931912
126800.000000 0.006730 0.877456 0.003581 0.931856
126900.000000 0.006728 0.877493 0.003579 0.931893
127000.000000 0.006729 0.877478 0.003570 0.932071
127100.000000 0.006725 0.877552 0.003556 0.932341
127200.000000 0.006725 0.877549 0.003585 0.931789
127300.000000 0.006724 0.877578 0.003563 0.932209
127400.000000 0.006720 0.877649 0.003567 0.932132
127500.000000 0.006718 0.877688 0.003559 0.932271
127600.000000 0.006717 0.877696 0.003556 0.932328
127700.000000 0.006715 0.877739 0.003562 0.932216
127800.000000 0.006714 0.877763 0.003560 0.932260
127900.000000 0.006712 0.877791 0.003547 0.932499
128000.000000 0.006710 0.877822 0.003544 0.932567
128100.000000 0.006709 0.877851 0.003550 0.932441
128200.000000 0.006708 0.877858 0.003561 0.932243
128300.000000 0.006705 0.877913 0.003545 0.932553
128400.000000 0.006704 0.877941 0.003542 0.932606
128500.000000 0.006703 0.877957 0.003545 0.932539
128600.000000 0.006702 0.877967 0.003529 0.932851
128700.000000 0.006701 0.877995 0.003529 0.932856
128800.000000 0.006698 0.878050 0.003543 0.932588
128900.000000 0.006696 0.878076 0.003541 0.932619
129000.000000 0.006695 0.878105 0.003531 0.932809
129100.000000 0.006694 0.878124 0.003537 0.932695
129200.000000 0.006692 0.878160 0.003528 0.932874
129300.000000 0.006691 0.878180 0.003532 0.932786
129400.000000 0.006689 0.878203 0.003535 0.932740
129500.000000 0.006687 0.878242 0.003525 0.932917
129600.000000 0.006686 0.878269 0.003522 0.932982
129700.000000 0.006685 0.878288 0.003520 0.933025
129800.000000 0.006683 0.878315 0.003516 0.933097
129900.000000 0.006683 0.878311 0.003532 0.932794
130000.000000 0.006680 0.878377 0.003527 0.932897
130100.000000 0.006678 0.878405 0.003523 0.932959
130200.000000 0.006677 0.878427 0.003512 0.933176
130300.000000 0.006675 0.878459 0.003516 0.933093
130400.000000 0.006674 0.878489 0.003517 0.933070
130500.000000 0.006676 0.878449 0.003504 0.933334
130600.000000 0.006671 0.878536 0.003517 0.933084
130700.000000 0.006671 0.878542 0.003513 0.933147
130800.000000 0.006668 0.878591 0.003516 0.933103
130900.000000 0.006667 0.878613 0.003503 0.933342
131000.000000 0.006665 0.878645 0.003509 0.933237
131100.000000 0.006665 0.878648 0.003503 0.933343
131200.000000 0.006665 0.878650 0.003502 0.933361
131300.000000 0.006661 0.878724 0.003507 0.933268
131400.000000 0.006661 0.878726 0.003499 0.933429
131500.000000 0.006658 0.878783 0.003502 0.933370
131600.000000 0.006658 0.878771 0.003514 0.933134
131700.000000 0.006655 0.878835 0.003500 0.933401
131800.000000 0.006654 0.878848 0.003488 0.933623
131900.000000 0.006652 0.878876 0.003497 0.933453
132000.000000 0.006652 0.878884 0.003492 0.933554
132100.000000 0.006651 0.878907 0.003498 0.933432
132200.000000 0.006649 0.878934 0.003490 0.933600
132300.000000 0.006646 0.878987 0.003497 0.933451
132400.000000 0.006645 0.879006 0.003491 0.933569
132500.000000 0.006649 0.878939 0.003506 0.933279
132600.000000 0.006642 0.879069 0.003484 0.933704
132700.000000 0.006640 0.879098 0.003487 0.933641
132800.000000 0.006639 0.879122 0.003478 0.933826
132900.000000 0.006642 0.879061 0.003491 0.933581
133000.000000 0.006640 0.879103 0.003478 0.933811
133100.000000 0.006636 0.879179 0.003470 0.933976
133200.000000 0.006633 0.879228 0.003475 0.933879
133300.000000 0.006632 0.879241 0.003468 0.934004
133400.000000 0.006631 0.879268 0.003484 0.933704
133500.000000 0.006630 0.879285 0.003466 0.934049
133600.000000 0.006628 0.879327 0.003469 0.933993
133700.000000 0.006627 0.879331 0.003478 0.933826
133800.000000 0.006626 0.879366 0.003474 0.933900
133900.000000 0.006624 0.879400 0.003468 0.934018
134000.000000 0.006622 0.879429 0.003469 0.933984
134100.000000 0.006622 0.879437 0.003464 0.934093
134200.000000 0.006623 0.879411 0.003480 0.933785
134300.000000 0.006618 0.879507 0.003461 0.934152
134400.000000 0.006616 0.879533 0.003466 0.934058
134500.000000 0.006618 0.879498 0.003457 0.934224
134600.000000 0.006614 0.879580 0.003460 0.934157
134700.000000 0.006612 0.879612 0.003456 0.934244
134800.000000 0.006612 0.879620 0.003466 0.934055
134900.000000 0.006611 0.879638 0.003461 0.934141
135000.000000 0.006610 0.879655 0.003470 0.933974
135100.000000 0.006607 0.879712 0.003454 0.934270
135200.000000 0.006607 0.879707 0.003449 0.934381
135300.000000 0.006604 0.879761 0.003452 0.934324
135400.000000 0.006603 0.879782 0.003454 0.934273
135500.000000 0.006603 0.879780 0.003445 0.934457
135600.000000 0.006602 0.879799 0.003433 0.934676
135700.000000 0.006598 0.879861 0.003450 0.934352
135800.000000 0.006599 0.879857 0.003433 0.934682
135900.000000 0.006596 0.879898 0.003452 0.934316
136000.000000 0.006594 0.879936 0.003438 0.934589
136100.000000 0.006593 0.879964 0.003439 0.934558
136200.000000 0.006593 0.879952 0.003441 0.934528
136300.000000 0.006591 0.879987 0.003450 0.934352
136400.000000 0.006590 0.880021 0.003433 0.934675
136500.000000 0.006587 0.880060 0.003434 0.934654
136600.000000 0.006586 0.880085 0.003428 0.934777
136700.000000 0.006585 0.880108 0.003426 0.934809
136800.000000 0.006583 0.880139 0.003428 0.934774
136900.000000 0.006582 0.880162 0.003425 0.934821
137000.000000 0.006587 0.880071 0.003427 0.934791
137100.000000 0.006580 0.880197 0.003422 0.934882
137200.000000 0.006578 0.880231 0.003429 0.934756
137300.000000 0.006578 0.880240 0.003430 0.934728
137400.000000 0.006577 0.880252 0.003423 0.934874
137500.000000 0.006574 0.880307 0.003421 0.934900
137600.000000 0.006573 0.880315 0.003430 0.934731
137700.000000 0.006579 0.880209 0.003440 0.934537
137800.000000 0.006570 0.880373 0.003426 0.934812
137900.000000 0.006569 0.880396 0.003413 0.935055
138000.000000 0.006569 0.880395 0.003432 0.934694
138100.000000 0.006566 0.880444 0.003408 0.935144
138200.000000 0.006564 0.880478 0.003415 0.935010
138300.000000 0.006564 0.880494 0.003416 0.934993
138400.000000 0.006562 0.880522 0.003415 0.935025
138500.000000 0.006562 0.880520 0.003425 0.934832
138600.000000 0.006559 0.880571 0.003413 0.935053
138700.000000 0.006559 0.880578 0.003407 0.935165
138800.000000 0.006558 0.880600 0.003405 0.935215
138900.000000 0.006556 0.880624 0.003401 0.935290
139000.000000 0.006558 0.880596 0.003392 0.935466
139100.000000 0.006553 0.880679 0.003408 0.935161
139200.000000 0.006552 0.880711 0.003394 0.935420
139300.000000 0.006550 0.880734 0.003403 0.935242
139400.000000 0.006549 0.880766 0.003399 0.935325
139500.000000 0.006547 0.880791 0.003395 0.935406
139600.000000 0.006547 0.880788 0.003387 0.935560
139700.000000 0.006545 0.880826 0.003387 0.935559
139800.000000 0.006544 0.880851 0.003392 0.935451
139900.000000 0.006543 0.880861 0.003394 0.935410
140000.000000 0.006544 0.880851 0.003389 0.935506
140100.000000 0.006541 0.880909 0.003376 0.935753
140200.000000 0.006539 0.880945 0.003381 0.935661
140300.000000 0.006539 0.880949 0.003379 0.935706
140400.000000 0.006536 0.880988 0.003394 0.935426
140500.000000 0.006535 0.881016 0.003382 0.935638
140600.000000 0.006534 0.881038 0.003381 0.935675
140700.000000 0.006534 0.881037 0.003392 0.935462
140800.000000 0.006531 0.881080 0.003376 0.935766
140900.000000 0.006533 0.881043 0.003384 0.935604
141000.000000 0.006528 0.881133 0.003371 0.935850
141100.000000 0.006528 0.881145 0.003383 0.935633
141200.000000 0.006527 0.881165 0.003375 0.935773
141300.000000 0.006524 0.881207 0.003368 0.935905
141400.000000 0.006523 0.881232 0.003372 0.935847
141500.000000 0.006522 0.881255 0.003376 0.935759
141600.000000 0.006521 0.881264 0.003371 0.935851
141700.000000 0.006519 0.881297 0.003372 0.935841
141800.000000 0.006518 0.881327 0.003365 0.935970
141900.000000 0.006519 0.881304 0.003378 0.935716
142000.000000 0.006519 0.881314 0.003373 0.935809
142100.000000 0.006515 0.881385 0.003370 0.935869
142200.000000 0.006513 0.881417 0.003362 0.936037
142300.000000 0.006512 0.881436 0.003367 0.935942
142400.000000 0.006511 0.881458 0.003354 0.936173
142500.000000 0.006511 0.881453 0.003362 0.936037
142600.000000 0.006508 0.881505 0.003361 0.936039
142700.000000 0.006507 0.881529 0.003354 0.936187
142800.000000 0.006507 0.881530 0.003366 0.935947
142900.000000 0.006505 0.881559 0.003364 0.935990
143000.000000 0.006503 0.881589 0.003359 0.936094
143100.000000 0.006504 0.881577 0.003367 0.935935
143200.000000 0.006501 0.881638 0.003345 0.936342
143300.000000 0.006501 0.881638 0.003338 0.936475
143400.000000 0.006499 0.881660 0.003363 0.936006
143500.000000 0.006497 0.881704 0.003348 0.936292
143600.000000 0.006495 0.881734 0.003343 0.936387
143700.000000 0.006494 0.881754 0.003339 0.936460
143800.000000 0.006493 0.881770 0.003338 0.936493
143900.000000 0.006492 0.881794 0.003340 0.936448
144000.000000 0.006491 0.881821 0.003341 0.936424
144100.000000 0.006490 0.881837 0.003335 0.936539
144200.000000 0.006489 0.881853 0.003340 0.936442
144300.000000 0.006487 0.881891 0.003336 0.936525
144400.000000 0.006486 0.881912 0.003338 0.936482
144500.000000 0.006486 0.881912 0.003345 0.936359
144600.000000 0.006485 0.881925 0.003332 0.936607
144700.000000 0.006482 0.881976 0.003332 0.936604
144800.000000 0.006482 0.881978 0.003326 0.936719
144900.000000 0.006483 0.881957 0.003332 0.936603
145000.000000 0.006480 0.882023 0.003330 0.936637
145100.000000 0.006477 0.882065 0.003330 0.936645
145200.000000 0.006477 0.882074 0.003335 0.936543
145300.000000 0.006475 0.882101 0.003326 0.936711
145400.000000 0.006474 0.882121 0.003327 0.936692
145500.000000 0.006472 0.882153 0.003321 0.936809
145600.000000 0.006474 0.882126 0.003323 0.936765
145700.000000 0.006472 0.882165 0.003323 0.936777
145800.000000 0.006469 0.882211 0.003319 0.936849
145900.000000 0.006471 0.882175 0.003320 0.936822
146000.000000 0.006467 0.882257 0.003315 0.936920
146100.000000 0.006467 0.882257 0.003322 0.936790
146200.000000 0.006465 0.882291 0.003322 0.936787
146300.000000 0.006465 0.882288 0.003321 0.936802
146400.000000 0.006465 0.882292 0.003333 0.936583
146500.000000 0.006462 0.882352 0.003322 0.936785
146600.000000 0.006460 0.882379 0.003310 0.937020
146700.000000 0.006458 0.882411 0.003309 0.937027
146800.000000 0.006458 0.882414 0.003310 0.937016
146900.000000 0.006456 0.882454 0.003305 0.937121
147000.000000 0.006455 0.882470 0.003300 0.937215
147100.000000 0.006454 0.882496 0.003304 0.937123
147200.000000 0.006452 0.882517 0.003304 0.937126
147300.000000 0.006452 0.882518 0.003292 0.937356
147400.000000 0.006451 0.882538 0.003310 0.937021
147500.000000 0.006449 0.882580 0.003305 0.937108
147600.000000 0.006449 0.882571 0.003299 0.937228
147700.000000 0.006447 0.882608 0.003298 0.937252
147800.000000 0.006447 0.882610 0.003314 0.936937
147900.000000 0.006445 0.882650 0.003297 0.937273
148000.000000 0.006444 0.882670 0.003286 0.937466
148100.000000 0.006442 0.882709 0.003298 0.937245
148200.000000 0.006442 0.882715 0.003302 0.937172
148300.000000 0.006441 0.882719 0.003301 0.937191
148400.000000 0.006439 0.882756 0.003288 0.937434
148500.000000 0.006439 0.882769 0.003287 0.937462
148600.000000 0.006436 0.882815 0.003289 0.937422
148700.000000 0.006436 0.882823 0.003290 0.937404
148800.000000 0.006437 0.882806 0.003275 0.937677
148900.000000 0.006434 0.882861 0.003297 0.937264
149000.000000 0.006432 0.882890 0.003280 0.937583
149100.000000 0.006431 0.882908 0.003285 0.937500
149200.000000 0.006435 0.882839 0.003286 0.937465
149300.000000 0.006429 0.882951 0.003277 0.937652
149400.000000 0.006427 0.882975 0.003285 0.937491
149500.000000 0.006428 0.882962 0.003275 0.937682
149600.000000 0.006425 0.883012 0.003286 0.937474
149700.000000 0.006425 0.883022 0.003277 0.937637
149800.000000 0.006423 0.883045 0.003277 0.937645
149900.000000 0.006421 0.883081 0.003277 0.937652
150000.000000 0.006424 0.883036 0.003289 0.937418
150100.000000 0.006422 0.883067 0.003277 0.937641
150200.000000 0.006418 0.883138 0.003275 0.937673
150300.000000 0.006417 0.883161 0.003273 0.937714
150400.000000 0.006416 0.883178 0.003266 0.937860
150500.000000 0.006416 0.883188 0.003279 0.937616
150600.000000 0.006415 0.883204 0.003277 0.937641
150700.000000 0.006414 0.883222 0.003267 0.937830
150800.000000 0.006414 0.883222 0.003269 0.937796
150900.000000 0.006412 0.883256 0.003279 0.937613
151000.000000 0.006410 0.883287 0.003275 0.937679
151100.000000 0.006408 0.883319 0.003265 0.937866
151200.000000 0.006408 0.883329 0.003264 0.937889
151300.000000 0.006407 0.883351 0.003256 0.938038
151400.000000 0.006407 0.883352 0.003276 0.937668
151500.000000 0.006404 0.883404 0.003261 0.937951
151600.000000 0.006403 0.883426 0.003261 0.937957
151700.000000 0.006402 0.883442 0.003258 0.938015
151800.000000 0.006402 0.883435 0.003246 0.938244
151900.000000 0.006399 0.883487 0.003253 0.938109
152000.000000 0.006402 0.883435 0.003250 0.938158
152100.000000 0.006398 0.883515 0.003246 0.938231
152200.000000 0.006397 0.883521 0.003253 0.938104
152300.000000 0.006396 0.883547 0.003260 0.937960
152400.000000 0.006395 0.883563 0.003248 0.938189
152500.000000 0.006393 0.883596 0.003255 0.938067
152600.000000 0.006392 0.883611 0.003250 0.938157
152700.000000 0.006391 0.883643 0.003244 0.938265
152800.000000 0.006390 0.883651 0.003255 0.938061
152900.000000 0.006390 0.883657 0.003255 0.938065
153000.000000 0.006388 0.883696 0.003237 0.938401
153100.000000 0.006388 0.883688 0.003231 0.938526
153200.000000 0.006386 0.883731 0.003235 0.938449
153300.000000 0.006384 0.883759 0.003238 0.938388
153400.000000 0.006384 0.883765 0.003239 0.938361
153500.000000 0.006383 0.883786 0.003236 0.938429
153600.000000 0.006382 0.883807 0.003239 0.938369
153700.000000 0.006381 0.883817 0.003231 0.938527
153800.000000 0.006379 0.883849 0.003244 0.938265
153900.000000 0.006379 0.883861 0.003245 0.938252
154000.000000 0.006381 0.883826 0.003230 0.938540
154100.000000 0.006377 0.883888 0.003220 0.938726
154200.000000 0.006376 0.883917 0.003224 0.938661
154300.000000 0.006376 0.883907 0.003237 0.938404
154400.000000 0.006372 0.883977 0.003227 0.938594
154500.000000 0.006372 0.883991 0.003234 0.938456
154600.000000 0.006370 0.884011 0.003229 0.938560
154700.000000 0.006371 0.883996 0.003213 0.938859
154800.000000 0.006370 0.884018 0.003239 0.938371
154900.000000 0.006368 0.884049 0.003229 0.938563
155000.000000 0.006371 0.883998 0.003219 0.938747
155100.000000 0.006365 0.884113 0.003219 0.938739
155200.000000 0.006364 0.884133 0.003220 0.938723
155300.000000 0.006364 0.884135 0.003210 0.938910
155400.000000 0.006363 0.884149 0.003229 0.938553
155500.000000 0.006363 0.884141 0.003228 0.938570
155600.000000 0.006361 0.884181 0.003207 0.938972
155700.000000 0.006359 0.884219 0.003214 0.938850
155800.000000 0.006358 0.884242 0.003213 0.938871
155900.000000 0.006357 0.884249 0.003223 0.938677
156000.000000 0.006356 0.884271 0.003210 0.938914
156100.000000 0.006357 0.884252 0.003221 0.938705
156200.000000 0.006356 0.884273 0.003215 0.938816
156300.000000 0.006355 0.884295 0.003208 0.938952
156400.000000 0.006352 0.884345 0.003218 0.938776
156500.000000 0.006353 0.884326 0.003215 0.938829
156600.000000 0.006349 0.884394 0.003211 0.938905
156700.000000 0.006352 0.884343 0.003221 0.938718
156800.000000 0.006348 0.884422 0.003202 0.939067
156900.000000 0.006347 0.884434 0.003204 0.939035
157000.000000 0.006346 0.884460 0.003196 0.939191
157100.000000 0.006347 0.884444 0.003199 0.939120
157200.000000 0.006344 0.884498 0.003202 0.939080
157300.000000 0.006342 0.884524 0.003199 0.939123
157400.000000 0.006342 0.884533 0.003203 0.939048
157500.000000 0.006341 0.884554 0.003192 0.939271
157600.000000 0.006339 0.884580 0.003199 0.939124
157700.000000 0.006338 0.884598 0.003194 0.939218
157800.000000 0.006339 0.884577 0.003213 0.938856
157900.000000 0.006337 0.884612 0.003184 0.939411
158000.000000 0.006336 0.884646 0.003199 0.939123
158100.000000 0.006334 0.884666 0.003190 0.939296
158200.000000 0.006334 0.884670 0.003195 0.939210
158300.000000 0.006334 0.884672 0.003189 0.939320
158400.000000 0.006332 0.884713 0.003196 0.939178
158500.000000 0.006330 0.884738 0.003196 0.939178
158600.000000 0.006330 0.884750 0.003185 0.939386
158700.000000 0.006332 0.884717 0.003175 0.939581
158800.000000 0.006328 0.884786 0.003194 0.939232
158900.000000 0.006326 0.884817 0.003187 0.939351
159000.000000 0.006325 0.884836 0.003185 0.939403
159100.000000 0.006326 0.884827 0.003172 0.939645
159200.000000 0.006324 0.884859 0.003192 0.939262
159300.000000 0.006323 0.884881 0.003181 0.939479
159400.000000 0.006321 0.884905 0.003184 0.939409
159500.000000 0.006320 0.884921 0.003178 0.939530
159600.000000 0.006320 0.884934 0.003172 0.939648
159700.000000 0.006319 0.884954 0.003185 0.939391
159800.000000 0.006318 0.884968 0.003185 0.939393
159900.000000 0.006316 0.884997 0.003177 0.939546
160000.000000 0.006316 0.884997 0.003186 0.939384
160100.000000 0.006316 0.885004 0.003178 0.939537
160200.000000 0.006314 0.885038 0.003177 0.939542
160300.000000 0.006313 0.885054 0.003175 0.939586
160400.000000 0.006311 0.885087 0.003174 0.939606
160500.000000 0.006310 0.885104 0.003171 0.939658
160600.000000 0.006312 0.885079 0.003169 0.939707
160700.000000 0.006311 0.885099 0.003183 0.939433
160800.000000 0.006309 0.885133 0.003159 0.939887
160900.000000 0.006308 0.885152 0.003175 0.939587
161000.000000 0.006307 0.885174 0.003176 0.939559
161100.000000 0.006305 0.885195 0.003166 0.939749
161200.000000 0.006304 0.885224 0.003168 0.939716
161300.000000 0.006304 0.885227 0.003170 0.939688
161400.000000 0.006302 0.885264 0.003164 0.939801
161500.000000 0.006302 0.885259 0.003165 0.939778
161600.000000 0.006300 0.885295 0.003154 0.939990
161700.000000 0.006299 0.885309 0.003158 0.939900
161800.000000 0.006298 0.885331 0.003152 0.940020
161900.000000 0.006297 0.885347 0.003151 0.940050
162000.000000 0.006297 0.885349 0.003158 0.939912
162100.000000 0.006295 0.885376 0.003149 0.940080
162200.000000 0.006295 0.885390 0.003150 0.940069
162300.000000 0.006293 0.885416 0.003154 0.939986
162400.000000 0.006294 0.885409 0.003141 0.940233
162500.000000 0.006291 0.885453 0.003148 0.940102
162600.000000 0.006293 0.885423 0.003158 0.939908
162700.000000 0.006290 0.885478 0.003143 0.940189
162800.000000 0.006290 0.885480 0.003150 0.940062
162900.000000 0.006291 0.885457 0.003159 0.939898
163000.000000 0.006290 0.885482 0.003152 0.940015
163100.000000 0.006285 0.885558 0.003142 0.940216
163200.000000 0.006285 0.885571 0.003148 0.940102
163300.000000 0.006284 0.885588 0.003140 0.940261
163400.000000 0.006284 0.885580 0.003139 0.940264
163500.000000 0.006286 0.885547 0.003133 0.940382
163600.000000 0.006282 0.885629 0.003138 0.940296
163700.000000 0.006288 0.885518 0.003151 0.940038
163800.000000 0.006283 0.885611 0.003142 0.940213
163900.000000 0.006278 0.885686 0.003147 0.940125
164000.000000 0.006279 0.885682 0.003153 0.940001
164100.000000 0.006278 0.885699 0.003130 0.940434
164200.000000 0.006277 0.885705 0.003147 0.940121
164300.000000 0.006275 0.885747 0.003134 0.940360
164400.000000 0.006274 0.885759 0.003128 0.940480
164500.000000 0.006273 0.885787 0.003132 0.940410
164600.000000 0.006272 0.885810 0.003137 0.940302
164700.000000 0.006272 0.885810 0.003132 0.940404
164800.000000 0.006270 0.885842 0.003128 0.940483
164900.000000 0.006270 0.885842 0.003130 0.940451
165000.000000 0.006268 0.885875 0.003134 0.940359
165100.000000 0.006269 0.885856 0.003142 0.940223
165200.000000 0.006267 0.885897 0.003121 0.940607
165300.000000 0.006268 0.885870 0.003131 0.940421
165400.000000 0.006264 0.885941 0.003131 0.940421
165500.000000 0.006263 0.885962 0.003128 0.940486
165600.000000 0.006264 0.885944 0.003141 0.940238
165700.000000 0.006262 0.885987 0.003118 0.940679
165800.000000 0.006261 0.886011 0.003123 0.940569
165900.000000 0.006260 0.886028 0.003124 0.940551
166000.000000 0.006260 0.886017 0.003121 0.940611
166100.000000 0.006259 0.886039 0.003134 0.940372
166200.000000 0.006258 0.886048 0.003112 0.940789
166300.000000 0.006258 0.886066 0.003118 0.940671
166400.000000 0.006255 0.886104 0.003125 0.940541
166500.000000 0.006254 0.886123 0.003118 0.940679
166600.000000 0.006254 0.886134 0.003120 0.940637
166700.000000 0.006255 0.886106 0.003125 0.940542
166800.000000 0.006252 0.886162 0.003114 0.940738
166900.000000 0.006252 0.886169 0.003122 0.940588
167000.000000 0.006252 0.886165 0.003121 0.940617
167100.000000 0.006249 0.886220 0.003113 0.940759
167200.000000 0.006248 0.886231 0.003115 0.940737
167300.000000 0.006247 0.886254 0.003113 0.940758
167400.000000 0.006246 0.886268 0.003114 0.940737
167500.000000 0.006247 0.886266 0.003121 0.940605
167600.000000 0.006245 0.886286 0.003113 0.940771
167700.000000 0.006246 0.886284 0.003106 0.940900
167800.000000 0.006244 0.886319 0.003098 0.941054
167900.000000 0.006243 0.886322 0.003110 0.940816
168000.000000 0.006242 0.886355 0.003098 0.941054
168100.000000 0.006240 0.886381 0.003102 0.940966
168200.000000 0.006240 0.886382 0.003107 0.940872
168300.000000 0.006238 0.886415 0.003101 0.941001
168400.000000 0.006238 0.886415 0.003099 0.941034
168500.000000 0.006237 0.886433 0.003104 0.940936
168600.000000 0.006236 0.886457 0.003093 0.941143
168700.000000 0.006235 0.886475 0.003104 0.940935
168800.000000 0.006236 0.886466 0.003086 0.941285
168900.000000 0.006239 0.886411 0.003102 0.940981
169000.000000 0.006235 0.886473 0.003105 0.940916
169100.000000 0.006234 0.886493 0.003112 0.940782
169200.000000 0.006232 0.886527 0.003104 0.940940
169300.000000 0.006230 0.886563 0.003090 0.941205
169400.000000 0.006229 0.886584 0.003091 0.941194
169500.000000 0.006230 0.886573 0.003096 0.941093
169600.000000 0.006228 0.886609 0.003084 0.941315
169700.000000 0.006226 0.886636 0.003094 0.941130
169800.000000 0.006227 0.886619 0.003078 0.941439
169900.000000 0.006224 0.886669 0.003084 0.941308
170000.000000 0.006225 0.886658 0.003101 0.940996
170100.000000 0.006223 0.886698 0.003092 0.941160
170200.000000 0.006229 0.886579 0.003097 0.941069
170300.000000 0.006221 0.886731 0.003083 0.941334
170400.000000 0.006222 0.886708 0.003092 0.941162
170500.000000 0.006222 0.886718 0.003100 0.941014
170600.000000 0.006219 0.886771 0.003086 0.941273
170700.000000 0.006218 0.886777 0.003077 0.941450
170800.000000 0.006217 0.886803 0.003088 0.941237
170900.000000 0.006216 0.886814 0.003089 0.941224
171000.000000 0.006215 0.886836 0.003085 0.941304
171100.000000 0.006214 0.886855 0.003075 0.941482
171200.000000 0.006213 0.886872 0.003075 0.941497
171300.000000 0.006213 0.886877 0.003084 0.941326
171400.000000 0.006213 0.886877 0.003086 0.941284
171500.000000 0.006212 0.886903 0.003067 0.941643
171600.000000 0.006212 0.886888 0.003077 0.941456
171700.000000 0.006211 0.886914 0.003076 0.941468
171800.000000 0.006208 0.886963 0.003071 0.941573
171900.000000 0.006208 0.886963 0.003071 0.941571
172000.000000 0.006207 0.886995 0.003070 0.941583
172100.000000 0.006206 0.887011 0.003067 0.941640
172200.000000 0.006205 0.887017 0.003071 0.941559
172300.000000 0.006204 0.887039 0.003071 0.941569
172400.000000 0.006203 0.887054 0.003066 0.941660
172500.000000 0.006203 0.887060 0.003076 0.941471
172600.000000 0.006203 0.887065 0.003071 0.941572
172700.000000 0.006203 0.887058 0.003076 0.941477
172800.000000 0.006201 0.887092 0.003079 0.941409
172900.000000 0.006199 0.887128 0.003070 0.941592
173000.000000 0.006199 0.887135 0.003072 0.941540
173100.000000 0.006198 0.887149 0.003064 0.941694
173200.000000 0.006200 0.887122 0.003071 0.941574
173300.000000 0.006196 0.887190 0.003064 0.941696
173400.000000 0.006196 0.887186 0.003052 0.941919
173500.000000 0.006196 0.887186 0.003060 0.941783
173600.000000 0.006194 0.887216 0.003071 0.941563
173700.000000 0.006194 0.887230 0.003054 0.941884
173800.000000 0.006192 0.887258 0.003055 0.941868
173900.000000 0.006191 0.887280 0.003055 0.941862
174000.000000 0.006191 0.887280 0.003059 0.941797
174100.000000 0.006190 0.887292 0.003046 0.942049
174200.000000 0.006189 0.887319 0.003058 0.941811
174300.000000 0.006190 0.887294 0.003056 0.941849
174400.000000 0.006187 0.887344 0.003061 0.941750
174500.000000 0.006187 0.887350 0.003051 0.941951
174600.000000 0.006185 0.887382 0.003047 0.942022
174700.000000 0.006184 0.887397 0.003049 0.941986
174800.000000 0.006185 0.887379 0.003051 0.941953
174900.000000 0.006183 0.887423 0.003048 0.942005
175000.000000 0.006182 0.887442 0.003045 0.942058
175100.000000 0.006181 0.887453 0.003043 0.942096
175200.000000 0.006182 0.887448 0.003056 0.941848
175300.000000 0.006180 0.887471 0.003044 0.942084
175400.000000 0.006179 0.887496 0.003040 0.942155
175500.000000 0.006180 0.887485 0.003037 0.942207
175600.000000 0.006178 0.887513 0.003049 0.941985
175700.000000 0.006178 0.887518 0.003055 0.941876
175800.000000 0.006176 0.887548 0.003049 0.941988
175900.000000 0.006176 0.887556 0.003037 0.942220
176000.000000 0.006174 0.887584 0.003041 0.942139
176100.000000 0.006173 0.887600 0.003044 0.942081
176200.000000 0.006175 0.887565 0.003042 0.942118
176300.000000 0.006172 0.887626 0.003035 0.942250
176400.000000 0.006171 0.887638 0.003036 0.942233
176500.000000 0.006171 0.887640 0.003028 0.942376
176600.000000 0.006170 0.887664 0.003045 0.942057
176700.000000 0.006169 0.887681 0.003031 0.942330
176800.000000 0.006168 0.887699 0.003032 0.942303
176900.000000 0.006167 0.887709 0.003040 0.942158
177000.000000 0.006168 0.887701 0.003049 0.941991
177100.000000 0.006166 0.887730 0.003034 0.942265
177200.000000 0.006166 0.887729 0.003021 0.942518
177300.000000 0.006166 0.887733 0.003031 0.942331
177400.000000 0.006165 0.887754 0.003022 0.942492
177500.000000 0.006162 0.887799 0.003032 0.942308
177600.000000 0.006162 0.887805 0.003032 0.942303
177700.000000 0.006162 0.887808 0.003040 0.942155
177800.000000 0.006160 0.887838 0.003026 0.942414
177900.000000 0.006162 0.887801 0.003030 0.942345
178000.000000 0.006159 0.887854 0.003022 0.942492
178100.000000 0.006158 0.887875 0.003025 0.942441
178200.000000 0.006157 0.887895 0.003027 0.942407
178300.000000 0.006159 0.887867 0.003025 0.942445
178400.000000 0.006156 0.887912 0.003032 0.942305
178500.000000 0.006155 0.887926 0.003029 0.942366
178600.000000 0.006156 0.887916 0.003009 0.942748
178700.000000 0.006153 0.887963 0.003026 0.942412
178800.000000 0.006153 0.887968 0.003030 0.942348
178900.000000 0.006153 0.887975 0.003016 0.942610
179000.000000 0.006152 0.887983 0.003029 0.942371
179100.000000 0.006151 0.888007 0.003020 0.942532
179200.000000 0.006149 0.888035 0.003019 0.942557
179300.000000 0.006149 0.888047 0.003016 0.942617
179400.000000 0.006150 0.888033 0.003029 0.942365
179500.000000 0.006147 0.888079 0.003018 0.942570
179600.000000 0.006146 0.888092 0.003010 0.942719
179700.000000 0.006147 0.888087 0.003027 0.942404
179800.000000 0.006146 0.888105 0.003015 0.942625
179900.000000 0.006145 0.888120 0.003007 0.942790
180000.000000 0.006144 0.888141 0.003005 0.942830
180100.000000 0.006145 0.888122 0.003020 0.942539
180200.000000 0.006143 0.888154 0.003002 0.942886
180300.000000 0.006142 0.888163 0.003006 0.942801
180400.000000 0.006141 0.888184 0.003013 0.942660
180500.000000 0.006139 0.888217 0.003009 0.942745
180600.000000 0.006140 0.888202 0.003015 0.942627
180700.000000 0.006139 0.888230 0.003006 0.942809
180800.000000 0.006137 0.888255 0.003011 0.942712
180900.000000 0.006137 0.888256 0.003012 0.942685
181000.000000 0.006136 0.888271 0.003015 0.942625
181100.000000 0.006136 0.888270 0.002995 0.943013
181200.000000 0.006137 0.888267 0.002998 0.942952
181300.000000 0.006135 0.888288 0.003014 0.942657
181400.000000 0.006133 0.888336 0.003000 0.942923
181500.000000 0.006134 0.888314 0.003015 0.942628
181600.000000 0.006133 0.888332 0.003015 0.942634
181700.000000 0.006131 0.888362 0.002998 0.942951
181800.000000 0.006130 0.888393 0.002999 0.942928
181900.000000 0.006134 0.888308 0.003001 0.942892
182000.000000 0.006128 0.888420 0.002998 0.942949
182100.000000 0.006128 0.888428 0.002993 0.943049
182200.000000 0.006127 0.888439 0.002990 0.943111
182300.000000 0.006127 0.888450 0.002999 0.942941
182400.000000 0.006128 0.888424 0.002981 0.943276
182500.000000 0.006125 0.888483 0.002990 0.943112
182600.000000 0.006125 0.888485 0.002989 0.943121
182700.000000 0.006124 0.888489 0.002983 0.943243
182800.000000 0.006123 0.888520 0.002995 0.943003
182900.000000 0.006123 0.888509 0.002990 0.943107
183000.000000 0.006123 0.888511 0.002995 0.943011
183100.000000 0.006121 0.888557 0.002995 0.943009
183200.000000 0.006121 0.888560 0.002991 0.943089
183300.000000 0.006119 0.888580 0.002985 0.943209
183400.000000 0.006119 0.888586 0.002986 0.943180
183500.000000 0.006120 0.888561 0.003005 0.942816
183600.000000 0.006119 0.888597 0.002989 0.943131
183700.000000 0.006120 0.888578 0.003008 0.942765
183800.000000 0.006115 0.888653 0.002990 0.943109
183900.000000 0.006115 0.888664 0.002985 0.943199
184000.000000 0.006114 0.888671 0.002978 0.943338
184100.000000 0.006114 0.888681 0.002979 0.943323
184200.000000 0.006112 0.888707 0.002986 0.943189
184300.000000 0.006113 0.888705 0.002981 0.943282
184400.000000 0.006111 0.888732 0.002981 0.943271
184500.000000 0.006111 0.888738 0.002981 0.943286
184600.000000 0.006111 0.888727 0.002974 0.943414
184700.000000 0.006110 0.888751 0.002988 0.943135
184800.000000 0.006111 0.888736 0.002984 0.943211
184900.000000 0.006108 0.888788 0.002976 0.943363
185000.000000 0.006108 0.888789 0.002990 0.943111
185100.000000 0.006106 0.888819 0.002974 0.943417
185200.000000 0.006105 0.888835 0.002976 0.943370
185300.000000 0.006106 0.888822 0.002968 0.943516
185400.000000 0.006104 0.888859 0.002977 0.943358
185500.000000 0.006105 0.888836 0.002971 0.943470
185600.000000 0.006103 0.888878 0.002983 0.943244
185700.000000 0.006102 0.888898 0.002970 0.943489
185800.000000 0.006102 0.888897 0.002964 0.943599
185900.000000 0.006101 0.888916 0.002975 0.943387
186000.000000 0.006100 0.888929 0.002969 0.943502
186100.000000 0.006101 0.888923 0.002961 0.943656
186200.000000 0.006099 0.888953 0.002977 0.943358
186300.000000 0.006099 0.888955 0.002970 0.943482
186400.000000 0.006097 0.888986 0.002971 0.943470
186500.000000 0.006099 0.888955 0.002980 0.943300
186600.000000 0.006096 0.889002 0.002963 0.943623
186700.000000 0.006095 0.889022 0.002966 0.943566
186800.000000 0.006095 0.889017 0.002972 0.943447
186900.000000 0.006095 0.889026 0.002966 0.943569
187000.000000 0.006095 0.889034 0.002978 0.943335
187100.000000 0.006092 0.889073 0.002970 0.943493
187200.000000 0.006092 0.889075 0.002961 0.943649
187300.000000 0.006092 0.889075 0.002962 0.943646
187400.000000 0.006091 0.889106 0.002963 0.943627
187500.000000 0.006093 0.889064 0.002982 0.943253
187600.000000 0.006090 0.889117 0.002952 0.943838
187700.000000 0.006089 0.889139 0.002970 0.943480
187800.000000 0.006088 0.889155 0.002960 0.943675
187900.000000 0.006088 0.889155 0.002967 0.943535
188000.000000 0.006087 0.889180 0.002963 0.943619
188100.000000 0.006085 0.889198 0.002962 0.943638
188200.000000 0.006086 0.889193 0.002950 0.943860
188300.000000 0.006086 0.889192 0.002968 0.943526
188400.000000 0.006083 0.889235 0.002956 0.943752
188500.000000 0.006083 0.889242 0.002956 0.943756
188600.000000 0.006083 0.889250 0.002951 0.943839
188700.000000 0.006082 0.889262 0.002951 0.943842
188800.000000 0.006081 0.889278 0.002947 0.943926
188900.000000 0.006082 0.889261 0.002959 0.943692
189000.000000 0.006079 0.889308 0.002949 0.943890
189100.000000 0.006079 0.889313 0.002952 0.943825
189200.000000 0.006078 0.889331 0.002956 0.943745
189300.000000 0.006078 0.889326 0.002951 0.943841
189400.000000 0.006078 0.889332 0.002953 0.943814
189500.000000 0.006076 0.889367 0.002954 0.943792
189600.000000 0.006076 0.889375 0.002946 0.943944
189700.000000 0.006075 0.889392 0.002951 0.943840
189800.000000 0.006075 0.889387 0.002958 0.943713
189900.000000 0.006073 0.889421 0.002946 0.943950
190000.000000 0.006073 0.889420 0.002939 0.944067
190100.000000 0.006072 0.889442 0.002949 0.943885
190200.000000 0.006072 0.889451 0.002944 0.943986
190300.000000 0.006071 0.889464 0.002939 0.944067
190400.000000 0.006071 0.889463 0.002952 0.943823
190500.000000 0.006070 0.889484 0.002949 0.943884
190600.000000 0.006069 0.889504 0.002943 0.943998
190700.000000 0.006068 0.889516 0.002938 0.944089
190800.000000 0.006069 0.889507 0.002939 0.944079
190900.000000 0.006067 0.889535 0.002937 0.944111
191000.000000 0.006068 0.889517 0.002934 0.944166
191100.000000 0.006066 0.889558 0.002936 0.944132
191200.000000 0.006065 0.889573 0.002941 0.944033
191300.000000 0.006064 0.889581 0.002944 0.943976
191400.000000 0.006064 0.889596 0.002940 0.944050
191500.000000 0.006063 0.889600 0.002937 0.944111
191600.000000 0.006063 0.889610 0.002943 0.944007
191700.000000 0.006062 0.889633 0.002938 0.944088
191800.000000 0.006065 0.889573 0.002955 0.943768
191900.000000 0.006061 0.889647 0.002931 0.944221
192000.000000 0.006062 0.889628 0.002949 0.943891
192100.000000 0.006059 0.889672 0.002931 0.944230
192200.000000 0.006060 0.889654 0.002948 0.943908
192300.000000 0.006059 0.889689 0.002929 0.944269
192400.000000 0.006059 0.889672 0.002918 0.944473
192500.000000 0.006057 0.889724 0.002927 0.944296
192600.000000 0.006056 0.889739 0.002932 0.944217
192700.000000 0.006058 0.889706 0.002940 0.944063
192800.000000 0.006056 0.889734 0.002933 0.944182
192900.000000 0.006054 0.889768 0.002924 0.944357
193000.000000 0.006054 0.889771 0.002924 0.944360
193100.000000 0.006053 0.889782 0.002930 0.944244
193200.000000 0.006052 0.889803 0.002929 0.944270
193300.000000 0.006054 0.889772 0.002922 0.944409
193400.000000 0.006051 0.889833 0.002925 0.944338
193500.000000 0.006052 0.889815 0.002937 0.944111
193600.000000 0.006054 0.889779 0.002945 0.943965
193700.000000 0.006049 0.889856 0.002921 0.944422
193800.000000 0.006048 0.889875 0.002927 0.944310
193900.000000 0.006048 0.889890 0.002922 0.944396
194000.000000 0.006047 0.889892 0.002928 0.944283
194100.000000 0.006047 0.889901 0.002917 0.944493
194200.000000 0.006046 0.889923 0.002918 0.944470
194300.000000 0.006045 0.889932 0.002922 0.944399
194400.000000 0.006044 0.889948 0.002920 0.944444
194500.000000 0.006045 0.889939 0.002931 0.944226
194600.000000 0.006044 0.889956 0.002910 0.944631
194700.000000 0.006043 0.889973 0.002915 0.944533
194800.000000 0.006044 0.889956 0.002921 0.944412
194900.000000 0.006042 0.889994 0.002911 0.944604
195000.000000 0.006042 0.889990 0.002910 0.944622
195100.000000 0.006043 0.889973 0.002914 0.944548
195200.000000 0.006040 0.890021 0.002906 0.944697
195300.000000 0.006039 0.890043 0.002911 0.944612
195400.000000 0.006040 0.890022 0.002930 0.944241
195500.000000 0.006038 0.890070 0.002911 0.944616
195600.000000 0.006038 0.890066 0.002905 0.944719
195700.000000 0.006038 0.890071 0.002907 0.944680
195800.000000 0.006036 0.890099 0.002909 0.944647
195900.000000 0.006036 0.890095 0.002904 0.944734
196000.000000 0.006035 0.890124 0.002907 0.944686
196100.000000 0.006034 0.890137 0.002907 0.944681
196200.000000 0.006033 0.890147 0.002914 0.944557
196300.000000 0.006033 0.890152 0.002903 0.944770
196400.000000 0.006032 0.890164 0.002915 0.944524
196500.000000 0.006032 0.890177 0.002908 0.944659
196600.000000 0.006033 0.890163 0.002907 0.944684
196700.000000 0.006031 0.890200 0.002906 0.944712
196800.000000 0.006030 0.890205 0.002911 0.944607
196900.000000 0.006031 0.890189 0.002901 0.944807
197000.000000 0.006029 0.890228 0.002896 0.944896
197100.000000 0.006029 0.890234 0.002896 0.944899
197200.000000 0.006028 0.890242 0.002906 0.944709
197300.000000 0.006027 0.890270 0.002905 0.944717
197400.000000 0.006026 0.890275 0.002909 0.944643
197500.000000 0.006026 0.890274 0.002899 0.944830
197600.000000 0.006025 0.890303 0.002901 0.944792
197700.000000 0.006026 0.890288 0.002905 0.944721
197800.000000 0.006024 0.890317 0.002905 0.944718
197900.000000 0.006024 0.890327 0.002910 0.944636
198000.000000 0.006023 0.890343 0.002898 0.944854
198100.000000 0.006023 0.890345 0.002909 0.944650
198200.000000 0.006025 0.890299 0.002904 0.944744
198300.000000 0.006022 0.890355 0.002897 0.944868
198400.000000 0.006020 0.890384 0.002904 0.944741
198500.000000 0.006019 0.890403 0.002896 0.944887
198600.000000 0.006020 0.890391 0.002900 0.944827
198700.000000 0.006019 0.890416 0.002903 0.944757
198800.000000 0.006019 0.890403 0.002904 0.944740
198900.000000 0.006017 0.890438 0.002889 0.945034
199000.000000 0.006017 0.890438 0.002892 0.944965
199100.000000 0.006016 0.890460 0.002900 0.944812
199200.000000 0.006016 0.890468 0.002900 0.944823
199300.000000 0.006016 0.890471 0.002885 0.945109
199400.000000 0.006016 0.890468 0.002906 0.944697
199500.000000 0.006016 0.890468 0.002879 0.945222
199600.000000 0.006016 0.890469 0.002911 0.944603
199700.000000 0.006013 0.890521 0.002889 0.945029
199800.000000 0.006013 0.890526 0.002897 0.944882
199900.000000 0.006012 0.890532 0.002881 0.945171
200000.000000 0.006011 0.890559 0.002890 0.945002
