130.000000 0.518599 0.677500 0.530212 0.660000
260.000000 0.198955 0.977500 0.207186 0.970000
390.000000 0.109547 0.972500 0.125863 0.950000
520.000000 0.094679 0.955000 0.114938 0.950000
650.000000 0.075058 0.970000 0.095067 0.950000
780.000000 0.057212 0.980000 0.075553 0.980000
910.000000 0.044168 0.990000 0.061125 0.980000
1040.000000 0.092355 0.945000 0.121278 0.950000
1170.000000 0.082626 0.962500 0.113775 0.950000
1300.000000 0.049544 0.980000 0.071384 0.970000
1430.000000 0.079855 0.957500 0.106454 0.940000
1560.000000 0.056083 0.970000 0.078061 0.940000
1690.000000 0.070085 0.962500 0.094290 0.950000
1820.000000 0.065764 0.957500 0.092758 0.940000
1950.000000 0.050779 0.977500 0.076869 0.950000
2080.000000 0.037292 0.982500 0.059831 0.980000
2210.000000 0.075683 0.962500 0.104503 0.940000
2340.000000 0.027900 0.987500 0.047569 0.980000
2470.000000 0.028993 0.987500 0.046525 0.980000
2600.000000 0.028851 0.990000 0.043957 0.990000
2730.000000 0.037871 0.980000 0.059971 0.960000
2860.000000 0.078766 0.955000 0.113120 0.940000
2990.000000 0.029717 0.990000 0.045069 0.970000
3120.000000 0.018978 0.997500 0.032983 0.980000
3250.000000 0.021411 0.992500 0.037677 0.980000
3380.000000 0.023391 0.995000 0.036870 0.990000
3510.000000 0.050461 0.977500 0.075330 0.960000
3640.000000 0.036363 0.980000 0.065449 0.980000
3770.000000 0.021594 0.997500 0.034425 0.990000
3900.000000 0.059047 0.977500 0.090261 0.960000
