13.000000 0.681977 0.607500 0.704543 0.560000
26.000000 0.678901 0.607500 0.701222 0.560000
39.000000 0.676056 0.607500 0.698224 0.560000
52.000000 0.673420 0.607500 0.694966 0.560000
65.000000 0.670948 0.607500 0.690571 0.560000
78.000000 0.668481 0.607500 0.687308 0.560000
91.000000 0.666051 0.607500 0.684010 0.560000
104.000000 0.663611 0.607500 0.680042 0.560000
117.000000 0.661113 0.607500 0.675961 0.560000
130.000000 0.658567 0.607500 0.671976 0.560000
143.000000 0.656174 0.607500 0.667448 0.560000
156.000000 0.653442 0.607500 0.664816 0.560000
169.000000 0.650787 0.607500 0.660858 0.560000
182.000000 0.648169 0.607500 0.656314 0.560000
195.000000 0.645580 0.607500 0.651228 0.560000
208.000000 0.642944 0.607500 0.648274 0.560000
221.000000 0.640394 0.607500 0.644784 0.560000
234.000000 0.638032 0.607500 0.641675 0.560000
247.000000 0.635658 0.607500 0.636959 0.560000
260.000000 0.633364 0.607500 0.631882 0.560000
273.000000 0.631230 0.607500 0.629029 0.560000
286.000000 0.629202 0.607500 0.623261 0.560000
299.000000 0.627060 0.607500 0.620818 0.560000
312.000000 0.625122 0.607500 0.617305 0.560000
325.000000 0.623215 0.607500 0.614375 0.560000
338.000000 0.621352 0.607500 0.610374 0.560000
351.000000 0.619670 0.607500 0.609613 0.560000
364.000000 0.617962 0.607500 0.607522 0.560000
377.000000 0.616309 0.607500 0.605662 0.560000
390.000000 0.614302 0.607500 0.600640 0.560000
403.000000 0.612530 0.607500 0.598789 0.560000
416.000000 0.610685 0.607500 0.595061 0.560000
429.000000 0.608963 0.412500 0.591327 0.460000
442.000000 0.607194 0.390000 0.588924 0.430000
455.000000 0.605711 0.410000 0.584917 0.500000
468.000000 0.603965 0.432500 0.582234 0.520000
481.000000 0.602105 0.422500 0.580157 0.510000
494.000000 0.600342 0.410000 0.578524 0.500000
507.000000 0.598597 0.415000 0.576374 0.510000
520.000000 0.596870 0.432500 0.574118 0.520000
533.000000 0.595204 0.425000 0.572488 0.520000
546.000000 0.593755 0.475000 0.568984 0.600000
559.000000 0.591899 0.457500 0.567708 0.570000
572.000000 0.590255 0.462500 0.565904 0.570000
585.000000 0.588767 0.495000 0.562699 0.600000
598.000000 0.586975 0.475000 0.561921 0.600000
611.000000 0.585391 0.432500 0.561724 0.520000
624.000000 0.583778 0.432500 0.560138 0.520000
637.000000 0.582193 0.515000 0.554991 0.620000
650.000000 0.580824 0.535000 0.552655 0.650000
663.000000 0.578969 0.530000 0.551088 0.630000
676.000000 0.577192 0.497500 0.550938 0.610000
689.000000 0.575589 0.492500 0.549871 0.600000
702.000000 0.574153 0.462500 0.549530 0.570000
715.000000 0.572361 0.517500 0.545491 0.620000
728.000000 0.570804 0.535000 0.543402 0.650000
741.000000 0.569191 0.545000 0.540793 0.660000
754.000000 0.567525 0.545000 0.539812 0.650000
767.000000 0.565894 0.552500 0.537702 0.660000
780.000000 0.564461 0.572500 0.534725 0.680000
793.000000 0.562863 0.577500 0.532118 0.700000
806.000000 0.560903 0.545000 0.533507 0.660000
819.000000 0.559213 0.565000 0.530783 0.670000
832.000000 0.557533 0.560000 0.530059 0.660000
845.000000 0.555816 0.562500 0.527760 0.660000
858.000000 0.554076 0.575000 0.525490 0.700000
871.000000 0.552469 0.597500 0.522604 0.720000
884.000000 0.550542 0.590000 0.521225 0.700000
897.000000 0.548717 0.577500 0.520563 0.700000
910.000000 0.546845 0.587500 0.519137 0.700000
923.000000 0.545003 0.590000 0.518073 0.700000
936.000000 0.543029 0.610000 0.514391 0.720000
949.000000 0.541041 0.605000 0.512696 0.720000
962.000000 0.539266 0.627500 0.508645 0.740000
975.000000 0.537014 0.617500 0.507885 0.730000
988.000000 0.534924 0.625000 0.505800 0.730000
1001.000000 0.532752 0.627500 0.503973 0.740000
1014.000000 0.530696 0.640000 0.500643 0.740000
1027.000000 0.528212 0.685000 0.501273 0.750000
1040.000000 0.525893 0.680000 0.498030 0.750000
1053.000000 0.523402 0.725000 0.497229 0.770000
1066.000000 0.521157 0.767500 0.497527 0.800000
1079.000000 0.518480 0.717500 0.491093 0.780000
1092.000000 0.516051 0.712500 0.488057 0.780000
1105.000000 0.513011 0.797500 0.489595 0.810000
1118.000000 0.510208 0.802500 0.487067 0.830000
1131.000000 0.507316 0.805000 0.483930 0.830000
1144.000000 0.505848 0.872500 0.489316 0.910000
1157.000000 0.501448 0.852500 0.481641 0.860000
1170.000000 0.498249 0.825000 0.475350 0.850000
1183.000000 0.494990 0.837500 0.472582 0.850000
1196.000000 0.491586 0.855000 0.471043 0.870000
1209.000000 0.488250 0.867500 0.469153 0.870000
1222.000000 0.485186 0.892500 0.469249 0.930000
1235.000000 0.481311 0.905000 0.465614 0.920000
1248.000000 0.477809 0.910000 0.463927 0.950000
1261.000000 0.473735 0.897500 0.457155 0.890000
1274.000000 0.470123 0.917500 0.456333 0.950000
1287.000000 0.466386 0.920000 0.453408 0.950000
1300.000000 0.462213 0.915000 0.446227 0.910000
1313.000000 0.459505 0.902500 0.440768 0.900000
1326.000000 0.454429 0.932500 0.443989 0.960000
1339.000000 0.449821 0.935000 0.436343 0.920000
1352.000000 0.445850 0.940000 0.436846 0.960000
1365.000000 0.441039 0.940000 0.429949 0.970000
1378.000000 0.436700 0.957500 0.429032 0.980000
1391.000000 0.432298 0.955000 0.422220 0.950000
1404.000000 0.427575 0.950000 0.419800 0.970000
1417.000000 0.423001 0.955000 0.415798 0.980000
1430.000000 0.418258 0.962500 0.411751 0.990000
1443.000000 0.414694 0.940000 0.404081 0.930000
1456.000000 0.408844 0.962500 0.402906 0.990000
1469.000000 0.404412 0.952500 0.397537 0.980000
1482.000000 0.399203 0.967500 0.395320 0.990000
1495.000000 0.402633 0.917500 0.410747 0.910000
1508.000000 0.389695 0.970000 0.387987 0.990000
1521.000000 0.386232 0.940000 0.379200 0.950000
1534.000000 0.380532 1.000000 0.382653 0.990000
1547.000000 0.375121 0.977500 0.374721 0.990000
1560.000000 0.373103 0.932500 0.365796 0.940000
1573.000000 0.367278 0.990000 0.372443 0.980000
1586.000000 0.361822 0.947500 0.356943 0.980000
1599.000000 0.355896 0.970000 0.355733 0.990000
1612.000000 0.351424 0.997500 0.355484 1.000000
1625.000000 0.349454 0.982500 0.358809 0.970000
1638.000000 0.342308 0.992500 0.348149 0.990000
1651.000000 0.337341 0.965000 0.338806 0.990000
1664.000000 0.334608 0.940000 0.332604 0.970000
1677.000000 0.331142 0.982500 0.342131 0.970000
1690.000000 0.323704 0.965000 0.325587 0.990000
1703.000000 0.319116 0.977500 0.324228 0.990000
1716.000000 0.314622 0.982500 0.319100 0.990000
1729.000000 0.310449 0.970000 0.314376 0.990000
1742.000000 0.306353 0.967500 0.309717 0.990000
1755.000000 0.302109 0.972500 0.305241 0.990000
1768.000000 0.297749 0.977500 0.302623 0.990000
1781.000000 0.295127 0.990000 0.305911 0.980000
1794.000000 0.291654 0.947500 0.291964 0.980000
1807.000000 0.285910 0.990000 0.292771 1.000000
1820.000000 0.282046 0.990000 0.290068 1.000000
1833.000000 0.278313 0.992500 0.287115 0.990000
1846.000000 0.275138 0.992500 0.284627 0.990000
1859.000000 0.270953 0.990000 0.279188 1.000000
1872.000000 0.267821 0.990000 0.277388 0.990000
1885.000000 0.264950 0.992500 0.276076 0.980000
1898.000000 0.260515 0.990000 0.269173 1.000000
1911.000000 0.257205 0.987500 0.264912 1.000000
1924.000000 0.254822 0.987500 0.267133 0.980000
1937.000000 0.251431 0.985000 0.263952 0.980000
1950.000000 0.247609 0.992500 0.255757 1.000000
1963.000000 0.244581 0.987500 0.252238 1.000000
1976.000000 0.241799 0.982500 0.247903 0.990000
1989.000000 0.242947 0.982500 0.257978 0.970000
2002.000000 0.236401 0.992500 0.246327 0.990000
2015.000000 0.233996 0.985000 0.247275 0.980000
2028.000000 0.231644 0.985000 0.245817 0.980000
2041.000000 0.228605 0.982500 0.242188 0.980000
2054.000000 0.225426 0.980000 0.231039 0.990000
2067.000000 0.223026 0.980000 0.227973 0.990000
2080.000000 0.220482 0.992500 0.229388 0.990000
2093.000000 0.219069 0.987500 0.232230 0.980000
2106.000000 0.216158 0.982500 0.229947 0.980000
2119.000000 0.212995 0.987500 0.224365 0.990000
2132.000000 0.210439 0.992500 0.218679 1.000000
2145.000000 0.208548 0.990000 0.219024 0.990000
2158.000000 0.206044 0.992500 0.213902 1.000000
2171.000000 0.205354 0.987500 0.218898 0.980000
2184.000000 0.202385 0.982500 0.208922 0.990000
2197.000000 0.199724 0.992500 0.207876 1.000000
2210.000000 0.198100 0.985000 0.209008 0.990000
2223.000000 0.196763 0.985000 0.209437 0.980000
2236.000000 0.194707 0.990000 0.206717 0.980000
2249.000000 0.193729 0.972500 0.196469 0.990000
2262.000000 0.190219 0.992500 0.197462 1.000000
2275.000000 0.188895 0.982500 0.194207 0.990000
2288.000000 0.187677 0.985000 0.200829 0.980000
2301.000000 0.185816 0.985000 0.198571 0.980000
2314.000000 0.183143 0.990000 0.191421 0.990000
2327.000000 0.181642 0.990000 0.191223 0.990000
2340.000000 0.180509 0.992500 0.191418 0.980000
2353.000000 0.178321 0.992500 0.186167 0.990000
2366.000000 0.177001 0.990000 0.184439 1.000000
2379.000000 0.175792 0.992500 0.186160 0.980000
2392.000000 0.173986 0.987500 0.179995 1.000000
2405.000000 0.172903 0.992500 0.182531 0.990000
2418.000000 0.171699 0.990000 0.182551 0.980000
2431.000000 0.170289 0.985000 0.174003 0.990000
2444.000000 0.168391 0.990000 0.173537 1.000000
2457.000000 0.166871 0.987500 0.175994 0.990000
2470.000000 0.165795 0.987500 0.171078 1.000000
2483.000000 0.164139 0.992500 0.171267 0.990000
2496.000000 0.163023 0.990000 0.172342 0.990000
2509.000000 0.161600 0.992500 0.168360 0.990000
2522.000000 0.162158 0.987500 0.174161 0.980000
2535.000000 0.159189 0.992500 0.165723 0.990000
2548.000000 0.158147 0.997500 0.163821 1.000000
2561.000000 0.156859 0.990000 0.164339 0.990000
2574.000000 0.156324 0.985000 0.166712 0.980000
2587.000000 0.154664 0.990000 0.162458 0.990000
2600.000000 0.153492 0.990000 0.160198 0.990000
2613.000000 0.152424 0.990000 0.159127 0.990000
2626.000000 0.151794 0.992500 0.157485 0.990000
2639.000000 0.150340 0.992500 0.156688 0.990000
2652.000000 0.149526 0.992500 0.156844 0.990000
2665.000000 0.148318 0.992500 0.154657 0.990000
2678.000000 0.147369 0.990000 0.154006 0.990000
2691.000000 0.146390 0.992500 0.153278 0.990000
2704.000000 0.147917 0.980000 0.148685 0.990000
2717.000000 0.144491 0.992500 0.150171 0.990000
2730.000000 0.143706 0.995000 0.148584 1.000000
2743.000000 0.142773 0.992500 0.149962 0.990000
2756.000000 0.141805 0.992500 0.147319 0.990000
2769.000000 0.141862 0.990000 0.143741 1.000000
2782.000000 0.140829 0.987500 0.143791 1.000000
2795.000000 0.139704 0.990000 0.142615 1.000000
2808.000000 0.138431 0.992500 0.145286 0.990000
2821.000000 0.137866 0.992500 0.146084 0.980000
2834.000000 0.137808 0.987500 0.139756 1.000000
2847.000000 0.136860 0.992500 0.138747 1.000000
2860.000000 0.135178 0.992500 0.140176 0.990000
2873.000000 0.135369 0.987500 0.136964 1.000000
2886.000000 0.133669 0.992500 0.139444 0.990000
2899.000000 0.133088 0.990000 0.138602 0.990000
2912.000000 0.132372 0.990000 0.139162 0.990000
2925.000000 0.131780 0.992500 0.139662 0.980000
2938.000000 0.130785 0.990000 0.136187 0.990000
2951.000000 0.131484 0.987500 0.141277 0.980000
2964.000000 0.129793 0.995000 0.132478 1.000000
2977.000000 0.128863 0.990000 0.133322 0.990000
2990.000000 0.128998 0.987500 0.137817 0.980000
3003.000000 0.127978 0.992500 0.134957 0.980000
3016.000000 0.126672 0.992500 0.132256 0.990000
3029.000000 0.127360 0.987500 0.127752 0.990000
3042.000000 0.125457 0.992500 0.131575 0.990000
3055.000000 0.124741 0.992500 0.128934 0.990000
3068.000000 0.124337 0.997500 0.127039 1.000000
3081.000000 0.125934 0.982500 0.125448 0.990000
3094.000000 0.125387 0.982500 0.124552 0.990000
3107.000000 0.122574 0.995000 0.125369 1.000000
3120.000000 0.121821 0.990000 0.125903 0.990000
3133.000000 0.121784 0.992500 0.122871 1.000000
3146.000000 0.120732 0.992500 0.126782 0.990000
3159.000000 0.120029 0.992500 0.124896 0.990000
3172.000000 0.119479 0.992500 0.124233 0.990000
3185.000000 0.120053 0.995000 0.124212 0.990000
3198.000000 0.118820 0.992500 0.125660 0.980000
3211.000000 0.117960 0.992500 0.123422 0.990000
3224.000000 0.117394 0.992500 0.122777 0.990000
3237.000000 0.116934 0.992500 0.122349 0.990000
3250.000000 0.116918 0.990000 0.124594 0.980000
3263.000000 0.115991 0.990000 0.121691 0.990000
3276.000000 0.115326 0.990000 0.118758 0.990000
3289.000000 0.116642 0.985000 0.116298 1.000000
3302.000000 0.114400 0.990000 0.119221 0.990000
3315.000000 0.114039 0.992500 0.119870 0.990000
3328.000000 0.114467 0.990000 0.114166 1.000000
3341.000000 0.113348 0.990000 0.120161 0.980000
3354.000000 0.112336 0.992500 0.115696 0.990000
3367.000000 0.111874 0.992500 0.115382 0.990000
3380.000000 0.111503 0.992500 0.113866 0.990000
3393.000000 0.111859 1.000000 0.112427 1.000000
3406.000000 0.110719 0.992500 0.114118 0.990000
3419.000000 0.112879 0.985000 0.109772 0.990000
3432.000000 0.109792 0.995000 0.111636 0.990000
3445.000000 0.110921 0.987500 0.119656 0.980000
3458.000000 0.109122 0.997500 0.109935 1.000000
3471.000000 0.108465 0.995000 0.110269 0.990000
3484.000000 0.108183 0.995000 0.109586 0.990000
3497.000000 0.108426 0.987500 0.115525 0.980000
3510.000000 0.107480 0.995000 0.108611 1.000000
3523.000000 0.107888 0.992500 0.106619 1.000000
3536.000000 0.107261 0.987500 0.114322 0.980000
3549.000000 0.106241 0.992500 0.107410 0.990000
3562.000000 0.105587 0.992500 0.108997 0.990000
3575.000000 0.106513 0.985000 0.114450 0.980000
3588.000000 0.105089 0.990000 0.108935 0.990000
3601.000000 0.104636 0.990000 0.108519 0.990000
3614.000000 0.104180 0.992500 0.108465 0.990000
3627.000000 0.104804 0.987500 0.112170 0.980000
3640.000000 0.104863 0.990000 0.102622 1.000000
3653.000000 0.103048 0.992500 0.104941 0.990000
3666.000000 0.103094 0.990000 0.108734 0.980000
3679.000000 0.102791 0.995000 0.103195 1.000000
3692.000000 0.102750 1.000000 0.102091 1.000000
3705.000000 0.101865 0.995000 0.104498 0.990000
3718.000000 0.101578 0.997500 0.101679 1.000000
3731.000000 0.100977 0.992500 0.104794 0.990000
3744.000000 0.100747 0.992500 0.102132 0.990000
3757.000000 0.100215 0.992500 0.102092 0.990000
3770.000000 0.099949 0.992500 0.101877 0.990000
3783.000000 0.100761 0.987500 0.107649 0.980000
3796.000000 0.099319 0.992500 0.102933 0.990000
3809.000000 0.099298 0.997500 0.099180 1.000000
3822.000000 0.098778 0.990000 0.101757 0.990000
3835.000000 0.099152 0.987500 0.105528 0.980000
3848.000000 0.098478 0.997500 0.097667 1.000000
3861.000000 0.100421 0.982500 0.110289 0.980000
3874.000000 0.097582 0.992500 0.101462 0.990000
3887.000000 0.098858 0.992500 0.096005 1.000000
3900.000000 0.097219 1.000000 0.096951 0.990000
3913.000000 0.096786 0.995000 0.100060 0.990000
3926.000000 0.096501 0.997500 0.096120 1.000000
3939.000000 0.096912 0.992500 0.094705 1.000000
3952.000000 0.095712 0.992500 0.099280 0.990000
3965.000000 0.095364 0.992500 0.097742 0.990000
3978.000000 0.095388 0.995000 0.097365 0.990000
3991.000000 0.095409 1.000000 0.094844 0.990000
4004.000000 0.094926 0.997500 0.094475 0.990000
4017.000000 0.094207 0.992500 0.096859 0.990000
4030.000000 0.093903 0.992500 0.095741 0.990000
4043.000000 0.093846 0.992500 0.097172 0.990000
4056.000000 0.093629 0.992500 0.097253 0.990000
4069.000000 0.093133 0.992500 0.093582 0.990000
4082.000000 0.092988 0.990000 0.093740 0.990000
4095.000000 0.092722 0.992500 0.096071 0.990000
4108.000000 0.092496 0.992500 0.095968 0.990000
4121.000000 0.092107 0.992500 0.093864 0.990000
4134.000000 0.092545 0.992500 0.097413 0.980000
4147.000000 0.092020 0.990000 0.096418 0.980000
4160.000000 0.091506 0.992500 0.094941 0.990000
4173.000000 0.091091 0.992500 0.093685 0.990000
4186.000000 0.090867 0.992500 0.092889 0.990000
4199.000000 0.091084 0.990000 0.095722 0.980000
4212.000000 0.090459 0.995000 0.092248 0.990000
4225.000000 0.090411 0.995000 0.093659 0.990000
4238.000000 0.089795 0.992500 0.090777 0.990000
4251.000000 0.089628 0.992500 0.092215 0.990000
4264.000000 0.089458 0.995000 0.089094 0.990000
4277.000000 0.089593 0.997500 0.087800 1.000000
4290.000000 0.088864 0.992500 0.090173 0.990000
4303.000000 0.088667 0.992500 0.089512 0.990000
4316.000000 0.088415 0.992500 0.090560 0.990000
4329.000000 0.088347 0.995000 0.089159 0.990000
4342.000000 0.087915 0.992500 0.088933 0.990000
4355.000000 0.088189 0.992500 0.091887 0.980000
4368.000000 0.087736 0.995000 0.086890 0.990000
4381.000000 0.087415 0.995000 0.086843 0.990000
4394.000000 0.087044 0.992500 0.088057 0.990000
4407.000000 0.086999 0.992500 0.089737 0.990000
4420.000000 0.086802 0.992500 0.089490 0.990000
4433.000000 0.086534 0.992500 0.089078 0.990000
4446.000000 0.086460 0.992500 0.089128 0.990000
4459.000000 0.086504 0.990000 0.090490 0.980000
4472.000000 0.085829 0.992500 0.086078 0.990000
4485.000000 0.085611 0.992500 0.085679 0.990000
4498.000000 0.085554 0.992500 0.088267 0.990000
4511.000000 0.085530 0.995000 0.088445 0.990000
4524.000000 0.085596 0.997500 0.083006 1.000000
4537.000000 0.085366 0.990000 0.088781 0.980000
4550.000000 0.084555 0.992500 0.085075 0.990000
4563.000000 0.084477 0.992500 0.086841 0.990000
4576.000000 0.084225 0.992500 0.086133 0.990000
4589.000000 0.084297 0.992500 0.087526 0.980000
4602.000000 0.085337 0.987500 0.091823 0.980000
4615.000000 0.083738 0.995000 0.082671 0.990000
4628.000000 0.084350 0.990000 0.089154 0.980000
4641.000000 0.083210 0.992500 0.083415 0.990000
4654.000000 0.083218 0.992500 0.082639 0.990000
4667.000000 0.082946 0.992500 0.082425 0.990000
4680.000000 0.083239 0.990000 0.087148 0.980000
4693.000000 0.082723 0.990000 0.082677 0.990000
4706.000000 0.082921 0.992500 0.081331 0.990000
4719.000000 0.082481 0.995000 0.080945 0.990000
4732.000000 0.082351 0.992500 0.080952 0.990000
4745.000000 0.082755 0.987500 0.087616 0.980000
4758.000000 0.081850 0.995000 0.080355 0.990000
4771.000000 0.083638 0.990000 0.078045 0.990000
4784.000000 0.081990 0.997500 0.078748 1.000000
4797.000000 0.081200 0.992500 0.080041 0.990000
4810.000000 0.081102 0.995000 0.081114 0.990000
4823.000000 0.080795 0.992500 0.079825 0.990000
4836.000000 0.081099 0.997500 0.078113 1.000000
4849.000000 0.080399 0.992500 0.081724 0.990000
4862.000000 0.082819 0.987500 0.076666 0.990000
4875.000000 0.080339 0.992500 0.083287 0.980000
4888.000000 0.080007 0.992500 0.078753 0.990000
4901.000000 0.079782 0.995000 0.078206 0.990000
4914.000000 0.083536 0.985000 0.075985 0.990000
4927.000000 0.079473 0.992500 0.078391 0.990000
4940.000000 0.079860 0.990000 0.083950 0.980000
4953.000000 0.078960 0.992500 0.079290 0.990000
4966.000000 0.078895 0.992500 0.080558 0.990000
4979.000000 0.078659 0.992500 0.078655 0.990000
4992.000000 0.078845 0.995000 0.080025 0.990000
5005.000000 0.078343 0.992500 0.077475 0.990000
5018.000000 0.078986 0.995000 0.076268 1.000000
5031.000000 0.079682 0.987500 0.085619 0.980000
5044.000000 0.078412 0.992500 0.081149 0.980000
5057.000000 0.078554 0.997500 0.074869 1.000000
5070.000000 0.077759 0.995000 0.079059 0.990000
5083.000000 0.077387 0.992500 0.077040 0.990000
5096.000000 0.077225 0.992500 0.077015 0.990000
5109.000000 0.077316 0.992500 0.076608 0.990000
5122.000000 0.076918 0.992500 0.076756 0.990000
5135.000000 0.077020 0.992500 0.078726 0.990000
5148.000000 0.076806 0.992500 0.075351 0.990000
5161.000000 0.077354 0.990000 0.081514 0.980000
5174.000000 0.078456 0.990000 0.072525 1.000000
5187.000000 0.076849 0.997500 0.073459 1.000000
5200.000000 0.076119 0.992500 0.074786 0.990000
5213.000000 0.075907 0.992500 0.075736 0.990000
5226.000000 0.075824 0.992500 0.076823 0.990000
5239.000000 0.075865 0.992500 0.078007 0.990000
5252.000000 0.076207 0.990000 0.079917 0.980000
5265.000000 0.075616 0.992500 0.077887 0.980000
5278.000000 0.075213 0.992500 0.074700 0.990000
5291.000000 0.075214 0.992500 0.076905 0.990000
5304.000000 0.076266 0.987500 0.080827 0.980000
5317.000000 0.075157 0.995000 0.074210 0.990000
5330.000000 0.075008 0.990000 0.073371 0.990000
5343.000000 0.074532 0.992500 0.073316 0.990000
5356.000000 0.074334 0.992500 0.073641 0.990000
5369.000000 0.074759 1.000000 0.071779 1.000000
5382.000000 0.074861 0.990000 0.078229 0.980000
5395.000000 0.074443 0.995000 0.076458 0.990000
5408.000000 0.074083 0.992500 0.075797 0.990000
5421.000000 0.073714 0.992500 0.074324 0.990000
5434.000000 0.073817 0.992500 0.075736 0.990000
5447.000000 0.073811 0.995000 0.075461 0.990000
5460.000000 0.073351 0.992500 0.072563 0.990000
5473.000000 0.074069 0.995000 0.070232 1.000000
5486.000000 0.073238 0.995000 0.070987 0.990000
5499.000000 0.073534 1.000000 0.070079 1.000000
5512.000000 0.072988 0.992500 0.074682 0.990000
5525.000000 0.073957 0.990000 0.078248 0.980000
5538.000000 0.072611 0.992500 0.071488 0.990000
5551.000000 0.072375 0.992500 0.071956 0.990000
5564.000000 0.073230 0.992500 0.076818 0.980000
5577.000000 0.072580 0.997500 0.070348 0.990000
5590.000000 0.072236 0.995000 0.070483 0.990000
5603.000000 0.071941 0.992500 0.070328 0.990000
5616.000000 0.073369 0.992500 0.067728 1.000000
5629.000000 0.071712 0.992500 0.072058 0.990000
5642.000000 0.071969 0.992500 0.074386 0.980000
5655.000000 0.071641 0.995000 0.072732 0.990000
5668.000000 0.071566 0.995000 0.068820 0.990000
5681.000000 0.071277 0.992500 0.069445 0.990000
5694.000000 0.071221 0.992500 0.071998 0.990000
5707.000000 0.071432 1.000000 0.068261 0.990000
5720.000000 0.070857 0.992500 0.071223 0.990000
5733.000000 0.070692 0.992500 0.070362 0.990000
5746.000000 0.070572 0.992500 0.070277 0.990000
5759.000000 0.070737 0.995000 0.068031 0.990000
5772.000000 0.070700 0.992500 0.072524 0.990000
5785.000000 0.070413 0.992500 0.071372 0.990000
5798.000000 0.070379 0.992500 0.071810 0.990000
5811.000000 0.070028 0.992500 0.069728 0.990000
5824.000000 0.070290 0.992500 0.072175 0.990000
5837.000000 0.070160 0.992500 0.072253 0.980000
5850.000000 0.070022 0.995000 0.066751 0.990000
5863.000000 0.070133 0.992500 0.072794 0.980000
5876.000000 0.069676 0.995000 0.066943 0.990000
5889.000000 0.069795 0.992500 0.071950 0.980000
5902.000000 0.069532 0.992500 0.071286 0.990000
5915.000000 0.069402 0.995000 0.067137 0.990000
5928.000000 0.069113 0.992500 0.066830 0.990000
5941.000000 0.068932 0.992500 0.067240 0.990000
5954.000000 0.069179 0.992500 0.071168 0.980000
5967.000000 0.069227 1.000000 0.065659 1.000000
5980.000000 0.068654 0.992500 0.068981 0.990000
5993.000000 0.068750 0.992500 0.069042 0.990000
6006.000000 0.068378 0.992500 0.067009 0.990000
6019.000000 0.068456 0.992500 0.069545 0.990000
6032.000000 0.068339 0.992500 0.069430 0.990000
6045.000000 0.070080 0.987500 0.075847 0.980000
6058.000000 0.068520 0.992500 0.070524 0.980000
6071.000000 0.067985 0.992500 0.068644 0.990000
6084.000000 0.070146 0.987500 0.076520 0.980000
6097.000000 0.067890 0.995000 0.068501 0.990000
6110.000000 0.071171 0.990000 0.079130 0.980000
6123.000000 0.067573 0.992500 0.067487 0.990000
6136.000000 0.068807 0.992500 0.062844 1.000000
6149.000000 0.067369 0.995000 0.066920 0.990000
6162.000000 0.067539 0.995000 0.064087 0.990000
6175.000000 0.067021 0.992500 0.065898 0.990000
6188.000000 0.067212 0.992500 0.065283 0.990000
6201.000000 0.067286 0.992500 0.067688 0.990000
6214.000000 0.067628 0.990000 0.070525 0.980000
6227.000000 0.068342 0.987500 0.073242 0.980000
6240.000000 0.066615 0.992500 0.064381 0.990000
6253.000000 0.066618 0.992500 0.067432 0.990000
6266.000000 0.066975 0.997500 0.062779 1.000000
6279.000000 0.066744 0.997500 0.062825 1.000000
6292.000000 0.066270 0.992500 0.064287 0.990000
6305.000000 0.066055 0.992500 0.065326 0.990000
6318.000000 0.066363 0.997500 0.062572 0.990000
6331.000000 0.066023 0.992500 0.063196 0.990000
6344.000000 0.065977 0.995000 0.062977 0.990000
6357.000000 0.065797 0.992500 0.063171 0.990000
6370.000000 0.065855 0.992500 0.066968 0.990000
6383.000000 0.065591 0.992500 0.065851 0.990000
6396.000000 0.065848 0.997500 0.062079 0.990000
6409.000000 0.065332 0.992500 0.064886 0.990000
6422.000000 0.065452 0.992500 0.065628 0.990000
6435.000000 0.065159 0.992500 0.063161 0.990000
6448.000000 0.066189 0.997500 0.060587 1.000000
6461.000000 0.065408 0.995000 0.061514 0.990000
6474.000000 0.065564 0.990000 0.068235 0.980000
6487.000000 0.064892 0.992500 0.062155 0.990000
6500.000000 0.065296 0.992500 0.067562 0.980000
