130.000000 0.681480 0.585000 0.659151 0.650000
260.000000 0.678020 0.585000 0.658243 0.650000
390.000000 0.675018 0.585000 0.656168 0.650000
520.000000 0.671768 0.585000 0.655635 0.650000
650.000000 0.667996 0.585000 0.656821 0.650000
780.000000 0.663615 0.585000 0.655663 0.640000
910.000000 0.658738 0.455000 0.654782 0.460000
1040.000000 0.653073 0.380000 0.656620 0.350000
1170.000000 0.646153 0.372500 0.648895 0.340000
1300.000000 0.638083 0.412500 0.643574 0.390000
1430.000000 0.629053 0.502500 0.641457 0.440000
1560.000000 0.619382 0.517500 0.632635 0.440000
1690.000000 0.609559 0.542500 0.626442 0.470000
1820.000000 0.599933 0.562500 0.618970 0.500000
1950.000000 0.590725 0.595000 0.615196 0.550000
2080.000000 0.582143 0.590000 0.604883 0.540000
2210.000000 0.574250 0.602500 0.598982 0.550000
2340.000000 0.567111 0.640000 0.597945 0.590000
2470.000000 0.560504 0.640000 0.590832 0.580000
2600.000000 0.554662 0.650000 0.587410 0.590000
2730.000000 0.549560 0.637500 0.578340 0.580000
2860.000000 0.544662 0.670000 0.580959 0.600000
2990.000000 0.540254 0.652500 0.573425 0.590000
3120.000000 0.536305 0.662500 0.570185 0.600000
3250.000000 0.532797 0.680000 0.571347 0.620000
3380.000000 0.529353 0.675000 0.566343 0.600000
3510.000000 0.526305 0.675000 0.563985 0.620000
3640.000000 0.523522 0.675000 0.559577 0.600000
3770.000000 0.520884 0.687500 0.561306 0.620000
3900.000000 0.518419 0.685000 0.556309 0.620000
