130.000000 0.620160 0.382500 0.595965 0.520000
260.000000 0.589399 0.532500 0.560983 0.640000
390.000000 0.566415 0.587500 0.536463 0.670000
520.000000 0.548193 0.607500 0.518108 0.690000
650.000000 0.532041 0.662500 0.503335 0.720000
780.000000 0.516187 0.727500 0.489399 0.740000
910.000000 0.500265 0.770000 0.476244 0.770000
1040.000000 0.483995 0.847500 0.462912 0.840000
1170.000000 0.467666 0.875000 0.450079 0.870000
1300.000000 0.451351 0.922500 0.438196 0.900000
1430.000000 0.435205 0.950000 0.425865 0.910000
1560.000000 0.419305 0.960000 0.413477 0.920000
1690.000000 0.403960 0.967500 0.401214 0.920000
1820.000000 0.389185 0.972500 0.390216 0.940000
1950.000000 0.374830 0.970000 0.379044 0.930000
2080.000000 0.361264 0.980000 0.368205 0.960000
2210.000000 0.348463 0.972500 0.357888 0.950000
2340.000000 0.336293 0.987500 0.348923 0.980000
2470.000000 0.324715 0.987500 0.339184 0.980000
2600.000000 0.313653 0.985000 0.330555 0.980000
2730.000000 0.303266 0.985000 0.321991 0.980000
2860.000000 0.293529 0.980000 0.313493 0.950000
2990.000000 0.284098 0.985000 0.305828 0.980000
3120.000000 0.275231 0.992500 0.299274 0.980000
3250.000000 0.266869 0.990000 0.291542 0.980000
3380.000000 0.258952 0.992500 0.285240 0.980000
3510.000000 0.251468 0.995000 0.279116 0.990000
3640.000000 0.244447 0.992500 0.273486 0.990000
3770.000000 0.237722 0.992500 0.267750 0.990000
3900.000000 0.231427 0.992500 0.261813 0.980000
