13.000000 0.652686 0.617500 0.652592 0.650000
26.000000 0.635413 0.355000 0.647588 0.330000
39.000000 0.632373 0.607500 0.650219 0.560000
52.000000 0.631067 0.607500 0.650269 0.560000
65.000000 0.629540 0.607500 0.648632 0.560000
78.000000 0.628001 0.607500 0.647009 0.560000
91.000000 0.626465 0.607500 0.645318 0.560000
104.000000 0.624803 0.525000 0.640259 0.440000
117.000000 0.623208 0.607500 0.641290 0.560000
130.000000 0.621480 0.540000 0.637362 0.460000
143.000000 0.619942 0.607500 0.637577 0.560000
156.000000 0.618537 0.607500 0.637281 0.560000
169.000000 0.616563 0.607500 0.633975 0.560000
182.000000 0.615380 0.607500 0.634529 0.560000
195.000000 0.613031 0.495000 0.628686 0.430000
208.000000 0.611421 0.607500 0.628095 0.560000
221.000000 0.609734 0.360000 0.623302 0.330000
234.000000 0.607833 0.367500 0.622144 0.350000
247.000000 0.606536 0.427500 0.618502 0.410000
260.000000 0.604377 0.387500 0.617720 0.360000
273.000000 0.602649 0.407500 0.615547 0.400000
286.000000 0.600749 0.355000 0.615201 0.330000
299.000000 0.599422 0.607500 0.616106 0.560000
312.000000 0.597407 0.430000 0.610082 0.410000
325.000000 0.595592 0.362500 0.610143 0.330000
338.000000 0.594093 0.397500 0.609746 0.360000
351.000000 0.592091 0.435000 0.605061 0.410000
364.000000 0.590442 0.480000 0.602258 0.450000
377.000000 0.588662 0.475000 0.600715 0.450000
390.000000 0.587006 0.500000 0.598360 0.470000
403.000000 0.585714 0.530000 0.595248 0.520000
416.000000 0.583712 0.515000 0.594270 0.510000
429.000000 0.582218 0.537500 0.591746 0.530000
442.000000 0.580190 0.502500 0.591937 0.480000
455.000000 0.578655 0.465000 0.591746 0.450000
468.000000 0.576960 0.492500 0.589466 0.450000
481.000000 0.575602 0.545000 0.584745 0.570000
494.000000 0.573776 0.540000 0.583677 0.530000
507.000000 0.572131 0.530000 0.582617 0.520000
520.000000 0.571076 0.572500 0.578740 0.610000
533.000000 0.569055 0.557500 0.578132 0.570000
546.000000 0.567434 0.557500 0.576503 0.590000
559.000000 0.565868 0.522500 0.577331 0.510000
572.000000 0.564589 0.507500 0.577045 0.500000
585.000000 0.563104 0.515000 0.575505 0.510000
598.000000 0.561186 0.557500 0.570811 0.570000
611.000000 0.559753 0.542500 0.570414 0.550000
624.000000 0.558510 0.522500 0.570277 0.520000
637.000000 0.556643 0.567500 0.565778 0.600000
650.000000 0.555195 0.552500 0.565364 0.570000
663.000000 0.553662 0.585000 0.561742 0.610000
676.000000 0.552725 0.617500 0.558138 0.650000
689.000000 0.550680 0.560000 0.560628 0.590000
702.000000 0.549036 0.575000 0.557930 0.610000
715.000000 0.547478 0.597500 0.554809 0.620000
728.000000 0.546040 0.575000 0.555034 0.610000
741.000000 0.544408 0.597500 0.552121 0.620000
754.000000 0.542871 0.605000 0.549949 0.640000
767.000000 0.541486 0.580000 0.550625 0.610000
780.000000 0.540519 0.560000 0.551244 0.590000
793.000000 0.538068 0.617500 0.544373 0.650000
806.000000 0.536464 0.605000 0.543993 0.640000
819.000000 0.534782 0.605000 0.542081 0.640000
832.000000 0.533196 0.637500 0.537781 0.650000
845.000000 0.531480 0.640000 0.535888 0.650000
858.000000 0.530373 0.662500 0.532597 0.670000
871.000000 0.527926 0.650000 0.531850 0.650000
884.000000 0.526025 0.632500 0.532211 0.650000
897.000000 0.524103 0.637500 0.529465 0.650000
910.000000 0.522295 0.655000 0.526001 0.670000
923.000000 0.520368 0.640000 0.526460 0.650000
936.000000 0.518362 0.637500 0.523922 0.650000
949.000000 0.516504 0.670000 0.518271 0.690000
962.000000 0.514233 0.667500 0.516645 0.690000
975.000000 0.512179 0.682500 0.517319 0.720000
988.000000 0.509804 0.680000 0.512838 0.690000
1001.000000 0.507611 0.682500 0.509811 0.700000
1014.000000 0.506045 0.745000 0.512034 0.770000
1027.000000 0.503254 0.737500 0.507547 0.770000
1040.000000 0.501996 0.707500 0.499280 0.720000
1053.000000 0.498096 0.747500 0.500146 0.790000
1066.000000 0.495638 0.760000 0.496259 0.790000
1079.000000 0.492992 0.770000 0.494082 0.790000
1092.000000 0.492948 0.717500 0.487349 0.740000
1105.000000 0.489069 0.730000 0.484864 0.770000
1118.000000 0.485392 0.777500 0.482902 0.820000
1131.000000 0.482125 0.807500 0.481261 0.830000
1144.000000 0.481211 0.772500 0.475255 0.830000
1157.000000 0.476395 0.822500 0.474318 0.850000
1170.000000 0.474811 0.887500 0.478933 0.880000
1183.000000 0.470320 0.842500 0.467669 0.860000
1196.000000 0.469193 0.897500 0.473456 0.890000
1209.000000 0.465245 0.910000 0.467964 0.890000
1222.000000 0.460911 0.862500 0.457003 0.880000
1235.000000 0.457821 0.860000 0.452860 0.880000
1248.000000 0.457602 0.937500 0.462253 0.920000
1261.000000 0.456516 0.815000 0.443747 0.870000
1274.000000 0.449370 0.862500 0.440091 0.900000
1287.000000 0.444368 0.887500 0.437832 0.890000
1300.000000 0.440415 0.907500 0.436142 0.910000
1313.000000 0.439444 0.870000 0.428376 0.910000
1326.000000 0.433337 0.910000 0.427156 0.910000
1339.000000 0.429702 0.930000 0.425342 0.940000
1352.000000 0.427256 0.937500 0.425927 0.920000
1365.000000 0.422366 0.925000 0.415791 0.930000
1378.000000 0.419020 0.937500 0.415483 0.940000
1391.000000 0.420160 0.870000 0.404214 0.910000
1404.000000 0.414725 0.897500 0.400055 0.910000
1417.000000 0.407396 0.937500 0.397039 0.960000
1430.000000 0.402867 0.950000 0.393700 0.970000
1443.000000 0.401878 0.965000 0.400957 0.970000
1456.000000 0.396429 0.922500 0.383047 0.940000
1469.000000 0.390678 0.962500 0.382392 0.970000
1482.000000 0.387613 0.970000 0.382502 0.960000
1495.000000 0.382786 0.952500 0.371385 0.970000
1508.000000 0.378620 0.955000 0.367041 0.970000
1521.000000 0.374257 0.972500 0.365542 0.980000
1534.000000 0.370625 0.975000 0.363346 0.960000
1547.000000 0.366062 0.957500 0.354472 0.970000
1560.000000 0.361771 0.957500 0.349451 0.970000
1573.000000 0.358007 0.952500 0.344057 0.970000
1586.000000 0.355810 0.985000 0.350822 0.980000
1599.000000 0.353594 0.962500 0.350276 0.980000
1612.000000 0.346571 0.940000 0.329898 0.960000
1625.000000 0.340899 0.955000 0.326881 0.970000
1638.000000 0.336453 0.980000 0.324765 0.980000
1651.000000 0.335111 0.937500 0.316320 0.960000
1664.000000 0.330561 0.987500 0.323960 0.980000
1677.000000 0.327036 0.985000 0.320887 0.980000
1690.000000 0.319945 0.980000 0.307456 0.980000
1703.000000 0.315910 0.980000 0.303239 0.980000
1716.000000 0.314214 0.987500 0.306579 0.980000
1729.000000 0.309371 0.952500 0.291882 0.970000
1742.000000 0.304136 0.970000 0.289553 0.980000
1755.000000 0.300311 0.977500 0.287093 0.980000
1768.000000 0.297577 0.955000 0.280016 0.970000
1781.000000 0.292504 0.980000 0.278595 0.980000
1794.000000 0.288935 0.990000 0.276428 1.000000
1807.000000 0.285998 0.987500 0.274337 1.000000
1820.000000 0.282656 0.957500 0.264364 0.970000
1833.000000 0.278336 0.997500 0.266718 1.000000
1846.000000 0.281172 0.967500 0.275770 0.980000
1859.000000 0.271203 0.992500 0.258074 1.000000
1872.000000 0.268866 0.957500 0.250676 0.970000
1885.000000 0.264642 0.990000 0.252472 1.000000
1898.000000 0.262258 0.990000 0.251613 1.000000
1911.000000 0.257953 0.997500 0.245639 1.000000
1924.000000 0.255400 0.965000 0.237159 0.980000
1937.000000 0.251335 0.980000 0.235906 0.980000
1950.000000 0.248682 0.972500 0.232408 0.980000
1963.000000 0.245876 0.972500 0.228704 0.980000
1976.000000 0.243043 0.972500 0.225308 0.980000
1989.000000 0.239481 0.985000 0.223627 0.980000
2002.000000 0.236681 0.992500 0.222990 1.000000
2015.000000 0.233897 0.985000 0.218629 0.990000
2028.000000 0.232009 0.972500 0.214219 0.980000
2041.000000 0.228563 0.997500 0.214495 1.000000
2054.000000 0.228461 0.985000 0.218542 1.000000
2067.000000 0.223498 0.985000 0.207882 0.980000
2080.000000 0.222257 0.990000 0.210985 1.000000
2093.000000 0.218612 0.985000 0.202739 0.990000
2106.000000 0.216748 0.990000 0.204144 1.000000
2119.000000 0.216747 0.962500 0.196561 0.980000
2132.000000 0.211611 0.995000 0.196743 1.000000
2145.000000 0.209581 0.990000 0.194519 1.000000
2158.000000 0.207200 0.997500 0.193549 1.000000
2171.000000 0.205558 0.985000 0.188565 0.980000
2184.000000 0.202951 0.997500 0.188531 1.000000
2197.000000 0.201825 0.982500 0.183895 0.980000
2210.000000 0.198931 0.990000 0.183513 1.000000
2223.000000 0.197846 0.977500 0.180888 0.980000
2236.000000 0.195053 0.997500 0.180746 1.000000
2249.000000 0.193413 0.987500 0.177061 1.000000
2262.000000 0.191459 0.990000 0.177682 1.000000
2275.000000 0.190204 0.997500 0.178890 1.000000
2288.000000 0.188055 0.987500 0.174458 0.990000
2301.000000 0.188341 0.985000 0.177982 1.000000
2314.000000 0.184622 0.990000 0.172002 1.000000
2327.000000 0.182708 0.992500 0.167626 1.000000
2340.000000 0.184054 0.967500 0.164483 0.980000
2353.000000 0.179711 0.990000 0.166748 1.000000
2366.000000 0.177947 0.992500 0.163067 1.000000
2379.000000 0.176416 0.992500 0.161927 1.000000
2392.000000 0.175263 0.990000 0.162467 1.000000
2405.000000 0.175006 0.977500 0.157531 0.980000
2418.000000 0.172075 0.992500 0.157569 1.000000
2431.000000 0.170657 0.992500 0.157054 1.000000
2444.000000 0.169209 0.997500 0.155208 1.000000
2457.000000 0.168105 0.990000 0.153466 1.000000
2470.000000 0.166741 0.990000 0.153987 1.000000
2483.000000 0.165818 0.992500 0.154543 1.000000
2496.000000 0.168871 0.972500 0.158044 1.000000
2509.000000 0.163110 0.995000 0.147041 1.000000
2522.000000 0.161831 0.990000 0.146607 1.000000
2535.000000 0.161410 0.987500 0.149760 1.000000
2548.000000 0.159278 0.990000 0.144035 1.000000
2561.000000 0.158080 0.995000 0.143008 1.000000
2574.000000 0.156872 0.997500 0.144370 1.000000
2587.000000 0.156720 0.990000 0.143046 0.980000
2600.000000 0.155328 0.992500 0.144073 1.000000
2613.000000 0.153550 0.992500 0.141031 1.000000
2626.000000 0.152973 0.992500 0.141575 1.000000
2639.000000 0.151923 0.992500 0.140307 1.000000
2652.000000 0.150393 0.997500 0.136357 1.000000
2665.000000 0.149999 0.987500 0.136210 0.990000
2678.000000 0.148978 0.990000 0.136838 1.000000
2691.000000 0.147937 0.992500 0.136164 1.000000
2704.000000 0.146938 0.987500 0.132262 1.000000
2717.000000 0.146009 0.990000 0.133582 1.000000
2730.000000 0.145719 0.985000 0.134131 1.000000
2743.000000 0.144934 0.987500 0.129847 0.980000
2756.000000 0.143000 0.990000 0.128807 1.000000
2769.000000 0.142247 0.990000 0.128687 1.000000
2782.000000 0.141309 0.990000 0.128522 1.000000
2795.000000 0.141710 0.990000 0.132169 1.000000
2808.000000 0.139513 1.000000 0.127529 1.000000
2821.000000 0.141388 0.980000 0.125321 0.980000
2834.000000 0.137803 1.000000 0.125505 1.000000
2847.000000 0.136952 0.990000 0.124364 1.000000
2860.000000 0.136326 1.000000 0.124937 1.000000
2873.000000 0.135701 0.992500 0.123887 1.000000
2886.000000 0.134769 0.995000 0.122372 1.000000
2899.000000 0.137265 0.985000 0.126538 1.000000
2912.000000 0.133114 0.990000 0.119997 1.000000
2925.000000 0.132841 0.992500 0.117992 1.000000
2938.000000 0.131711 0.990000 0.119056 1.000000
2951.000000 0.131015 1.000000 0.119199 1.000000
2964.000000 0.132357 0.985000 0.121547 1.000000
2977.000000 0.129628 0.990000 0.116856 1.000000
2990.000000 0.129206 0.992500 0.115988 1.000000
3003.000000 0.128267 0.990000 0.116186 1.000000
3016.000000 0.131540 0.975000 0.116673 0.980000
3029.000000 0.127007 0.990000 0.113559 1.000000
3042.000000 0.126260 0.992500 0.113868 1.000000
3055.000000 0.125839 0.995000 0.113576 1.000000
3068.000000 0.125569 0.990000 0.113730 1.000000
3081.000000 0.124890 0.992500 0.112594 1.000000
3094.000000 0.124221 0.992500 0.114053 1.000000
3107.000000 0.123211 0.992500 0.110153 1.000000
3120.000000 0.122822 0.990000 0.109623 1.000000
3133.000000 0.122903 0.987500 0.109802 1.000000
3146.000000 0.121884 0.990000 0.109448 1.000000
3159.000000 0.121924 0.990000 0.111140 1.000000
3172.000000 0.120502 0.990000 0.107603 1.000000
3185.000000 0.120702 0.987500 0.106800 0.990000
3198.000000 0.119988 0.990000 0.105832 1.000000
3211.000000 0.119093 1.000000 0.108724 1.000000
3224.000000 0.118837 0.990000 0.106492 1.000000
3237.000000 0.119166 0.985000 0.105715 1.000000
3250.000000 0.117272 0.997500 0.104458 1.000000
3263.000000 0.118006 0.987500 0.106597 1.000000
3276.000000 0.117840 0.987500 0.103947 0.980000
3289.000000 0.115694 0.990000 0.103072 1.000000
3302.000000 0.115214 0.990000 0.102315 1.000000
3315.000000 0.115798 0.985000 0.103827 1.000000
3328.000000 0.114206 0.990000 0.101824 1.000000
3341.000000 0.114060 0.990000 0.101353 1.000000
3354.000000 0.113497 0.992500 0.102153 1.000000
3367.000000 0.112802 1.000000 0.101209 1.000000
3380.000000 0.113010 0.992500 0.102883 1.000000
3393.000000 0.113794 0.985000 0.102142 1.000000
3406.000000 0.112785 0.985000 0.100486 1.000000
3419.000000 0.112325 0.987500 0.097698 0.990000
3432.000000 0.110721 0.992500 0.098952 1.000000
3445.000000 0.111795 0.987500 0.098285 0.980000
3458.000000 0.110089 0.992500 0.100336 1.000000
3471.000000 0.109355 1.000000 0.098269 1.000000
3484.000000 0.109750 0.990000 0.095528 1.000000
3497.000000 0.110389 0.987500 0.093726 1.000000
3510.000000 0.109410 0.990000 0.093239 1.000000
3523.000000 0.108035 0.997500 0.093773 1.000000
3536.000000 0.107716 0.992500 0.094788 1.000000
3549.000000 0.108584 0.987500 0.094637 0.980000
3562.000000 0.107356 0.990000 0.093225 1.000000
3575.000000 0.107243 0.987500 0.093582 0.990000
3588.000000 0.106119 0.997500 0.091604 1.000000
3601.000000 0.105560 0.992500 0.095569 1.000000
3614.000000 0.105244 0.995000 0.095525 1.000000
3627.000000 0.106718 0.985000 0.096824 1.000000
3640.000000 0.104182 0.990000 0.091822 1.000000
3653.000000 0.104525 0.992500 0.092698 1.000000
3666.000000 0.103670 0.992500 0.091809 1.000000
3679.000000 0.104833 0.987500 0.095490 1.000000
3692.000000 0.103102 0.995000 0.091805 1.000000
3705.000000 0.103597 0.987500 0.089892 0.990000
3718.000000 0.102022 0.992500 0.089906 1.000000
3731.000000 0.101804 0.990000 0.089323 1.000000
3744.000000 0.101705 0.997500 0.087989 1.000000
3757.000000 0.101193 0.990000 0.088884 1.000000
3770.000000 0.101801 0.987500 0.088766 1.000000
3783.000000 0.102683 0.985000 0.092371 1.000000
3796.000000 0.100081 1.000000 0.088814 1.000000
3809.000000 0.102389 0.987500 0.089357 0.980000
3822.000000 0.099470 0.992500 0.086333 1.000000
3835.000000 0.100276 0.990000 0.086019 1.000000
3848.000000 0.099006 0.992500 0.088970 1.000000
3861.000000 0.098666 0.997500 0.085363 1.000000
3874.000000 0.098172 0.992500 0.086915 1.000000
3887.000000 0.097857 0.995000 0.086497 1.000000
3900.000000 0.098758 0.987500 0.085502 0.990000
3913.000000 0.097298 0.990000 0.084858 1.000000
3926.000000 0.097384 0.992500 0.084420 1.000000
3939.000000 0.097668 0.995000 0.088369 1.000000
3952.000000 0.096400 0.992500 0.084853 1.000000
3965.000000 0.096202 0.997500 0.083221 1.000000
3978.000000 0.095823 0.992500 0.084383 1.000000
3991.000000 0.095618 0.997500 0.083726 1.000000
4004.000000 0.095435 1.000000 0.083641 1.000000
4017.000000 0.095097 0.997500 0.082651 1.000000
4030.000000 0.095774 0.990000 0.082653 1.000000
4043.000000 0.094475 0.992500 0.081615 1.000000
4056.000000 0.094223 0.997500 0.081896 1.000000
4069.000000 0.094905 0.990000 0.083925 1.000000
4082.000000 0.094675 0.987500 0.081607 1.000000
4095.000000 0.093530 0.990000 0.081187 1.000000
4108.000000 0.094499 0.990000 0.084944 1.000000
4121.000000 0.092883 0.992500 0.081411 1.000000
4134.000000 0.092578 0.990000 0.080409 1.000000
4147.000000 0.095167 0.985000 0.084806 1.000000
4160.000000 0.092128 1.000000 0.080881 1.000000
4173.000000 0.091871 0.990000 0.079211 1.000000
4186.000000 0.091621 0.992500 0.078798 1.000000
4199.000000 0.091467 0.990000 0.078289 1.000000
4212.000000 0.091130 0.992500 0.079522 1.000000
4225.000000 0.091940 0.990000 0.077858 1.000000
4238.000000 0.091395 0.990000 0.078929 1.000000
4251.000000 0.090650 0.997500 0.077926 1.000000
4264.000000 0.090142 0.995000 0.077811 1.000000
4277.000000 0.090195 0.992500 0.078556 1.000000
4290.000000 0.091028 0.990000 0.081205 1.000000
4303.000000 0.089668 0.992500 0.079304 1.000000
4316.000000 0.091290 0.987500 0.079388 0.980000
4329.000000 0.090686 0.987500 0.080738 1.000000
4342.000000 0.089254 0.992500 0.076888 1.000000
4355.000000 0.088563 0.990000 0.076465 1.000000
4368.000000 0.088470 0.990000 0.075662 1.000000
4381.000000 0.088369 0.990000 0.075144 1.000000
4394.000000 0.087912 0.992500 0.077080 1.000000
4407.000000 0.088210 0.995000 0.079540 1.000000
4420.000000 0.088006 0.992500 0.076911 1.000000
4433.000000 0.087507 0.997500 0.074874 1.000000
4446.000000 0.087375 0.992500 0.076259 1.000000
4459.000000 0.086876 0.992500 0.075355 1.000000
4472.000000 0.086817 0.997500 0.073903 1.000000
4485.000000 0.086585 0.992500 0.072917 1.000000
4498.000000 0.086518 0.990000 0.072692 1.000000
4511.000000 0.086158 0.992500 0.074584 1.000000
4524.000000 0.085971 0.997500 0.073819 1.000000
4537.000000 0.086425 0.992500 0.075409 1.000000
4550.000000 0.085451 1.000000 0.073975 1.000000
4563.000000 0.085567 0.992500 0.074684 1.000000
4576.000000 0.084966 0.990000 0.072918 1.000000
4589.000000 0.084828 0.995000 0.074122 1.000000
4602.000000 0.084668 1.000000 0.073691 1.000000
4615.000000 0.084933 0.990000 0.071298 1.000000
4628.000000 0.084274 0.997500 0.071843 1.000000
4641.000000 0.084610 0.997500 0.070148 1.000000
4654.000000 0.084033 0.992500 0.072605 1.000000
4667.000000 0.084040 0.992500 0.073497 1.000000
4680.000000 0.084086 0.992500 0.074690 1.000000
4693.000000 0.084143 0.992500 0.073440 1.000000
4706.000000 0.083262 0.992500 0.073307 1.000000
4719.000000 0.083126 1.000000 0.071498 1.000000
4732.000000 0.083794 0.992500 0.074124 1.000000
4745.000000 0.083817 0.990000 0.076752 0.990000
4758.000000 0.084295 0.987500 0.072551 1.000000
4771.000000 0.082174 0.992500 0.070601 1.000000
4784.000000 0.082386 0.992500 0.071331 1.000000
4797.000000 0.081883 1.000000 0.070825 1.000000
4810.000000 0.082139 0.995000 0.070548 1.000000
4823.000000 0.081549 1.000000 0.070803 1.000000
4836.000000 0.081635 0.990000 0.069305 1.000000
4849.000000 0.081135 0.995000 0.069728 1.000000
4862.000000 0.081160 0.997500 0.068187 1.000000
4875.000000 0.081103 0.997500 0.067508 1.000000
4888.000000 0.081943 0.990000 0.069130 1.000000
4901.000000 0.080899 0.995000 0.069346 1.000000
4914.000000 0.080337 0.992500 0.069186 1.000000
4927.000000 0.080148 0.997500 0.068908 1.000000
4940.000000 0.082929 0.987500 0.069595 0.980000
4953.000000 0.079819 0.992500 0.068352 1.000000
4966.000000 0.079864 0.992500 0.069050 1.000000
4979.000000 0.079493 0.992500 0.067691 1.000000
4992.000000 0.080158 0.992500 0.066956 1.000000
5005.000000 0.080128 0.990000 0.065903 1.000000
5018.000000 0.079831 0.990000 0.067142 1.000000
5031.000000 0.078920 0.992500 0.067022 1.000000
5044.000000 0.079195 0.992500 0.067316 1.000000
5057.000000 0.079788 0.990000 0.068048 1.000000
5070.000000 0.078451 0.992500 0.066966 1.000000
5083.000000 0.078279 0.997500 0.066355 1.000000
5096.000000 0.078742 0.995000 0.067724 1.000000
5109.000000 0.078348 0.992500 0.066701 1.000000
5122.000000 0.078315 0.995000 0.068397 1.000000
5135.000000 0.077816 0.990000 0.065257 1.000000
5148.000000 0.077534 0.992500 0.064966 1.000000
5161.000000 0.077429 0.997500 0.065347 1.000000
5174.000000 0.077377 0.992500 0.067143 1.000000
5187.000000 0.077080 0.992500 0.066049 1.000000
5200.000000 0.076967 1.000000 0.065340 1.000000
5213.000000 0.077096 0.992500 0.065302 1.000000
5226.000000 0.076675 0.990000 0.064559 1.000000
5239.000000 0.076506 0.990000 0.064264 1.000000
5252.000000 0.076471 0.995000 0.066393 1.000000
5265.000000 0.077044 0.992500 0.064891 1.000000
5278.000000 0.077525 0.990000 0.067851 1.000000
5291.000000 0.076742 0.992500 0.065591 1.000000
5304.000000 0.076870 0.990000 0.064395 1.000000
5317.000000 0.075826 0.995000 0.066019 1.000000
5330.000000 0.075821 0.997500 0.063055 1.000000
5343.000000 0.075514 1.000000 0.064917 1.000000
5356.000000 0.075474 0.992500 0.065347 1.000000
5369.000000 0.075303 0.997500 0.063612 1.000000
5382.000000 0.075972 0.992500 0.064886 1.000000
5395.000000 0.075864 0.992500 0.066953 1.000000
5408.000000 0.074937 1.000000 0.064595 1.000000
5421.000000 0.074661 0.992500 0.061747 1.000000
5434.000000 0.074555 0.997500 0.062751 1.000000
5447.000000 0.074316 0.992500 0.062866 1.000000
5460.000000 0.074188 0.992500 0.062019 1.000000
5473.000000 0.074425 0.995000 0.063412 1.000000
5486.000000 0.074042 1.000000 0.063775 1.000000
5499.000000 0.074084 0.992500 0.062181 1.000000
5512.000000 0.075044 0.987500 0.063294 1.000000
5525.000000 0.073691 1.000000 0.062713 1.000000
5538.000000 0.074086 0.992500 0.062080 1.000000
5551.000000 0.073345 0.997500 0.061551 1.000000
5564.000000 0.073208 1.000000 0.061871 1.000000
5577.000000 0.073078 0.992500 0.061770 1.000000
5590.000000 0.073096 0.990000 0.060753 1.000000
5603.000000 0.072821 0.995000 0.061885 1.000000
5616.000000 0.072752 0.995000 0.060213 1.000000
5629.000000 0.072580 0.995000 0.061675 1.000000
5642.000000 0.072748 1.000000 0.061309 1.000000
5655.000000 0.072785 0.992500 0.062377 1.000000
5668.000000 0.074797 0.990000 0.063833 0.980000
5681.000000 0.072308 0.997500 0.059552 1.000000
5694.000000 0.074303 0.990000 0.064540 0.990000
5707.000000 0.072848 0.992500 0.061817 1.000000
5720.000000 0.071841 1.000000 0.061315 1.000000
5733.000000 0.071758 0.992500 0.060309 1.000000
5746.000000 0.072343 0.990000 0.059031 1.000000
5759.000000 0.071475 0.990000 0.058674 1.000000
5772.000000 0.071444 0.992500 0.058114 1.000000
5785.000000 0.071453 1.000000 0.060012 1.000000
5798.000000 0.071221 0.990000 0.058835 1.000000
5811.000000 0.071175 0.992500 0.059791 1.000000
5824.000000 0.071106 0.992500 0.059841 1.000000
5837.000000 0.070749 1.000000 0.059180 1.000000
5850.000000 0.070917 0.997500 0.058086 1.000000
5863.000000 0.070484 0.995000 0.058891 1.000000
5876.000000 0.070373 0.995000 0.058689 1.000000
5889.000000 0.070309 0.992500 0.057933 1.000000
5902.000000 0.071430 0.992500 0.060379 1.000000
5915.000000 0.070305 0.992500 0.059929 1.000000
5928.000000 0.070478 0.992500 0.058055 1.000000
5941.000000 0.070211 0.992500 0.058115 1.000000
5954.000000 0.069823 0.995000 0.057260 1.000000
5967.000000 0.069944 1.000000 0.060263 1.000000
5980.000000 0.069709 0.992500 0.058752 1.000000
5993.000000 0.070750 0.990000 0.058620 1.000000
6006.000000 0.069664 0.992500 0.059019 1.000000
6019.000000 0.069275 0.995000 0.058828 1.000000
6032.000000 0.070058 0.992500 0.058725 1.000000
6045.000000 0.069145 1.000000 0.058066 1.000000
6058.000000 0.070651 0.987500 0.053928 1.000000
6071.000000 0.068866 0.992500 0.056148 1.000000
6084.000000 0.068807 0.990000 0.056401 1.000000
6097.000000 0.068698 0.990000 0.055749 1.000000
6110.000000 0.068791 0.992500 0.056470 1.000000
6123.000000 0.068705 1.000000 0.057760 1.000000
6136.000000 0.069055 0.990000 0.056265 1.000000
6149.000000 0.068277 0.990000 0.055877 1.000000
6162.000000 0.068339 0.990000 0.055687 1.000000
6175.000000 0.068276 0.997500 0.056556 1.000000
6188.000000 0.068142 0.997500 0.055921 1.000000
6201.000000 0.068217 0.992500 0.056275 1.000000
6214.000000 0.068478 0.995000 0.058727 1.000000
6227.000000 0.068905 0.990000 0.057412 1.000000
6240.000000 0.068679 0.992500 0.057834 1.000000
6253.000000 0.068930 0.992500 0.057996 1.000000
6266.000000 0.067405 0.995000 0.057165 1.000000
6279.000000 0.067399 1.000000 0.055963 1.000000
6292.000000 0.067393 0.995000 0.058024 1.000000
6305.000000 0.067193 1.000000 0.056817 1.000000
6318.000000 0.067068 0.995000 0.056918 1.000000
6331.000000 0.067983 0.992500 0.057446 1.000000
6344.000000 0.066825 0.997500 0.055177 1.000000
6357.000000 0.066759 0.992500 0.055135 1.000000
6370.000000 0.067860 0.992500 0.055860 1.000000
6383.000000 0.066956 0.997500 0.054073 1.000000
6396.000000 0.066544 0.992500 0.055620 1.000000
6409.000000 0.067502 0.992500 0.055403 1.000000
6422.000000 0.067437 0.992500 0.054275 1.000000
6435.000000 0.067827 0.987500 0.053877 1.000000
6448.000000 0.066316 1.000000 0.055178 1.000000
6461.000000 0.066968 0.992500 0.055991 1.000000
6474.000000 0.066323 0.992500 0.054462 1.000000
6487.000000 0.066251 0.995000 0.055336 1.000000
6500.000000 0.066242 0.992500 0.054373 1.000000
