-0.300248 0.203406 -0.074002 -0.461670 0.622774 -0.193527 0.137965 0.299630 0.155322 -0.520984
-0.402000 0.489654 1.081050 0.657654 -0.232674 -0.145446 -0.614815 0.743115 0.507803 -0.488634
-0.386164 -0.106313 -0.320655 -0.132914 0.242533 -0.412294 0.201235 -0.079902 0.705513 -0.264015
0.057171 0.498764 -0.615613 -0.151222 -0.654078 -0.081130 0.165486 -0.487022 0.596823 0.274894
-0.184765 0.186447 0.661321 -0.082443 -0.453267 0.075196 1.021180 1.188000 0.059668 -0.019071
0.944618 -0.544840 -0.127840 -0.257994 -1.090482 0.260463 -0.325727 -0.089289 0.044986 0.175884
0.306459 -0.153504 -0.049068 0.140117 0.626897 -0.153794 0.310653 0.013514 0.130260 0.299751
-0.040907 -0.037072 -0.767576 -0.181310 0.564601 0.201285 -0.441278 -0.301352 0.171585 -0.073042
-0.126553 0.824697 0.032107 -0.535165 0.456898 -0.208511 -0.017841 0.428566 -0.430849 -0.022756
0.490342 0.141016 -0.012618 0.202759 0.307190 -0.573450 0.233577 0.525938 0.115973 0.363221
-0.086344 -0.064076 0.415028 -0.242931 0.034021 0.114818 0.439520 0.063381 -0.149813 -0.726056
0.180092 0.077681 -0.741307 -0.927027 -0.149362 -0.505428 -0.125719 0.497727 -0.156134 -0.373799
-0.711283 0.224559 -0.583488 0.653105 -0.421853 0.717923 0.003466 -0.641358 -0.056770 0.129399
1.228494 0.501663 0.460164 0.128907 0.209498 0.071446 -0.122414 0.661108 0.115764 -0.785503
-0.048861 -0.412861 0.109556 -0.485435 -0.090875 0.369829 0.268894 0.653931 0.440294 0.001014
-0.622469 0.064121 -0.442879 -0.303775 -0.002152 0.107150 0.140383 -0.644853 0.883897 0.100221
0.412926 0.258431 -0.776430 0.218804 -0.481265 -0.100908 -0.486184 -0.548080 0.089939 -0.414965
-0.426509 0.642387 0.322072 -1.168664 0.446033 0.153687 -0.256555 0.421306 0.287125 0.251000
0.257741 -1.242959 0.138857 -0.145692 0.506071 0.305231 0.339554 0.596707 -0.395090 -0.173426
0.488376 -0.159278 0.453235 -0.465566 0.455477 0.297399 1.097487 -0.608518 -0.258898 -0.074994
-0.417664 0.551613 -0.494326 -0.300524 0.201031 -0.141207 0.121701 -0.091585 0.522178 -0.385747
0.481833 0.236168 0.725620 0.135072 0.238458 -0.407410 -0.822626 -0.147933 0.153611 -0.248490
-0.165576 0.541043 0.306089 -0.666086 -0.169631 -0.103406 -0.255362 -0.225448 -0.011218 -0.101704
0.232946 0.449121 0.051541 1.102930 -0.029096 -0.171270 0.050763 -0.125181 -0.430692 -0.192746
0.181413 0.652930 -0.149341 0.020143 -0.776852 -0.246848 -0.376308 -0.270314 0.017057 -0.552908
-0.255361 -0.165927 -0.207990 0.302162 0.274659 -0.005438 0.051362 -0.626832 -0.355073 -0.163856
0.173645 -0.041537 0.157996 -0.024513 0.256702 0.528176 0.022421 0.561355 -0.135742 -0.477317
-0.054208 -0.259177 0.000878 0.251569 -0.289585 0.034856 0.503672 0.044761 0.701029 -0.030568
-0.039927 -0.102018 -0.458167 0.624251 0.249667 0.292205 -0.182852 0.516513 -0.184514 -0.179824
-0.606975 -0.350180 0.047597 0.499034 0.797223 -0.091531 -0.916302 0.891438 -0.091736 1.082604
0.431316 0.568617 0.816066 0.189776 0.062559 0.343157 0.433182 0.871914 0.595802 -0.068112
-0.393138 -0.044065 -0.284757 -0.097186 0.184451 -0.044562 -0.231312 0.343958 0.296288 0.123971
0.399914 -0.169434 -0.024570 0.542110 -0.017056 -0.718973 -0.064910 -0.435255 0.531924 -0.043750
