0.226106 0.685112 0.674320 0.582389 -0.051156 -0.187960 0.062355 0.320564 0.547322 -0.390743 0.312563 0.246528 -0.555465 -0.199854 0.370761 0.465504
-0.043436 0.298535 0.485830 -1.063156 0.082741 0.546181 -0.628784 -0.105298 -0.653006 -0.460106 0.522577 -0.711542 0.254182 0.021323 -0.377686 -0.234286
0.552963 -0.677855 0.081290 0.007773 -0.362944 0.689035 -0.000563 0.431272 -0.521496 0.224106 -0.191759 0.248653 0.833812 -0.943164 0.456473 -0.001118
0.108264 0.318598 -0.157673 0.248210 0.630131 -0.001232 0.824072 -0.217253 -0.393551 0.405291 -0.468802 -0.087338 0.341459 0.135488 -1.339745 0.890970
0.019668 -0.276589 0.398318 -1.038888 0.412231 0.304382 -0.705923 0.470656 0.411355 0.144261 -0.550309 -1.079084 -0.399720 -0.171439 0.487825 -0.085032
-1.023094 -0.055522 -0.074736 1.007073 -0.020551 0.404808 0.111907 -0.345755 1.019000 -0.113827 0.650568 0.435150 -0.068495 0.075390 0.168958 -0.463542
-0.315821 0.131727 0.348325 -0.348810 0.529586 -0.576800 -0.132854 0.188755 0.247969 -0.246184 0.044344 -0.814885 -0.190450 -0.013930 -0.703250 1.027723
-0.466298 -0.588159 -0.804076 0.007412 -0.035858 -0.608610 -0.541025 -0.130868 -0.399257 -0.284525 0.984288 0.096515 -0.082058 0.503171 0.027265 0.107248
-0.597171 0.401561 -0.468683 -0.612568 -0.155406 -0.180382 0.506714 -0.582981 -0.893881 0.214148 -0.016970 -0.153230 -0.457223 0.134098 0.965284 -0.297431
0.665254 0.237745 -0.376042 0.025891 -0.683184 0.440900 -0.500103 -0.039328 0.428716 -0.082549 -0.146865 -0.434643 -0.500696 -0.242288 -0.028855 -0.830762
0.149506 0.031746 -0.270870 -0.269268 -0.207492 -0.162338 0.373059 0.280410 0.374468 0.322918 0.283921 -0.007299 -0.450433 -0.592186 0.015381 0.311744
-0.081059 0.311413 -0.031987 -0.485464 -0.212452 0.096154 -0.364736 0.120161 -0.344047 -0.032363 0.219568 -0.141782 0.067331 0.562929 0.046380 0.524919
-0.469088 -0.014661 0.322017 0.201167 -0.211991 0.470319 0.052813 -0.149698 -0.296743 0.077896 -0.253230 0.454734 0.608593 -0.433738 0.577315 -0.233195
-0.088609 0.148349 -0.365338 0.045474 -0.150623 -0.028310 0.334626 0.107220 0.363340 0.157133 -0.069268 0.154210 0.211357 0.644823 -0.455751 0.389720
1.123035 -0.430461 0.732151 0.125725 -0.491845 -0.403255 0.005533 0.036395 0.116285 -0.219386 -0.137153 -0.184904 0.555885 -0.012838 0.018167 -0.270084
-0.732520 -0.884452 -0.138550 -0.246433 -0.160942 0.059704 0.043407 -0.017780 0.239097 0.025744 -0.086239 0.229638 -0.172972 0.204056 -0.272624 0.113453
0.046976 -0.197102 0.590908 -0.079432 -0.268418 -0.292653 0.255406 0.097335 0.203537 0.198133 0.425355 -0.147637 -1.109152 -0.018439 0.341577 -0.225555
0.572727 -0.070890 0.032261 -0.630026 -0.049644 -0.402155 -0.007533 0.130175 0.076752 0.186486 0.247540 -0.302132 0.255011 0.236861 0.172157 0.102939
0.055210 0.633680 0.152242 -0.133209 0.329856 -0.204551 -0.246970 -0.103513 0.212228 -0.351936 -0.728146 0.435376 -0.080553 0.133276 -0.160408 -0.130660
0.934002 0.054809 -0.455142 -0.326206 0.090055 -0.123166 -0.108721 -0.118725 0.131242 0.105429 -0.213666 -0.194650 0.542089 0.417656 -0.304358 0.107614
0.320117 0.424710 0.284852 -0.066444 -0.114528 0.286341 -0.218739 0.499952 -0.321779 0.139409 0.644003 0.078140 -0.269096 -0.364888 0.299116 0.397704
-0.200900 0.451345 1.143976 0.131059 -0.017987 -0.648394 -0.739184 0.522435 -0.428499 -0.467095 0.373934 -0.051678 0.407505 0.251881 -0.342655 -0.300751
-0.553563 -0.422682 -0.103104 0.315067 -0.180124 0.156506 -0.625935 0.148117 -0.233614 0.589967 -0.150156 0.187758 0.391621 -0.714013 0.295056 0.084777
0.119862 0.374882 0.375543 0.276353 0.653456 0.289426 0.595123 0.211589 -0.199954 -0.312970 -0.399138 0.477550 0.289499 0.304900 0.055511 0.601827
0.242824 -0.108993 0.441841 -0.547564 0.851594 -0.233786 -0.190097 0.279373 -0.033592 -0.396245 -0.038267 0.364248 0.062285 -0.368658 0.103399 -0.120553
-0.338573 -0.563214 0.525545 -0.395055 0.314885 0.377508 -0.777387 -0.334178 -0.015474 0.348258 0.604547 0.056268 -0.034772 0.140864 -0.295509 -0.262552
-0.099044 -0.653438 -0.061929 0.246091 -0.298153 -0.519703 0.667862 0.098688 0.044107 0.135565 0.279438 -0.327753 -0.204898 0.027114 -0.232110 0.072462
-0.415191 -0.625641 -0.199878 -0.425593 0.056050 -0.309583 -0.081595 -0.190742 -0.043789 -0.198853 0.432937 0.352372 0.012003 0.631508 0.406592 0.644351
-0.134056 -0.053275 0.197727 -0.090245 -0.394574 -0.891803 0.182290 -0.114313 -0.495884 0.338023 -0.043092 0.666464 -0.550804 -0.234800 0.022140 0.168368
0.001424 -0.047371 -0.128383 0.083449 -0.807208 0.007607 -0.219125 -0.207844 0.513556 -0.406928 0.054134 -0.330026 0.101131 -0.241296 -0.059584 -0.581345
-0.314768 0.256804 -0.163301 0.561257 -0.326883 0.501919 -0.583218 -0.447220 -0.299108 -0.313019 -0.281746 0.904044 0.091729 0.241293 -0.362802 0.589482
