0.027787 -0.805547 -0.101096 -0.208805 -0.044398 -0.374217 0.592999 -0.066261 0.105594 -0.002952 0.332714 -0.692305 -0.136206 -0.234887 0.055292 0.167638 0.042883 -0.186960 0.142487 0.061063 0.234598 0.100142 0.009542 -0.358858 0.294445 -0.598719 -0.345153 -0.551363 -0.060626 -0.449405 -0.235873 -0.026205
0.088325 0.174314 -0.183829 -0.447727 -0.043281 -0.176284 0.357048 0.096854 0.501382 0.483025 -0.428199 -0.119270 0.015824 -0.031707 -0.017942 0.235170 -0.056381 0.193515 0.054066 0.011932 -0.247458 -0.073438 0.128131 -0.405674 0.146463 -0.053355 -0.546123 -0.151896 -0.010227 -0.419327 -0.160439 -0.138969
-0.286623 -0.293251 -0.291631 -0.358685 -0.410702 0.549886 0.132828 0.319963 -0.196053 -0.516412 0.037032 -0.712585 -0.059689 0.100960 -0.592270 -0.005658 0.005255 0.228914 0.202263 -0.776568 -0.233740 -0.014161 0.489211 -0.113790 0.016791 -0.110651 -0.165066 0.132054 -0.254651 -0.275255 0.140775 -0.036255
-0.409344 -0.157506 -0.373959 -0.044706 -0.577993 0.016486 -0.560360 0.125362 0.129118 0.257125 -0.069587 -0.370119 0.081696 -0.267130 -0.751904 0.192419 -0.011657 0.486347 -0.234623 0.175495 -0.183966 0.015912 -0.104596 -0.375511 -0.174159 -0.518383 -0.080796 0.085369 0.554285 -0.246670 -0.313931 0.103566
0.284835 0.256591 0.012155 0.124718 -0.049317 0.211916 0.128002 0.078269 0.628807 -0.513303 0.107784 0.017447 -0.060145 0.145159 -0.372807 0.029058 -0.437577 0.263917 -0.015998 0.086078 -0.259283 -0.193140 -0.088010 -0.183868 0.310192 0.240356 -0.445727 -0.255159 0.031345 -0.370478 -0.171264 0.303266
-0.111329 0.203004 0.127033 -0.174324 0.442925 0.029547 0.370339 -0.195134 -0.285748 0.119516 -0.042009 0.310936 0.390717 -0.324170 -0.043270 -0.091629 0.320952 0.198836 -0.114235 0.092224 -0.055277 -0.266370 -0.258751 0.145918 0.051296 -0.303437 0.233639 0.069879 -0.026524 0.288969 -0.377617 0.246921
0.137764 -0.236140 -0.223302 0.291069 0.242802 -0.007567 -0.052752 0.370609 -0.296359 0.015909 -0.345871 -0.130911 -0.225790 -0.068410 -0.559626 -0.439181 -0.474228 -0.173068 -0.093418 -0.110968 -0.439409 -0.029285 0.042807 -0.173420 -0.328766 -0.030204 -0.179754 0.146846 0.383408 -0.145686 -0.369897 -0.474946
-0.078760 -0.236111 0.237328 0.101641 -0.157410 0.015729 0.355697 -0.147285 0.309267 0.019473 0.136514 -0.025616 0.047059 -0.425292 -0.240193 0.668577 0.307034 -0.184808 -0.263765 -0.119926 -0.510711 0.536090 0.241086 0.033490 0.035755 -0.374446 -0.225285 0.329437 -0.007869 -0.456193 -0.054427 -0.191439
-0.207613 -0.193145 -0.052554 -0.128773 -0.043082 0.547312 -0.005006 -0.332835 -0.168036 0.141329 -0.198539 0.164318 -0.060873 -0.375702 -0.167406 -0.129012 -0.476568 0.160609 -0.224374 0.396214 0.283454 0.142249 0.002372 0.070515 -0.148298 -0.048181 0.123219 0.166034 -0.034787 -0.243505 -0.322540 -0.122252
0.070592 0.116522 0.349753 -0.348649 0.378373 0.009553 0.351310 -0.176173 -0.196613 0.448145 -0.071998 -0.395771 0.058775 0.264919 -0.018428 -0.543740 0.417710 -0.138010 -0.629962 0.024660 0.040013 0.471710 -0.201931 0.027476 0.066400 -0.398709 -0.100668 -0.095515 -0.298922 0.105588 -0.244335 0.189429
-0.024240 0.199544 -0.645532 0.162654 0.097234 -0.235253 -0.198029 0.253222 -0.001507 0.082961 0.004913 -0.172926 -0.097975 0.287398 0.203609 0.031298 0.025966 0.400391 -0.071792 0.189915 0.018027 0.115162 0.077893 -0.001424 0.369618 -0.212940 0.126165 -0.332324 -0.353570 -0.211777 -0.129972 -0.138824
0.254800 -0.270935 -0.247618 -0.457373 0.293701 0.083566 0.170509 -0.052672 0.059908 -0.113194 -0.252441 0.026875 -0.352566 0.210233 -0.256772 0.323783 -0.467879 -0.070231 0.651593 -0.046673 -0.400682 0.059886 -0.243865 0.179650 0.208318 -0.228383 -0.105213 0.183145 0.145021 -0.141288 -0.392659 -0.058794
0.123600 0.244935 -0.226453 -0.407322 -0.198905 0.116404 0.605195 0.123759 0.207356 -0.340809 -0.285327 0.063641 0.386238 -0.416547 0.142894 0.452909 -0.096479 0.258614 -0.070065 -0.164226 0.149081 -0.103936 0.081287 0.158253 -1.012020 -0.792729 -0.407158 -0.324912 -0.595162 -0.372172 -0.194476 -0.240559
-0.515778 -0.034280 0.415231 0.020695 -0.249096 0.208824 -0.217862 -0.264363 0.522386 0.114355 0.051118 0.054928 0.259176 -0.256469 0.047838 -0.388471 0.349901 0.546066 0.407500 -0.178188 -0.197306 -0.025821 0.543439 0.198417 0.113101 -0.049271 0.329215 -0.039903 0.257620 0.350903 0.433375 0.141662
-0.114639 -0.232256 -0.205800 0.458493 0.026376 -0.094571 0.022700 -0.124128 -0.107508 -0.086797 0.151039 0.168068 -0.411689 -0.453614 0.228646 -0.653112 -0.042977 0.109339 0.157314 -0.143839 -0.532650 -0.255822 -0.050687 -0.163974 0.233210 -0.239559 -0.044506 -0.166175 0.400253 0.485921 -0.008205 -0.332635
-0.247177 0.560014 -0.087588 -0.037019 -0.043698 -0.135604 -0.247980 -0.130968 -0.089253 0.076362 -0.562677 -0.063289 0.049529 0.265459 -0.463250 -0.011409 0.163479 0.375019 -0.011345 -0.258315 0.239119 -0.085463 0.360023 -0.028701 -0.201448 -0.470036 -0.514579 0.241927 -0.331403 0.009647 0.110822 0.220441
-0.294221 -0.655071 -0.011331 -0.021267 -0.168084 -0.135385 -0.061671 0.020013 0.346636 -0.056736 0.293814 0.269096 0.279751 -0.586429 0.157286 -0.370303 0.124893 -0.439726 -0.128986 -0.281025 0.059215 0.231714 -0.269891 0.027182 0.254863 -0.344180 -0.106904 -0.315849 0.231542 -0.479719 -0.274984 0.405694
-0.121314 0.473238 -0.388414 -0.072404 0.359911 -0.226953 -0.390789 -0.102808 -0.441893 0.100181 0.061017 -0.434693 0.283159 -0.069967 0.166803 -0.019554 0.207222 0.055098 -0.149031 -0.205844 -0.447221 -0.281744 -0.235004 -0.019723 -0.125450 0.276287 -0.507774 0.031902 -0.225665 -0.311901 -0.401852 -0.292525
-0.295500 -0.025798 -0.051427 0.171659 -0.012261 -0.195352 -0.720210 0.327907 0.001223 -0.123365 0.128927 -0.410063 0.013748 0.401027 0.511675 -0.106915 -0.306239 -0.278891 -0.375546 -0.352048 -0.234540 0.421836 -0.050127 -0.302928 -0.321898 0.110093 -0.488772 -0.294013 0.147667 -0.243704 0.330734 0.057908
-0.015886 -0.187749 -0.194243 -0.189181 -0.831646 0.124825 -0.317112 0.505808 -0.091702 0.412906 -0.093904 -0.235564 -0.747395 -0.313013 0.249969 0.046359 -0.210357 -0.122237 0.293320 -0.286055 0.218944 -0.072201 -0.206391 0.097240 -0.291496 -0.074554 -0.444479 0.082344 0.054060 0.032036 -0.023139 0.091528
-0.190720 -0.533620 0.158447 -0.147000 0.027852 0.341503 0.586967 -0.209172 -0.187125 -0.126806 -0.361309 0.182152 -0.189991 -0.405061 0.104307 0.726647 0.024040 -0.023197 0.326250 -0.087541 0.018134 0.294915 0.057152 0.263003 -0.509791 -0.503250 -0.238187 -0.118179 -0.486065 0.153841 0.295533 0.225599
-0.409594 0.076259 -0.550462 -0.469347 -0.358554 -0.316422 0.225357 0.065907 0.109030 0.130447 0.291346 -0.091013 0.253057 -0.256841 -0.401328 -0.444692 0.110025 -0.485036 -0.157845 -0.207511 -0.018582 -0.217624 0.017095 -0.164045 0.157287 -0.211363 -0.133706 -0.025229 -0.326903 -0.324612 -0.021753 0.028635
-0.225100 -0.168840 -0.355762 0.223366 0.013533 -0.462180 -0.402477 0.118051 -0.221051 -0.337888 0.032573 0.026581 -0.192974 -0.316930 0.111552 -0.016866 -0.008213 -0.131757 0.127016 0.313425 -0.411811 -0.386307 -0.438590 -0.082824 0.363403 0.066545 0.000507 0.019973 0.092673 0.366864 -0.218676 -0.053708
0.105471 -0.118564 -0.146378 -0.433949 -0.362307 -0.299200 0.078133 0.435542 0.129462 -0.029033 -0.308926 0.190523 -0.193588 0.050262 -0.229072 0.182282 0.106328 0.069016 -0.020709 0.247163 -0.232383 0.005824 0.200461 -0.230116 0.135974 -0.004831 0.346325 0.105546 -0.084155 0.014090 -0.135714 -0.115247
-0.460153 0.069019 -0.135307 -0.273522 0.373673 -0.246865 -0.038648 -0.510331 -0.288513 -0.213849 0.046137 -0.338838 0.423615 -0.398102 -0.236870 -0.482291 0.455810 0.057425 0.282082 -0.344735 -0.160329 -0.103012 -0.230828 -0.305593 0.095613 0.284914 -0.202178 -0.257681 -0.488825 -0.368828 -0.190033 0.396062
0.343758 0.004467 -0.412150 -0.248362 0.330743 -0.311232 0.198199 -0.000754 0.244528 -0.393175 -0.183696 -0.096844 -0.660678 0.136470 0.180641 -0.151175 -0.135030 -0.359321 -0.460386 -0.410656 -0.552143 0.497015 0.221722 -0.063593 0.002563 -0.284009 0.041131 -0.074785 -0.157707 -0.277017 -0.202190 -0.011477
-0.156282 -0.050516 -0.235667 -0.328558 0.093914 -0.261901 -0.397520 0.224569 -0.174045 -0.187136 -0.017460 -0.076968 -0.069892 -0.273458 0.225694 -0.077459 -0.336859 -0.016761 -0.339954 -0.131847 -0.034707 -0.034561 0.273653 0.574877 -0.205967 0.234817 -0.278329 -0.192010 -0.156984 0.088378 -0.279592 0.241592
0.097619 -0.255532 0.070488 0.037261 0.036061 0.140833 -0.021149 0.413710 0.021149 -0.064054 0.064756 0.050157 -0.064062 0.142958 -0.191708 -0.030883 0.162043 -0.109910 -0.196878 0.254477 0.413408 0.202938 0.573390 -0.324786 0.496145 0.080975 0.055762 0.391507 -0.081076 0.100006 0.222726 0.033277
0.049200 -0.118230 0.251665 -0.315586 -0.060273 0.157825 -0.417403 0.410144 -0.140991 -0.427872 0.362247 -0.104875 -0.115358 -0.078992 -0.120408 -0.283580 -0.269496 -0.054945 -0.131105 0.055895 -0.128478 -0.205143 -0.465603 0.469659 -0.180302 -0.370112 -0.485578 -0.203600 -0.041168 -0.208683 0.422889 -0.255334
0.156566 0.111382 -0.293452 0.301655 -0.058645 0.037289 0.237671 -0.137451 0.058198 0.036790 0.412396 -0.350735 0.016065 0.091392 -0.154712 0.158003 -0.143774 -0.611172 -0.222971 0.452776 -0.243709 -0.371073 -0.256894 0.347392 0.264617 -0.112163 0.298662 -0.326255 -0.011675 0.007480 -0.296286 0.521209
0.295136 -0.047743 -0.143828 -0.104091 0.390988 0.535825 0.078190 -0.170238 -0.181932 -0.010951 0.150252 0.130975 0.052056 0.086482 0.196112 0.128569 0.326760 0.196268 -0.176864 0.224841 -0.404475 0.153856 0.375474 0.315322 -0.435526 -0.124317 -0.025101 -0.050201 0.320716 0.063031 -0.127343 -0.004414
-0.026253 -0.363881 -0.003228 -0.199142 0.499786 -0.209414 0.113370 -0.027297 0.403614 0.045693 0.502869 0.009950 -0.507410 -0.306875 -0.308486 -0.349875 0.449142 -0.059637 -0.140786 0.448152 -0.622117 0.486520 0.059614 -0.123466 0.236719 0.076693 -0.021389 0.237991 0.122794 0.501998 0.222037 -0.541394
-0.017368 0.462251 0.263134 -0.004186 -0.258607 -0.280009 -0.592031 -0.232931 -0.060438 -0.051090 -0.172238 0.165559 -0.192229 0.125118 0.146824 -0.117090 0.309037 -0.374692 -0.222116 -0.164145 -0.047188 0.214543 0.109906 0.393470 -0.270603 -0.385075 0.569562 -0.151447 0.231488 0.017407 0.104511 -0.001679
-0.324634 -0.069808 0.127473 -0.225580 -0.014298 -0.098595 -0.423365 -0.342698 -0.065631 0.167337 -0.214366 0.383619 -0.355349 -0.190363 -0.132610 -0.881548 0.267754 0.235044 0.211522 0.373142 0.024622 -0.523846 0.063621 -0.056723 0.065235 -0.204294 0.146642 0.079827 -0.668151 -0.274921 -0.356513 -0.485817
0.220279 -0.207569 -0.321241 -0.131031 -0.492478 -0.057467 -0.065082 0.607077 0.065922 0.249690 -0.229853 0.641684 -0.091070 -0.129706 0.259524 -0.013416 -0.155760 0.263403 -0.033190 0.292507 0.004257 0.212502 -0.256977 0.044967 -0.034652 -0.093130 -0.285763 0.235573 -0.122043 -0.031235 -0.047072 0.121959
-0.132230 -0.457168 -0.067746 -0.401128 -0.084447 0.025989 0.106639 -0.158343 0.036346 0.005874 -0.182608 -0.554177 -0.134926 0.029006 -0.439203 -0.067437 -0.568794 -0.085336 0.186313 -0.051232 -0.100873 -0.110131 0.061745 0.315094 0.336311 -0.168667 -0.128086 0.457209 0.110567 -0.159838 0.018899 -0.089353
0.085572 0.232785 0.165331 -0.081177 0.289077 -0.218811 -0.520830 0.351753 0.514553 -0.387968 -0.467762 -0.012955 0.306145 -0.133124 0.331842 0.175866 0.355692 -0.275810 -0.340319 0.044352 -0.118921 -0.030690 -0.386226 0.091372 0.090734 0.636293 -0.142919 0.154896 0.355824 0.119920 0.034288 0.398210
-0.519358 0.215691 0.046906 0.117994 0.282102 -0.107057 -0.094587 -0.181402 0.410228 0.047828 0.060831 -0.152441 -0.269419 -0.424847 0.292737 -0.051335 -0.094786 0.341061 -0.255586 -0.794661 0.144637 -0.490338 -0.156726 0.474129 -0.278446 -0.077979 0.076231 0.406567 0.131923 -0.187504 -0.023359 0.368487
0.409303 -0.033883 0.268906 -0.044056 0.168992 -0.051661 0.157269 -0.386161 0.638665 -0.251890 -0.102231 -0.134652 0.102977 -0.039755 0.043030 0.111075 0.153494 -0.004174 -0.259993 -0.349614 -0.308948 0.067286 -0.024068 0.002457 -0.424457 0.329049 0.320132 -0.007673 0.017065 0.348409 0.219565 -0.138918
0.194100 -0.077111 -0.215916 0.118243 -0.304814 0.017707 0.088062 0.036515 0.792204 -0.157848 -0.306014 -0.049605 -0.069182 0.150745 -0.235629 0.305509 -0.387906 -0.320686 0.217097 -0.025065 -0.352679 -0.426129 -0.092848 0.144231 0.018735 0.521592 0.304372 -0.432897 -0.097913 0.320625 0.340196 -0.011043
0.211392 0.121719 -0.011576 0.064696 0.214104 -0.030931 0.370307 -0.203673 -0.131942 -0.334647 0.195034 -0.285965 0.166957 0.315361 0.284079 0.126992 -0.474358 -0.465367 0.423637 -0.027619 -0.488419 0.262303 0.036150 -0.264418 0.218370 0.512603 0.040697 0.671923 -0.172692 0.694906 0.551547 -0.238418
-0.082346 0.186924 0.355965 -0.105077 -0.040370 -0.344611 0.146831 -0.425169 -0.350184 -0.347546 -0.642574 -0.209254 -0.640720 0.229568 0.271345 0.080289 -0.128445 -0.034714 -0.115922 -0.097681 0.169595 0.744199 0.083140 -0.415793 -0.285406 -0.002431 0.211377 0.093072 -0.191096 -0.082763 -0.499121 -0.456120
0.297794 0.144827 0.196184 0.088631 -0.701445 0.456019 -0.207832 0.100212 -0.174200 0.109091 -0.187920 0.008144 0.354601 -0.413019 0.347801 -0.050540 -0.189505 -0.177424 0.091207 -0.016079 -0.311528 -0.391172 0.401764 -0.111356 0.277410 0.112003 -0.198910 -0.092577 0.278681 -0.314642 -0.074767 -0.062124
-0.081329 -0.122018 -0.135695 0.058146 0.360701 0.085929 -0.257056 0.178301 0.323309 -0.025005 -0.020856 0.031091 -0.065952 -0.230786 -0.139646 -0.105345 -0.222885 0.456651 -0.239033 -0.118936 -0.005850 0.115047 0.240885 -0.120841 0.208161 -0.149556 0.212216 -0.432199 0.221371 -0.103608 0.069189 0.198811
0.055798 -0.480523 -0.165510 -0.371399 0.667688 -0.420580 -0.252598 0.360726 -0.501777 -0.137339 0.253943 -0.111239 -0.457716 0.077669 0.219324 -0.114884 -0.160331 -0.272206 -0.217158 0.374840 0.180323 0.389500 -0.144940 0.218180 0.224736 -0.212701 -0.470689 0.109153 -0.103296 -0.329049 0.150313 -0.107759
0.538678 -0.220189 -0.044282 0.339766 -0.245490 -0.217328 -0.270199 -0.331862 0.358215 -0.047019 0.220150 -0.013541 0.327686 -0.046951 -0.224450 0.310647 -0.157366 -0.043231 0.201102 -0.032325 0.027592 -0.554251 0.382993 -0.399287 -0.246029 -0.195080 -0.223673 -0.564570 0.058239 0.073156 0.209482 0.050600
-0.236860 0.096091 -0.148951 0.272849 0.228146 0.212871 -0.521941 0.369412 -0.319472 -0.047673 -0.640738 -0.286296 -0.425450 0.103117 0.094151 0.107495 0.164980 -0.281678 -0.377063 -0.209505 0.180646 -0.334430 -0.194360 -0.256845 -0.215708 -0.209509 -0.113626 0.139216 0.019239 -0.092724 0.131058 -0.552354
0.124142 0.109677 0.225915 -0.292560 -0.359774 0.171791 -0.566666 -0.365840 0.342503 0.454127 0.536511 0.309435 0.278236 -0.335194 -0.058321 -0.014276 -0.483599 0.045730 -0.236399 0.306811 0.059516 -0.023318 -0.225640 0.027138 0.059324 -0.226392 0.078439 -0.169861 0.345850 0.085915 0.185062 0.340875
0.209095 -0.338557 0.020564 0.036300 0.216332 -0.330137 0.008450 0.157321 0.010325 0.248090 0.301051 -0.106253 -0.373965 -0.290692 0.767589 -0.040912 -0.638449 0.040946 0.232475 -0.224203 -0.211985 0.008569 -0.305514 0.241296 -0.345782 0.235339 -0.316115 -0.419230 0.580187 -0.008085 0.131200 0.124720
0.008787 0.235225 0.404815 0.058034 -0.333876 0.544652 0.251000 -0.412643 0.227892 0.340832 -0.003148 0.228191 0.101826 -0.404236 0.288910 0.431750 0.080283 0.019142 0.085637 0.037526 -0.013562 -0.541151 -0.134764 0.311928 0.060087 -0.063134 0.282528 -0.060324 -0.163843 0.099435 0.129764 -0.091036
-0.002765 0.009128 -0.339777 -0.322812 -0.179627 0.251146 -0.394133 -0.234186 0.391972 0.079513 0.019101 -0.627405 -0.135341 -0.090099 0.153629 -0.113765 -0.455188 -0.176023 0.434204 0.567470 -0.374624 -0.292086 0.298224 -0.204450 -0.259247 0.213228 0.037804 -0.231521 -0.545153 -0.421985 0.004456 -0.342660
0.100270 -0.098782 -0.045791 -0.218073 0.167518 0.572703 -0.197284 -0.051707 -0.189957 -0.187379 0.802063 0.180333 0.371085 0.123368 0.011371 0.402897 -0.045223 -0.435032 -0.011359 0.158038 0.126947 -0.001061 0.265774 -0.360254 -0.284778 -0.365047 -0.214931 0.306313 0.298084 0.258847 -0.185423 0.176473
-0.390381 -0.404069 0.065192 -0.352262 0.511759 0.293018 -0.474830 0.238668 -0.043192 -0.072392 0.243656 -0.097152 0.137846 -0.142867 0.184869 0.087637 -0.280151 -0.203336 0.024240 -0.354962 -0.094609 0.395481 -0.113988 -0.087481 0.296275 0.354665 -0.487928 0.335067 0.331215 -0.417300 0.007435 -0.081673
0.408407 -0.106462 0.147922 -0.687718 0.011031 -0.297430 -0.121802 -0.262387 0.652462 -0.595043 -0.098488 -0.007955 0.322259 -0.104216 0.315844 0.429229 -0.310887 0.118643 -0.044746 -0.496295 -0.095243 -0.122155 0.213826 0.084350 0.001881 -0.248306 0.403867 -0.097219 0.225347 -0.323496 0.368300 0.034010
0.157365 -0.197495 0.289580 0.602466 0.461369 -0.377918 -0.299396 -0.334743 0.196843 0.178943 0.234635 0.319566 0.155917 -0.259886 0.043931 -0.305561 -0.498864 0.148893 0.011444 -0.089194 0.147998 0.492827 -0.294492 0.185112 0.167786 0.009825 0.080695 0.208889 -0.442519 0.364550 -0.265189 0.644641
-0.222731 0.242961 -0.168093 -0.276297 -0.127254 0.244049 0.126046 -0.032252 -0.296918 0.101274 -0.149754 -0.090149 0.050247 -0.106183 0.305788 0.071429 0.002637 -0.622640 -0.382965 0.135966 -0.248464 0.280715 -0.259224 -0.459360 0.041452 -0.289294 -0.275308 0.745260 0.088322 -0.260033 -0.037697 0.194768
-0.328040 0.065285 -0.081403 0.243453 -0.010882 -0.263135 -0.024770 -0.662761 -0.321389 0.090675 -0.169510 -0.347815 -0.195957 -0.022446 -0.103087 -0.108137 -0.413776 -0.355533 -0.614727 0.077855 0.138529 0.644281 -0.130253 0.513952 0.211042 0.201153 0.139351 0.190827 -0.721151 0.093828 0.286543 -0.159795
-0.124139 -0.082865 -0.131806 -0.102648 -0.090479 0.116220 -0.035127 0.033482 -0.340387 -0.855967 -0.406580 0.057788 -0.286892 -0.400361 -0.695615 -0.085950 0.093320 0.167157 -0.049576 -0.496015 -0.260712 -0.046129 0.002467 -0.291555 -0.063354 -0.074757 -0.076216 0.318848 -0.559520 -0.438634 -0.086629 -0.544130
0.155761 0.575578 0.158651 -0.213643 -0.008932 0.382839 -0.118635 -0.138765 0.082835 0.131480 -0.341603 0.055096 -0.204081 -0.049257 -0.069869 -0.209249 -0.144073 -0.617435 0.114402 -0.441122 -0.342518 0.329068 0.325801 -0.066857 0.024332 -0.263010 -0.041436 0.059228 -0.439241 0.198826 -0.092249 -0.411794
-0.303715 -0.038576 -0.071511 -0.242009 -0.071689 0.273120 -0.263521 -0.226288 0.001444 0.284613 0.238612 -0.078009 0.124105 -0.008744 -0.050211 -0.022845 -0.299393 -0.285987 0.512482 0.322796 -0.111439 -0.170936 -0.214802 0.055577 -0.294331 -0.323529 -0.117751 0.043588 0.251537 -0.315644 0.011331 0.133416
-0.681759 0.068674 -0.138684 -0.437604 0.559555 -0.863123 -0.077981 -0.279461 0.132305 -0.145440 0.057139 0.219947 -0.005961 -0.234026 -0.138381 0.050479 -0.333677 -0.213649 -0.319967 -0.236785 -0.230750 0.339344 0.289939 -0.752666 -0.147888 0.228620 -0.299569 -0.140411 -0.426094 0.170817 0.112940 -0.164333
-0.230647 -0.156383 -0.148622 -0.225739 0.066222 -0.170263 -0.060779 -0.053720 -0.171768 -0.134282 0.069200 0.009929 -0.362746 -0.243466 -0.237082 0.045207 -0.145742 -0.403572 0.108535 -0.078153 0.013798 0.124739 -0.046051 0.377272 -0.190491 -0.170169 0.092815 -0.013330 -0.312767 -0.184015 -0.179446 0.051596
0.435120 -0.167285 -0.121536 -0.099937 0.016473 -0.003378 -0.162166 -0.123920 -0.026496 -0.387453 0.725894 -0.237610 -0.426981 0.067811 -0.314714 0.383873 -0.194164 0.069862 0.179296 0.172571 -0.365608 -0.158529 -0.251916 -0.367359 -0.357244 -0.057982 0.244539 -0.007851 -0.129051 -0.122422 -0.105428 -0.624713
0.237873 -0.013330 -0.278943 -0.017934 0.272557 0.286208 -0.139112 0.212752 -0.313158 -0.383590 -0.192346 0.149224 -0.360072 -0.170297 0.152328 0.424897 -0.441414 0.416582 0.682880 -0.000109 0.082001 -0.414170 0.060020 -0.226128 -0.198332 -0.489573 0.218906 -0.389838 0.013051 -0.057179 -0.331390 0.064546
0.048966 0.306019 -0.063384 -0.069207 0.319445 -0.026205 0.063211 0.022687 -0.117093 0.049831 -0.017522 -0.068236 0.034043 -0.076938 0.011867 -0.156959 0.088779 -0.030660 -0.034808 -0.043491 -0.017622 -0.260869 -0.137103 -0.048302 -0.031480 -0.044805 -0.062038 -0.081129 -0.075064 -0.100182 -0.020340 -0.095427
