0.469702 0.406025 -0.333158 -1.020505 -0.700453 0.461875 0.780753 -0.133368 0.778257 -0.430658
-1.020727 0.891811 -0.196426 0.449156 -0.502746 0.317382 -1.156290 0.589246 -0.509347 0.115858
-0.684274 -0.207853 -0.680567 -0.545009 0.550664 0.257271 0.986883 0.059852 -0.671564 0.480340
-0.573029 0.562026 0.331478 -0.193376 -0.430802 -0.971401 -0.164876 0.102216 0.211131 1.015585
0.992973 -0.196554 0.897262 0.252622 -0.656244 -0.098514 -0.123156 -1.243980 0.542294 -0.886992
0.062326 -0.698010 0.547848 -0.693568 0.680981 -0.466021 0.661461 -1.346777 -0.311958 0.402052
-0.651593 -0.064101 -0.246870 0.640620 -0.263872 -0.552174 -0.907149 0.042653 0.896699 0.102231
-0.068861 0.259185 0.750091 0.749292 0.126887 -0.343578 -0.576059 0.554432 -0.732487 -0.542861
-0.455144 0.498697 -0.009222 0.392018 -0.429270 -0.819072 0.708498 -0.472064 0.652415 0.415426
0.185123 -1.128453 0.655380 -0.136671 -1.074484 0.933563 -0.027453 -1.198074 0.993241 -0.560368
0.657215 -0.547195 -0.743334 -0.059506 -0.670258 0.298546 -0.018648 0.883718 -0.598021 0.560884
0.435454 0.627995 0.864247 -0.525051 -0.322979 -0.089193 0.966784 -1.003287 -0.249393 -0.419996
-0.446410 0.040297 0.716741 -0.320229 -0.677760 1.148824 -0.430206 -0.830908 0.125429 0.848961
-0.411619 -0.506257 -0.929610 0.485413 0.315085 0.478536 0.309438 -0.725957 0.511398 0.281108
-1.224784 0.223197 -0.053415 0.529282 0.133705 0.373608 -0.202760 0.494367 -0.087714 -0.515332
-0.013787 1.280700 -0.253136 -1.000039 0.411159 0.164813 0.000283 -0.575430 -0.355473 0.122989
0.321470 -0.589245 -0.376831 -0.719420 0.662263 0.347127 -0.015401 -1.116097 0.015982 1.397432
0.262145 -0.783052 0.368621 0.794637 0.154628 -0.956707 -1.089484 0.693428 -0.427359 0.203988
0.440924 -0.830204 0.844409 -0.441552 -0.645137 0.852955 0.299672 0.380729 -0.336457 -0.100018
0.543619 -0.015132 -0.415991 -0.832026 0.490179 -1.102524 0.270096 0.614806 0.325706 0.516790
-0.123803 -0.963864 0.526114 0.574104 -0.813062 0.453831 -0.569823 0.346767 -0.338036 0.889709
0.794840 0.577554 0.451962 -0.092731 -0.152802 -0.785400 0.743256 -0.416577 -0.737930 -0.180238
0.028431 0.379326 -0.673879 0.951213 -0.250890 1.061714 -0.099875 -0.633606 -0.423000 0.571234
0.427970 0.894689 0.397323 -1.006077 0.447496 -0.753011 -0.315872 0.486066 -0.024918 -0.408979
-0.715612 -1.055657 1.014507 0.364413 0.978689 -0.372478 -0.184692 0.121193 0.115635 0.148079
-0.722154 0.464478 -0.179519 -0.001457 0.749336 -0.280624 0.624079 -0.276442 0.184314 -0.594940
-0.000032 -0.763389 0.034676 0.032562 0.663847 1.226908 0.890183 0.291528 -0.883775 -0.346126
-0.302712 -0.519496 -0.962609 0.404778 -0.628600 0.730634 -0.573440 0.380283 0.733086 -0.307027
0.741231 -0.737993 0.043819 -0.239032 0.764067 -0.080938 -1.301243 0.470207 -0.436384 0.491536
0.520260 0.200013 -0.726011 0.223675 0.653875 0.344788 -0.708449 -1.129488 -0.391350 1.177561
-0.444102 -0.499680 0.698438 -0.108199 0.172358 0.483101 0.550628 -0.734103 0.561324 -0.836046
0.536064 -0.850976 -0.756608 0.834558 -0.523196 -0.042682 0.520154 -0.542922 0.686339 0.468068
-0.360073 0.031488 0.204714 0.328173 -0.125535 0.564172 -0.362919 0.132137 -0.654026 0.241868
