0.184677 -0.372779 0.178096 -0.303697 -0.083115 -0.471182 -0.482724 -0.485338 -0.573204 -0.358743 -0.414629 -0.637120 -0.152420 -0.658658 -0.227462 -0.434338
-0.193548 -0.499141 -0.782293 -0.187766 -0.245753 -0.389301 -0.046734 -0.221070 -0.438139 -0.276174 -0.393448 0.242656 -0.159811 -0.768851 -0.343382 -0.646898
0.331548 0.581398 0.041117 -0.042172 0.540726 -0.031081 0.212085 0.128646 -0.336375 0.223547 0.097022 0.527184 0.530637 -0.396125 -0.202793 0.242612
0.007836 -0.055949 0.335829 0.488798 0.342746 0.401562 0.501590 0.426781 0.774182 0.243774 0.078695 0.024484 -0.392867 0.492183 0.025471 0.246533
0.441173 0.122460 0.049997 0.050084 -0.102098 0.117119 0.129525 -0.385916 -0.055560 -0.151321 -0.074616 -0.484280 -0.200423 0.172538 -0.209186 0.266923
0.649138 -0.273571 0.131093 0.457252 -0.039842 0.259763 0.358258 -0.102582 -0.229369 0.140780 -0.290767 -0.538743 -0.182326 0.117109 -0.153488 -0.039991
-0.521633 -0.023579 -0.277706 -0.396572 -0.470821 -0.448491 -0.232111 -0.753938 -0.265246 -0.874337 -0.211482 -0.225751 0.180346 -0.732061 -0.129210 -0.072863
-0.111776 -0.291855 -0.336418 0.113710 -0.229170 0.683149 -0.551080 -0.360118 0.479857 -0.066993 -0.004711 0.162657 0.131697 0.025640 0.617288 -0.094276
-0.018197 -0.532602 0.215918 -0.066644 -0.351695 -0.080552 0.186988 -0.082408 -0.809702 -0.364081 -0.736240 -0.471997 -0.060037 -0.403747 -0.830773 -0.256793
0.180889 -0.596353 -0.503058 0.053623 0.029789 -0.203157 -0.049321 -0.038413 -0.908650 -0.677304 -0.493664 0.189353 -0.786825 -0.011232 -0.333273 0.033826
0.125426 -0.238573 0.202780 -0.179259 -0.123872 0.292472 -0.283433 0.342133 -0.268088 -0.322698 -0.155947 0.058034 0.127642 0.410914 -0.706458 -0.141679
0.179916 0.082687 0.052756 0.142194 0.365950 0.079169 -0.132755 -0.887912 -0.186855 -0.214639 -0.122548 -0.138052 0.388599 -0.454816 -0.705125 -0.481460
-0.241147 -0.918588 0.006581 -0.487289 0.040851 -0.166398 -0.020521 -0.247553 0.208758 -0.671743 -0.736983 -0.357998 0.201172 -1.466988 -1.177920 -0.627350
-0.210530 -0.107663 -0.114256 -0.326984 -0.202804 -0.594783 0.366113 -0.124620 0.131476 -0.012579 -0.222573 0.277688 -0.340435 -0.607829 -0.576800 0.072509
-0.256022 -0.421074 0.048384 -0.565830 -0.482034 -1.182236 -0.002141 -0.173564 -0.030584 -0.236948 -1.048530 -0.141540 -0.354016 -0.718523 -0.890553 0.198739
0.172074 -0.175104 -0.188269 -0.185049 -0.192894 -0.316693 0.316846 -0.223457 -0.047805 0.004406 -0.478125 -0.084583 -0.724302 -0.320298 -0.883634 -0.196555
-0.530577 -0.046315 0.680586 -0.613861 -0.111045 0.180890 -0.031815 0.103264 0.418133 -0.342617 -0.566198 0.041272 0.607560 -0.518072 0.391002 0.202403
-0.041973 -0.218846 0.026357 -0.349209 0.307215 -0.975971 -0.465465 -0.076200 -1.134027 -0.168949 -0.376088 -0.474071 -0.258473 -0.443271 -0.732512 -0.421508
0.157483 -0.402407 -0.096336 0.204451 -0.003564 0.062272 -0.142723 0.444574 -0.061550 0.197254 -0.584020 0.260714 0.255019 -0.165842 0.187179 -0.391403
0.037301 -0.147311 -0.201878 0.080666 0.211072 0.372030 -0.590106 -0.104453 0.063188 -0.054070 0.185473 0.364572 -0.030905 0.224939 -0.192790 -0.317774
-0.359391 -0.270172 -0.291249 -0.087925 -0.145832 -0.363047 -0.590294 -0.291221 -0.181262 -0.087067 -0.477468 0.015996 0.088851 -0.329416 -1.176886 -0.198025
-0.046764 -0.350676 -0.049729 -0.020408 -0.211864 -0.681573 -0.068970 0.344515 -0.351958 -0.459593 -0.423399 -0.359795 -0.073656 -0.260316 -0.896671 -0.737527
-0.136234 -0.483006 0.117056 -0.231175 -0.077875 -0.017877 0.169591 -0.023387 -0.654351 -0.136689 -0.731266 -0.480139 0.476200 -0.118944 -0.570135 -0.069500
0.011436 0.113677 0.333987 -0.050407 -0.315838 0.219098 0.361705 -0.443590 -0.318555 0.159972 0.164318 -0.438279 0.015110 -0.081958 -0.307879 0.365293
-0.986128 -0.223524 0.324122 -0.041914 -0.142743 -0.507885 0.216622 -0.312054 -0.567830 -0.396547 -0.553835 0.095882 -0.130627 -0.047521 0.086117 -0.068142
-0.165994 -0.373545 -0.251937 -0.808310 -0.827968 0.151511 -0.054236 0.250882 -0.638432 -0.645977 0.043789 -0.243176 0.393613 0.591923 0.408867 -0.130702
0.483274 -0.350595 -0.032519 0.136756 -0.097019 -0.159195 0.138024 -0.138110 -0.077657 0.303154 -0.125604 0.160126 0.386460 -0.045557 -0.227114 0.157539
-0.032962 -0.038938 -0.019204 -0.368961 -0.249432 -0.304248 -0.034976 -0.174499 -0.487297 0.171533 -0.186267 -0.204056 -0.026758 -0.206327 -0.008760 0.317591
-0.234150 -0.359429 -0.396644 0.029805 -0.054257 -0.215080 0.008696 -0.315338 -0.028214 -0.315180 -0.340378 0.250987 -0.299175 -1.378848 -0.477520 -0.469175
0.143777 -0.011885 -0.462833 -0.209656 0.032671 -0.144748 -0.126174 -1.370427 -0.458871 -0.460865 -0.066222 -0.399338 -0.292371 -0.423881 -0.216998 0.198425
-0.141352 -0.924562 0.030822 0.251994 -1.433882 -0.280876 -0.007805 -0.140797 -0.893329 -0.109920 -0.351345 -0.068811 -0.465626 -0.187246 -0.630496 -0.228546
-0.199484 -0.669001 -0.027938 -0.155799 -0.476526 -0.365321 0.261290 0.264626 -0.186341 0.113092 -0.579560 -0.321496 -0.118117 1.092443 0.083356 0.000994
0.996805 -1.808871 -1.465177 1.870103 1.304540 -1.359248 0.784049 0.522191 -1.527682 -1.637991 -1.211491 1.593385 2.391635 -0.779175 -1.901745 0.676056
