-0.295910 -0.477791 0.004398 -0.171880 -0.132062 -0.231403 -0.071373 -0.244739 -0.159177 0.806942 -0.134706 -0.548467 -0.133276 0.174237 0.384752 -0.273857 0.315811 -0.030244 -0.051618 -0.068617 0.420100 0.003884 -0.919141 0.340818 -0.074675 -0.561457 0.157353 -0.754225 -0.251511 -0.202361 -0.144926 0.154406
-0.090645 -0.709629 -0.410549 0.587304 -0.063246 0.241509 -0.101294 0.060008 -0.245738 -0.408968 -0.258166 -0.604110 0.001236 0.069799 0.736022 -0.117191 -0.142507 -0.512467 -0.065376 -0.505321 -0.039171 0.276691 -0.160198 0.151734 0.081763 -0.090986 0.219625 0.091858 0.041982 -0.099659 -0.129294 -0.317345
0.471545 0.493281 0.272516 -0.015566 0.155506 -0.124778 0.055376 -0.472937 0.175004 0.714362 -0.338180 -0.369235 -0.192104 0.142215 0.642967 -0.248067 0.303773 -0.082129 -0.037448 0.217340 0.002210 -0.580640 -0.111812 -0.443925 -0.088999 -0.202383 -0.338207 0.282645 -0.671974 -0.117273 -0.032840 -0.084674
-0.081819 0.605577 -0.107126 0.219594 0.287602 -0.113969 -0.056196 0.328015 -0.088149 -0.873644 -0.039417 0.306064 -0.276623 0.321650 -0.535214 0.488411 -0.493793 0.260222 -0.146061 -0.072692 -0.147417 -0.134262 -0.360792 -0.207957 0.092794 -0.156883 0.397131 -0.666367 -0.144864 0.144209 0.461161 0.053355
-0.297024 0.092559 -0.089146 0.223207 -0.325528 -0.288094 0.322572 0.603139 -0.216194 -0.114799 0.712909 -1.027780 0.428947 0.151185 0.494646 0.354743 -0.292199 -0.123302 0.035207 -0.198804 0.413015 -0.176624 -0.861471 -0.379003 -0.184164 -0.108405 -0.264574 -0.066764 -0.237515 -0.525243 -0.300442 0.045620
-0.430051 -0.044936 0.143712 0.095794 -0.341631 0.073097 -0.306501 0.017263 -0.480769 0.491442 0.206114 0.050513 0.290676 -0.014599 -0.229909 0.071668 0.023500 -0.070801 0.088482 -0.291795 0.417582 -0.220826 -0.255109 -0.361620 -0.374438 -0.394536 0.397639 0.244654 0.079428 -0.229219 0.009005 -0.328273
-0.361135 -0.018202 0.211535 -0.307181 0.313196 -0.337810 -0.007104 0.255920 0.162773 -0.055215 0.110367 -0.277581 0.338111 -0.235602 -0.216759 0.018215 0.141307 -0.125255 -0.157347 0.384172 0.506263 -0.154408 -0.552163 0.205184 -0.046256 0.313077 -0.023079 -0.231245 -0.096036 0.442315 -0.476835 -0.270253
0.034098 -0.147140 -0.404625 -0.073051 -0.267132 -0.184655 0.328571 0.182574 -0.016734 -0.150282 -0.091986 -0.563321 -0.231417 -0.509306 0.386104 0.113343 0.384804 -0.179695 -0.641423 0.448337 -0.223027 0.358118 -0.204626 0.075794 -0.069431 0.032262 -0.527847 0.282958 0.318758 -0.040047 -0.198474 -0.244517
-0.295361 -0.304642 0.404806 0.837994 -0.547519 0.372222 0.307425 -0.260776 -0.237469 0.250625 -0.348592 -0.460604 -0.344246 0.297055 -0.108544 0.238244 -0.800110 -0.034651 -0.092443 -0.010913 -0.365273 0.220556 -0.429395 0.291503 0.122550 -0.053753 0.105990 -0.329062 0.140295 -0.158006 0.255528 -0.301461
-0.006270 -0.409005 -0.025745 -1.018296 -0.485376 0.076633 0.127298 -0.130812 0.051494 0.184172 -0.070016 0.003326 -0.798155 -0.230633 -0.095465 0.160333 -0.264062 -0.140843 0.064346 0.154597 -0.007052 -0.115284 -0.562717 0.211047 0.375088 -0.233718 0.167525 -0.158034 -0.411699 0.367369 -0.655397 0.313808
-0.559271 0.427574 -0.076173 0.054455 0.126871 -0.509395 -0.014850 -0.073598 -0.260749 -0.600113 0.080157 0.305100 0.027140 -0.182101 -0.663432 -0.161031 -0.575130 0.414398 -0.094083 0.336693 -0.124586 0.010307 0.411830 -0.262501 -0.291848 0.138520 -0.251670 0.269495 -0.050407 -0.400228 0.257662 -0.008912
-0.075571 0.167317 -0.159120 -0.017120 0.080365 0.053442 0.197684 0.087618 -0.323507 -0.540328 0.067204 -0.317153 0.388492 -0.189009 0.017789 0.086042 -0.029193 0.155046 -0.091090 -0.166655 -0.222897 0.216827 0.081234 0.031914 -0.297076 -0.014461 -0.194047 -0.000742 -0.178293 -0.165677 -0.236364 0.080808
-0.310366 0.011813 -0.194227 -0.436860 -0.439404 -0.130804 0.558533 0.061156 0.083541 0.443016 0.169419 -0.369410 -0.160950 -0.360659 -0.540029 0.488610 0.021676 0.038236 -0.010002 0.234064 0.210651 -0.378328 -0.066821 -0.504701 -0.030304 -0.161260 -0.604501 0.676135 -0.209653 -0.303410 0.660393 0.138818
-0.125520 -0.184665 -0.044285 0.485198 0.545076 0.426938 -0.256746 -0.367483 -0.005634 -0.757691 -0.167976 -0.472982 -0.011433 0.042941 -0.430036 -0.215081 -0.028046 0.003528 0.230456 0.260557 -0.550413 0.204060 0.091817 0.246703 -0.014606 0.085737 -0.425438 0.299104 -0.040600 -0.190578 -0.359647 0.382412
0.245839 0.161739 -0.309746 0.778042 0.122182 -0.275101 0.124340 -0.809410 -0.045871 0.251230 0.055667 0.053880 0.274790 -0.117953 -0.073456 -0.032769 -0.483429 -0.220453 0.177313 -0.023444 -0.467210 -0.131672 0.498290 0.180028 -0.332032 0.283393 -0.315529 -0.104910 -0.518140 -0.417432 -0.399144 0.195772
0.027342 -0.305953 -0.225868 -0.225412 -0.199939 0.075910 0.133525 0.306089 -0.055231 -0.172419 -0.070167 0.025048 0.296118 -0.318726 0.409661 0.264212 -0.176844 -0.077209 0.099627 -0.888419 -0.068022 -0.058021 0.033363 -0.179925 -0.506895 0.122845 -0.271289 -0.010177 -0.248894 -0.758751 -0.250556 -0.218942
-0.107946 -0.353997 -0.297127 0.108947 -0.497896 -0.422510 -0.221252 0.087915 -0.595384 0.422446 -0.336416 -0.141078 -0.154129 0.124690 -0.057738 -0.025548 -0.528576 -0.229451 -0.424074 0.144549 -0.068610 -0.540531 -0.117012 -0.349934 -0.608627 -0.271639 -0.530135 -0.164931 -0.425874 -0.372879 0.116062 0.029641
-0.036286 -0.257855 0.436518 0.194609 -0.227927 -0.374592 0.216962 -0.118121 -0.165020 0.210438 -0.281423 -0.330634 -0.041460 0.210274 -0.160257 -0.179669 -0.299326 -0.158143 -0.097226 -0.459833 0.231795 -0.171520 -0.153332 0.249085 0.017249 0.437959 -0.046311 0.085403 0.123759 0.055560 0.323745 0.038396
-0.218770 0.158112 0.160121 0.674984 -0.360631 -0.060357 -0.120957 -0.011841 -0.109931 0.178505 -0.127482 -0.336654 -0.066960 -0.116555 0.314921 -0.363185 0.546412 -0.423762 -0.236526 0.215309 0.461113 0.136299 0.081366 -0.156471 -0.087515 -0.164656 0.183352 -0.601296 -0.185448 0.077254 -0.975846 0.237822
-0.456827 -0.072420 0.256181 -0.014799 0.071932 0.232749 0.212069 0.115513 0.270630 0.242723 0.345686 0.321987 -0.488288 0.065721 -0.218535 0.297506 -0.097583 0.149435 -0.079742 -0.044455 -0.130233 -0.018885 -0.156365 0.060392 -0.046241 -0.164049 0.301740 0.068341 0.566471 0.289066 -0.154628 -0.085843
0.378354 0.088360 0.326359 0.285242 -0.555113 -0.017452 -0.012689 -0.143445 0.037255 0.271439 0.025966 0.379587 -0.132226 0.023729 0.361789 -0.271806 0.137821 -0.063229 0.181267 -0.229612 0.160152 -0.260111 -0.069691 -0.058060 -0.592030 0.252854 -0.322609 -0.320668 -0.072685 0.054275 -0.256865 -0.184888
0.051302 0.162137 -0.295192 0.114665 -0.581128 0.810108 -0.526768 -0.245606 -0.302427 -0.274795 0.019148 -0.294305 0.280304 -0.338252 0.384524 0.076429 -0.134182 -0.022746 -0.228690 0.394725 0.151409 0.069120 -0.348249 0.283626 -0.037202 -0.213181 0.133473 0.125475 -0.303248 -0.504523 0.004089 0.104852
0.268064 0.072676 0.406947 0.026162 0.151720 -0.280612 0.014269 -0.462867 0.208368 0.399205 0.082839 0.386269 0.155456 -0.030667 -0.024796 0.135876 0.166420 -0.108129 0.068264 0.067351 -0.087910 -0.008507 -0.119685 0.256969 -0.072602 0.251866 -0.376757 -0.061149 -0.034086 -0.071548 0.021669 0.092601
0.323796 -0.298002 -0.077179 0.397440 0.099441 -0.119320 -0.397473 -0.404373 -0.161617 -0.341143 0.144490 0.320134 -0.031913 -0.076467 -0.307809 -0.645142 -0.511676 -0.628121 -0.152343 0.230781 -0.366386 0.249892 0.309828 -0.513447 -0.244411 -0.047165 -0.555686 0.619473 -0.406326 0.395788 0.097191 0.389808
0.216960 -0.067116 0.205628 -0.201102 0.335891 0.091702 0.235946 -0.675468 -0.238071 0.434751 -0.494991 0.021544 0.008815 0.171191 0.056069 -0.573440 0.089930 0.226659 -0.182679 -0.106268 0.016828 -0.122613 0.641110 0.052050 -0.458866 -0.036936 -0.513695 -0.012731 0.263199 0.054576 0.037979 0.554259
-0.016718 0.218403 0.403226 0.186280 -0.054240 0.163643 -0.002394 -0.517632 0.359951 0.160880 -0.382800 -0.249750 -0.161119 0.003056 0.026471 -0.089850 0.000524 -0.203560 -0.295072 -0.197300 0.274298 0.342175 -0.133599 0.503730 0.021502 0.195263 -0.028792 0.056443 0.148079 0.082390 -0.075949 -0.229992
-0.678967 -0.282792 -0.213732 0.324007 -0.041461 0.288235 -0.032528 -0.394790 -0.024967 0.388611 -0.316336 -0.024009 0.146481 0.229599 0.024807 -0.204097 -0.242155 -0.136728 0.132523 0.525743 -0.364140 0.310806 -0.154052 -0.192752 -0.180403 -0.007094 0.439784 0.384431 -0.172764 0.472973 0.535368 -0.056649
-0.077881 0.103331 0.093344 -0.235662 -0.307770 0.392437 -0.015504 -0.046496 -0.074277 0.318567 -0.111755 0.368997 0.004633 -0.378695 0.173881 -0.195933 -0.434142 0.079157 0.621700 -0.006007 -0.289636 0.284326 -0.226625 -0.155166 -0.137344 0.043639 -0.186017 0.418998 0.200113 -0.028937 0.216058 0.129532
-0.073384 -0.207909 -0.164116 -1.028082 -0.412947 0.148737 0.198235 0.012782 -0.215089 0.390268 -0.078179 0.170802 -0.716281 -0.122020 -0.101742 0.415692 -0.037769 -0.003050 0.187381 0.232611 -0.082762 -0.556854 -0.514874 -0.314692 0.202627 -0.244515 0.205243 -0.520630 -0.283980 0.359429 0.111945 0.419271
-0.151034 -0.011530 0.054940 -0.398750 -0.178655 0.294502 -0.366483 0.355361 -0.205004 -0.116627 0.245314 0.248566 0.218780 0.323862 0.154762 0.269815 -0.048908 0.299157 -0.099047 0.042633 0.260313 -0.437644 0.140355 0.069693 -0.188918 -0.290317 -0.200452 -0.137315 -0.295617 0.094919 -0.178855 -0.033629
-0.032252 0.399009 -0.078245 -0.002821 0.136615 0.118271 -0.148914 -0.166381 0.106783 -0.188323 0.041669 -0.386052 0.120530 -0.225471 0.237343 0.172876 -0.291479 0.288652 -0.095196 -0.179502 0.173340 -0.478944 -0.279256 0.072356 0.057257 0.146823 0.204126 0.005411 -0.292859 -0.385090 -0.145875 -0.155081
0.167856 -0.017446 -0.201162 -0.085772 -0.618838 -0.120581 -0.503741 -0.488441 0.225533 0.608203 -0.005223 0.572033 -0.122829 -0.417512 -0.321951 -0.348079 0.125418 -0.235767 0.124730 0.190910 0.326088 -0.093403 -0.084703 0.241582 0.302227 0.153867 0.109768 0.427406 0.118250 -0.393359 -0.049342 0.286803
-0.255722 -0.694631 0.113782 -0.277267 0.023544 -0.222447 0.117317 0.038742 0.009861 -0.040314 -0.092832 -0.219655 -0.120594 0.252001 -0.393054 -0.441840 0.213176 -0.396617 -0.042702 -0.075727 0.314987 0.374862 0.126001 0.232037 -0.294654 -0.381951 -0.625097 -0.296484 0.007929 -0.100373 0.337646 -0.343224
-0.216286 -0.413640 0.088540 -0.496543 0.312237 -0.153643 0.579770 0.112157 -0.336567 0.118529 0.613942 -0.233535 0.051928 0.298255 0.214812 0.216941 0.096899 -0.091773 0.132741 -0.209801 -0.027349 0.261090 0.168191 0.327653 0.270749 -0.170681 0.036267 0.225985 -0.337879 0.012299 -0.064885 -0.225802
0.321463 0.286518 0.094322 -0.636998 0.309349 0.117495 0.177200 -0.177953 0.099009 -0.306005 0.122631 -0.012881 -0.324160 -0.018365 -0.910901 0.605391 0.059016 0.380147 -0.082469 0.359948 -0.473111 -0.386231 0.784463 -0.305787 0.032150 -0.263707 0.195890 0.326142 -0.135850 0.098668 -0.215527 -0.253616
-0.446556 0.129678 -0.339812 0.153305 -0.789365 -0.291355 -0.839265 0.496801 -0.124638 0.018757 0.040125 -0.077891 -0.283096 -0.360493 0.105274 0.072704 -0.385083 0.048918 -0.089290 -0.182751 -0.305276 -0.202964 0.073941 0.014314 -0.121059 -0.041489 0.144897 -0.029239 -0.576431 -0.744033 0.260208 -0.150236
-0.293672 0.142410 -0.102198 -0.318227 -0.117774 0.033388 -0.054435 0.193808 -0.203594 0.218937 -0.547186 0.232752 0.041225 -0.469810 0.116576 0.190311 -0.144999 -0.305295 -0.184181 -0.122719 -0.217382 0.010639 -0.208667 0.314565 -0.105971 -0.368084 0.210192 -0.776196 -0.036873 -0.086479 0.440801 -0.695897
0.343479 0.126865 0.089035 0.165069 -0.214834 0.078427 -0.076092 -0.164628 0.186611 0.276181 -0.266897 -0.001563 0.023076 0.106624 0.177485 -0.000561 -0.132001 0.049832 -0.004629 -0.075743 0.256377 0.388322 -0.454000 -0.080375 -0.011404 0.239753 -0.417295 0.047564 -0.003729 0.139284 -0.323685 0.175498
0.082076 0.096339 0.252598 -0.269842 -0.299356 0.093046 -0.190844 0.201577 -0.075134 -0.666797 -0.141070 -0.040044 -0.075849 -0.353229 0.672510 -0.193258 -0.037995 -0.125211 0.074632 0.016641 0.043720 -0.137215 -0.447117 0.157246 0.181011 0.038834 -0.049191 -0.537127 -0.195633 -0.194246 0.311849 -0.328934
-0.080215 -0.158933 0.112235 -0.011272 -0.107175 -0.109063 0.401849 -1.143040 -0.063733 0.268867 -0.153702 -0.026533 -0.177415 -0.179249 0.127434 0.279206 -0.263029 -0.325797 -0.070674 0.230230 -0.003833 0.045232 -0.122679 -0.368354 0.377447 0.007729 -0.173437 0.303857 -0.068408 -0.296978 0.132072 0.378262
-0.062944 -0.279756 0.322569 -0.473337 -0.185115 0.217616 0.243034 0.229108 -0.018012 0.106758 0.643439 0.055157 -0.001548 -0.175480 -0.027166 -0.588375 -0.035802 0.097078 -0.055288 -0.095391 -0.277259 -0.413152 -0.311165 0.247838 -0.178435 0.248204 0.324134 -0.056223 -0.296015 0.298182 0.037739 -0.505757
-0.373606 0.346842 -0.377316 0.154755 -0.264977 0.116792 0.328106 0.575803 0.064760 -0.812797 0.196373 -0.100375 -0.141182 0.036035 -0.188458 -0.395350 0.133075 -0.074381 -0.247049 0.155318 -0.103767 -0.041574 -0.281463 -0.076393 0.308173 0.038192 0.184382 -0.365413 -0.287172 -0.365484 -0.353741 0.348855
-0.107388 0.418400 0.070723 0.218375 -0.263637 0.089295 -0.084734 0.160242 0.203373 -0.345477 -0.432818 -0.117978 -0.019283 0.229815 0.055888 -0.136911 -0.030988 -0.114197 0.272104 -0.482209 -0.144285 -0.414290 0.138086 -0.293209 0.103504 0.302715 -0.384812 -0.377845 0.276973 -0.074233 0.181172 0.174740
-0.034450 0.166088 -0.596851 -0.327082 0.433615 -0.051844 -0.269596 0.149575 -0.214980 -0.229370 -0.290181 0.543282 -0.185240 0.002294 0.135756 -0.448068 -0.078698 -0.132327 -0.080473 0.313112 -0.083283 0.135820 -0.118341 0.158267 0.140507 -0.129593 -0.291045 -0.293906 -0.404749 -0.114043 0.236106 0.019073
0.104928 -0.168449 -0.203441 -0.953831 0.499802 -0.052333 -0.152511 -0.173355 -0.628075 -0.354643 -0.474880 -0.698155 -0.313674 -0.231340 0.257857 0.274471 -0.075146 -0.259649 0.138788 -0.083309 -0.025648 -0.302239 0.659484 -0.175278 0.027111 0.211791 0.351537 -0.063348 -0.179010 -0.031662 0.158158 -0.210024
0.010449 -0.396465 -0.123056 0.068323 0.141576 0.186036 0.444138 -0.183896 0.237653 -0.470938 -0.408365 -0.161318 0.639486 -0.085832 0.865496 0.021447 0.100658 -0.700357 -0.284456 -0.021248 0.308448 0.187912 0.320510 -0.332976 0.620354 0.178642 0.091760 -0.152622 -0.237059 -0.085343 -0.245255 -0.227461
-0.551274 0.193275 -0.789291 -0.239092 0.111489 -0.081439 -0.513928 0.131705 0.007661 0.482478 -0.204175 0.472898 -0.176065 -0.251550 -0.156686 -0.105791 -0.001465 -0.190447 -0.440299 -0.123761 -0.254072 -0.342058 0.139968 -0.380437 -0.332300 -0.311034 -0.035747 -0.329971 -0.375446 -0.085872 0.149043 0.465143
0.358009 -0.373957 0.453870 -0.408309 0.863375 -0.119815 -0.016755 -1.043083 0.086019 -0.485649 0.038185 0.073977 -0.154027 -0.508610 -0.158298 -0.017926 -0.531086 -0.398337 -0.206920 -0.121007 -0.131643 0.069173 0.748651 -0.309713 -0.159696 -0.200938 -0.135907 -0.187808 -0.036336 -0.543168 0.227010 0.293171
0.093188 -0.066112 0.170919 0.555555 0.084807 0.362616 -0.460483 -0.582952 0.084628 -0.006979 0.291353 0.207312 -0.087958 0.236967 -0.052532 0.273503 0.039644 -0.559660 -0.356155 -0.126978 -0.322354 0.033112 -0.049807 -0.255962 0.050331 -0.297336 -0.376474 0.082023 -0.372743 0.062909 -0.541232 0.011609
-0.059320 -0.005546 -0.303703 -0.215531 0.286972 0.022925 0.369056 -0.248353 0.045455 -0.166255 -0.230649 0.234757 0.028293 0.145910 0.039908 -0.443110 -0.178896 0.294379 -0.302009 -0.278731 0.165001 0.398302 0.411419 -0.207914 -0.097588 0.287278 -0.000577 -0.111405 0.363240 -0.360176 -0.134470 -0.076565
0.003974 -0.433178 0.014436 -0.422582 -0.466451 0.391909 -0.100842 0.498867 0.061980 -0.471213 0.305475 -0.602904 -0.241210 -0.098555 -0.135338 -0.119391 -0.144485 -0.298255 -0.147422 -0.235374 0.246199 -0.194242 -0.219191 -0.234805 0.473068 0.480941 -0.310032 0.108825 0.031377 -0.415857 0.066111 -0.130527
0.017005 0.523524 0.335717 -0.371426 0.327033 0.002708 -0.537835 -0.321493 -0.470211 0.161659 -0.630744 0.068836 -0.195011 -0.539993 -0.250139 0.654654 -0.663632 0.167730 0.097832 0.081841 -0.133608 0.073837 -0.500313 0.233408 -0.167624 0.045639 -0.015117 0.561881 0.470490 -0.073315 0.507856 -0.022856
0.077736 -0.158134 -0.462984 0.002151 0.063636 -0.191004 -0.135743 -0.488323 -0.222593 -0.088057 0.038148 0.278900 -0.308054 -0.466627 0.324847 -0.424431 -0.226722 0.027893 -0.039558 -0.495965 -0.259660 -0.122413 -0.152392 0.291731 -0.366003 -0.019546 0.000834 -0.071601 -0.366411 -0.310613 -0.227671 0.089392
-0.110836 0.101053 -0.013955 0.016711 -0.389187 0.123879 0.025038 0.169605 -0.742589 0.025297 -0.837504 -0.143389 -0.266159 0.150589 0.021210 -0.283931 -0.170302 -0.128387 -0.263360 0.336200 -0.437918 0.222365 -0.052848 0.209211 -0.370525 -0.247286 -0.381998 0.092126 -0.328268 -0.103256 -0.389273 -0.597223
-0.092575 0.082838 0.183257 -0.378490 0.078727 -0.083044 0.480329 0.127456 -0.178040 0.017300 -0.166470 0.172531 -0.207846 0.389494 -0.198884 -0.181214 0.258188 -0.435923 -0.074917 -0.114466 -0.252038 0.182711 -0.125500 0.154539 0.074546 0.036307 -0.269706 -0.001080 0.268881 0.334305 -0.043597 0.299714
-0.099135 -0.382681 -0.194749 -0.063591 -0.018245 -0.103139 0.037851 0.118249 0.094290 -0.010997 -0.273800 -0.226627 -0.405034 -0.491673 -0.460531 0.162319 -0.370389 0.099433 -0.012113 0.110805 -0.148326 -0.264142 0.599239 0.007601 -0.301615 -0.287686 -0.038851 -0.552634 -0.293320 -0.417990 0.107157 0.129264
-0.255749 -0.612142 -0.135549 0.116342 -0.121469 0.226432 -0.136367 -0.422113 -0.331276 0.232098 -0.113448 0.115541 0.138678 0.384410 -0.021264 0.166824 -0.430452 -0.510977 -0.025360 -0.593137 0.347069 -0.000036 -0.325733 0.090405 -0.006447 -0.497345 -0.617067 -0.240746 -0.013103 -0.211277 -0.498744 -0.323044
0.181171 0.241809 -0.105147 -0.784178 0.183805 -0.004378 -0.037776 -0.285698 0.271462 0.088279 0.128694 0.104745 -0.005574 0.113512 0.052324 0.176853 -0.140901 -0.168288 0.243048 0.151723 0.033594 0.324610 -0.032325 -0.278079 -0.118190 -0.063347 -0.002378 0.005715 -0.109792 -0.118854 0.154131 -0.259696
0.272034 -0.256475 -0.059183 0.119777 0.305174 0.452263 -0.202442 -0.066896 -0.130431 0.024130 0.144699 -0.196913 -0.104617 0.068696 0.422327 0.280172 -0.334958 -0.078143 -0.310282 0.137953 -0.111219 0.387111 0.033657 0.078141 0.160084 0.278682 0.027125 -0.138927 0.049524 0.137924 -0.440169 -0.012452
0.210793 0.093854 -0.153087 -0.620699 -0.281496 0.082171 -0.259212 -0.351227 0.062209 -0.116054 -0.232005 -0.130108 -0.036830 -0.043526 0.247416 -0.490178 -0.568522 -0.301082 -0.245793 0.450440 -0.110253 -0.103584 -0.336788 0.096049 0.435196 0.039318 0.005291 0.117657 0.133622 -0.340004 -0.394852 0.432667
-0.294246 -0.124499 -0.212772 0.020150 0.005076 -0.042915 0.115335 -0.016127 0.267505 -0.353563 -0.407247 -0.720265 0.216298 -0.250778 0.017167 -0.456834 -0.039115 0.477851 -0.029860 -0.226396 0.056956 0.287589 0.193508 -0.188329 -0.210041 0.118956 -0.328962 -0.191336 -0.093558 0.104430 -0.550747 -0.235959
-0.052958 -0.252469 -0.296730 -0.676482 -0.005594 -0.386987 0.045356 -0.183656 -0.052521 -0.009837 -0.074146 0.589452 0.022223 -0.422590 -0.186016 -0.463448 -0.116613 -0.323067 0.121174 -0.017337 -0.396343 -0.114676 -0.261924 -0.341403 -0.092609 0.066070 0.018078 0.046848 -0.054214 -0.294150 0.021670 0.014487
0.301547 -0.153631 0.346184 -0.616404 -0.181442 -0.497994 -0.141389 -0.224673 -0.044822 -0.390502 -0.057710 -0.370472 -0.259084 0.076497 0.334584 -0.097978 -0.324650 0.442116 -0.354256 0.297926 -0.636535 -0.033623 -0.178213 -0.656583 0.478631 0.152135 0.059454 -0.793210 -0.141419 0.138185 -0.352211 0.221497
0.118531 -0.524659 0.019644 -0.354433 0.345494 0.080164 0.041250 -0.067258 0.285913 -0.127170 -0.411502 -0.037599 -0.052394 -0.078398 -0.651487 0.343914 0.089241 -0.468794 -0.177245 -1.045492 -0.254418 -0.492753 -0.056566 -0.138243 -0.087852 0.049301 -0.604431 0.270813 0.235323 -0.525267 -0.036139 -0.482959
-0.096939 -0.117202 -0.014164 -0.131812 0.114150 -0.080409 -0.034963 0.408085 -0.048550 -0.271626 -0.051605 -0.069072 -0.074370 -0.050358 -0.143461 -0.028003 -0.086578 -0.119989 -0.044502 -0.045716 -0.093382 0.002975 0.126476 -0.080236 -0.079035 -0.067158 -0.196829 0.033029 -0.085042 -0.060867 0.050396 -0.253313
