-0.007264 -0.068063 -0.167749 0.157655 -0.109902 0.084748 -0.269416 0.182637 0.710336 -0.258792 0.265045 0.240954 -0.315620 0.186433 -0.272042 -0.597219 -0.476451 0.194392 -0.147534 0.174087 -0.099571 0.823545 -0.095869 -0.211952 -0.128512 -0.455230 0.106995 -0.372801 -0.258845 -0.348159 -0.266305 0.237549
0.113456 -0.120963 0.067078 -0.297349 -0.202367 0.269041 -0.222536 0.220101 -0.069448 -0.226476 0.188331 0.382666 -0.109712 -0.297316 -0.302435 0.193054 -0.103272 0.569104 -0.156857 0.025637 -0.038725 0.106741 -0.218397 0.351646 0.002002 -0.235922 -0.114019 -0.188993 0.266978 0.208623 -0.116970 -0.608116
-0.051416 0.407057 -0.176750 0.147673 0.004886 -0.331479 0.332830 -0.204143 -0.544965 -0.392926 0.339204 -0.274757 0.132324 0.271948 0.455305 0.034649 0.063023 -0.167835 0.255810 -0.007978 0.010434 -0.258464 0.293685 -0.166554 0.465457 -0.244780 -0.037852 0.023286 0.273996 -0.636853 0.326341 -0.048556
-0.259321 -0.058074 0.255502 0.086310 -0.351311 -0.166790 0.025923 -0.358216 -0.209070 -0.138304 -0.015320 -0.048498 0.108321 0.007631 0.033150 -0.183787 0.236275 0.102265 0.350664 0.251569 0.162620 -0.346697 -0.166911 -0.174187 0.254195 -0.517714 -0.245100 0.072767 0.348494 -0.476917 0.019177 0.334268
0.044794 -0.158125 -0.606138 -0.209877 0.390096 -0.154567 -0.032980 0.035927 -0.312815 0.174902 0.363761 0.022078 0.119880 -0.214942 0.042219 -0.307561 0.133732 0.451983 0.191215 0.210964 -0.126546 0.188479 -0.146195 0.628481 -0.582765 -0.229297 -0.133862 0.263188 0.221333 -0.094876 -0.107567 -0.037624
0.310999 0.180165 -0.167456 -0.101807 -0.100023 -0.180887 -0.195462 -0.156625 -0.045755 -0.392809 0.097578 0.034406 -0.464596 -0.315486 -0.435027 0.536888 0.408146 -0.409577 0.128847 0.620492 0.059671 -0.063114 -0.152358 0.308990 -0.235495 -0.351953 -0.532605 -0.211010 0.636956 0.098750 -0.319007 -0.460723
-0.460011 -0.210651 -0.205825 0.364693 0.261517 0.042032 0.474720 0.575541 0.500232 -0.024897 -0.083311 0.026225 -0.095603 -0.537217 0.179103 -0.212265 0.010863 0.546377 -0.560979 0.117309 -0.143532 0.292520 0.305690 0.312848 0.508517 0.124859 -0.491226 0.044827 0.329958 0.203349 -0.236443 -0.521163
0.196740 0.025019 0.188981 0.309877 0.024967 -0.176901 0.321539 -0.067894 0.005078 0.005285 0.529985 -0.240758 0.080109 -0.053198 0.094058 -0.322313 0.251490 0.342396 -0.072543 0.083834 0.357245 -0.203227 -0.158457 -0.320125 -0.027954 -0.299872 0.074360 0.077726 0.230817 -0.037600 0.195628 0.254829
-0.799740 -0.383711 -0.170753 0.394584 0.046226 0.173262 0.498556 0.283293 0.442614 -0.179867 -0.214740 -0.358909 0.289367 0.099428 -0.105003 -0.720461 0.178643 0.287167 -0.198011 0.390912 -0.301939 -0.086981 -0.116298 0.053081 0.344937 0.180060 -0.596739 0.197340 0.197910 -0.345112 -0.074533 -0.228840
0.059348 -0.439738 -0.373932 0.152871 -0.490253 0.036801 -0.262029 0.009672 -0.167904 0.357044 0.115967 0.128867 0.288672 0.031798 -0.088682 0.224034 -0.311455 0.015839 -0.191277 -0.073462 -0.079454 0.064855 -0.135715 0.008098 -0.109352 0.340220 -0.327425 -0.137922 -0.038963 0.034233 -0.037161 0.111940
0.297512 0.108556 0.277468 -0.140537 -0.241246 -0.153234 -0.253283 -0.144308 -0.174574 0.020133 -0.062040 -0.347776 0.013961 0.163792 0.011137 0.217231 -0.178940 -0.445762 0.616955 -0.098930 -0.085577 -0.202047 0.192081 -0.323441 -0.211489 0.008035 0.436847 0.280755 -0.222359 0.038680 0.485578 0.010877
0.007099 0.130504 0.015013 0.015657 -0.394744 0.534016 -0.155666 0.533211 0.034835 0.251247 -0.270156 0.498516 0.188937 -0.048591 -0.102307 0.235771 -0.205619 -0.068916 -0.241343 -0.748079 0.249121 0.412610 0.144162 -0.253836 0.115610 -0.261072 -0.248963 -0.384880 0.108710 0.248828 0.126330 -0.184153
0.031367 -0.150243 0.854822 -0.063821 -0.341704 0.135806 -0.341663 -0.301850 -0.293464 -0.013046 0.182880 -0.339501 -0.478131 0.206910 -0.444852 0.257651 0.896146 -0.443096 0.187931 0.406914 0.098461 -0.233250 -0.216520 -0.204145 -0.284175 -0.456646 0.731647 -0.129557 0.130738 -0.253285 -0.127026 0.396919
-0.470026 -0.497122 -0.042680 0.510436 0.114805 0.135295 -0.092834 0.279927 0.212036 -0.144070 -0.163709 0.012969 -0.268061 -0.138244 -0.100457 -0.051766 0.199026 0.693336 -0.621510 0.092327 0.205549 0.519036 0.008990 0.005901 0.455319 -0.031276 -0.209317 -0.110379 0.263038 -0.169941 -0.526010 0.049236
-0.093950 -0.065282 0.225383 -0.368163 -0.079806 -0.761407 0.235473 -0.117777 -0.345984 -0.232697 0.633927 -0.164797 -0.241072 -0.055704 -0.161847 -0.329530 0.280549 -0.101114 0.022230 0.110382 0.123014 -0.382305 0.292104 -0.444809 -0.520418 -0.438711 0.080216 0.353734 -0.041306 0.185716 -0.039271 0.716918
0.147138 -0.451705 0.296254 -0.084633 -0.038336 0.069915 0.578624 -0.902431 -0.138335 0.313620 0.271931 -0.001803 -0.564284 0.356657 -0.396117 -0.115854 0.701328 -0.500263 -0.142834 0.545472 -0.498766 0.278060 -0.128661 -0.022014 -0.208101 -0.140895 0.335444 -0.074150 0.529061 0.142666 -0.313546 0.512747
0.570131 -0.055538 0.015838 -0.313106 0.365388 -0.098534 -0.067582 0.044633 -0.427274 -0.024196 0.045162 -0.202807 0.110635 -0.101011 -0.418286 -0.146701 0.096938 -0.160167 -0.150852 -0.131104 0.075043 -0.110056 0.297275 -0.700498 0.386024 -0.341576 0.081497 -0.178891 -0.100368 0.568125 0.009894 0.398542
-0.109967 0.477166 0.015578 0.247988 0.068077 -0.266234 -0.137767 0.514644 0.319162 -0.208280 -0.193502 -0.182650 0.529104 -0.116600 0.136753 0.061711 -0.828744 0.243836 -0.035410 -0.286323 0.238730 0.291736 0.314224 -0.236620 0.028824 0.345747 -0.438475 -0.052596 -0.343461 -0.188330 -0.315476 -0.130248
-0.076735 -0.056361 -0.344919 -0.093415 0.108520 0.198885 -0.470150 -0.325602 -0.242886 0.170788 -0.047083 0.372204 -0.028223 0.008087 0.068656 -0.011494 -0.005395 -0.172099 0.184633 0.044336 0.143784 -0.052014 -0.084138 0.274195 0.070261 0.151808 -0.151525 0.219415 -0.158754 -0.244098 0.198955 -0.276409
-0.084197 -0.205529 0.083317 0.128788 -0.548446 0.229450 -0.338575 0.078099 0.593453 0.176495 -0.466451 0.389733 0.032246 -0.569249 -0.193664 -0.122711 0.548105 0.198836 -0.242044 0.680462 -0.408087 0.544325 -0.419950 0.326223 -0.115001 -0.288787 -0.076131 -0.208952 0.083069 -0.035164 -0.213472 -0.604439
-0.067017 0.176537 -0.221126 -0.162359 0.010135 -0.527888 -0.201260 -0.082627 0.309981 0.029348 0.280310 0.264202 0.481830 -0.289109 0.067549 0.010395 -0.338440 0.196287 -0.031905 0.054949 -0.081736 0.556996 0.041561 0.280165 -0.368866 -0.382388 0.001169 0.414227 0.126006 -0.159707 -0.889510 -0.188453
-0.309136 -0.060557 -0.243255 0.388838 -0.019605 0.398468 -0.085509 0.275048 0.334351 0.170590 -0.504398 0.344270 0.044636 -0.311458 0.230479 0.213191 -0.175030 -0.554276 0.299998 -0.198384 -0.069521 0.335414 -0.330461 0.386126 -0.083808 0.158532 -0.292854 -0.189836 -0.215317 -0.631386 0.602851 -0.466473
0.300528 -0.394786 0.061501 0.145219 -0.212840 -0.242569 -0.031927 -0.398073 -0.154389 0.075994 -0.199819 -0.029178 0.373099 -0.146711 0.258892 -0.255680 0.076573 -0.362158 0.237804 0.315521 -0.464026 0.186587 -0.554633 0.090030 0.315468 0.264781 -0.113180 0.094391 -0.251812 -0.672207 0.241577 0.030679
0.142452 0.239078 0.256718 -0.044102 0.039463 -0.568418 0.096118 -0.480363 -0.168066 0.052959 0.256048 -0.041020 0.179542 0.482198 0.447232 0.220106 0.266955 -0.235542 -0.167916 0.015014 -0.058252 -0.183558 0.357693 -0.405253 -0.381317 -0.227092 -0.058436 -0.026200 0.165995 0.361605 -0.125051 0.225318
-0.241405 0.004282 -0.392390 0.595982 0.082786 -0.018561 -0.330906 0.113272 -0.036997 0.063025 -0.191674 0.696076 0.115321 -0.036086 -0.071229 -0.148503 -0.663921 0.124067 0.154671 -0.120378 -0.420445 0.448933 -0.252741 0.182964 0.060720 0.203855 0.024544 -0.338110 -0.371509 -0.317788 0.529397 -0.393535
0.185751 -0.084222 -0.470865 0.117661 0.183628 -0.186036 0.026606 -0.039433 0.094412 0.735872 -0.176611 0.263469 0.465041 0.020571 -0.037062 -0.049863 -0.002596 -0.385518 0.248333 -0.537756 -0.042548 -0.150857 0.037807 -0.100725 0.077572 -0.142647 0.465876 0.460472 0.421125 0.216202 0.453654 -0.055482
-0.045280 0.240905 -0.350772 0.232592 -0.312835 -0.041216 0.424129 0.028336 -0.213732 -0.166909 -0.045225 -0.500641 0.559011 0.140190 0.061822 -0.369441 -0.010493 -0.044472 0.356159 -0.312344 0.304763 -0.206791 -0.341911 -0.088197 0.066973 -0.429287 -0.387280 -0.136922 0.122941 -0.165690 -0.124563 -0.284713
0.332428 -0.472148 -0.256564 -0.064807 -0.144489 0.045555 0.267460 -0.035180 0.459436 0.020190 0.001371 0.150970 -0.148090 0.125015 0.074719 -0.197059 0.085786 -0.181605 0.140825 0.422109 -0.498477 -0.231419 -0.727119 0.483045 0.018835 0.160828 -0.450535 0.027639 -0.391502 -0.210409 0.589714 -0.360538
-0.458534 -0.258744 -0.044551 -0.565036 -0.314702 -0.019595 -0.054616 -0.091357 -0.557956 -0.257067 0.152995 -0.277741 -0.234228 0.296155 -0.083227 -0.216329 -0.039124 -0.067363 -0.046427 -0.032098 -0.229850 -0.191140 0.083327 0.231026 0.128973 0.463969 0.101578 -0.151522 -0.228507 -0.419379 0.425405 -0.065447
0.181156 0.370098 -0.080979 0.113899 -0.407625 -0.333099 0.395073 -0.020926 -0.256636 -0.250919 0.206793 -0.526863 0.431432 0.482853 0.308751 0.107272 0.279832 -0.524758 0.066195 -0.194946 0.161973 -0.114419 -0.032504 -0.023893 -0.101575 0.264559 -0.093716 -0.169713 0.226119 0.290079 -0.202921 0.290900
-0.061018 0.422251 -0.267677 0.777649 0.003672 0.092924 0.210816 0.226805 0.516429 0.010384 -0.103953 0.441728 0.695407 -0.476422 -0.092759 -0.283792 -0.298348 0.264470 0.325980 -0.240232 0.698043 0.270534 0.177109 0.024145 -0.184763 -0.210081 -0.429812 0.201181 0.042814 0.201036 -0.526759 0.358978
0.080400 0.461102 0.296750 -0.377464 -0.228509 -0.218417 -0.358608 -0.068920 -0.238773 0.226601 0.211070 -0.209269 0.098238 0.335745 0.312903 -0.017237 -0.125192 -0.257703 -0.420681 -0.174109 -0.263008 0.073141 -0.151166 -0.155859 0.195105 0.218122 0.434094 -0.087039 -0.146402 -0.079898 0.035314 -0.162233
-0.123527 0.005768 0.184621 0.167268 0.168956 0.186536 0.142527 -0.441279 -0.365561 0.196912 0.696207 0.120512 -0.240848 -0.023853 -0.590488 0.076291 0.513785 0.056089 -0.090789 0.260219 -0.152710 0.222276 -0.004182 0.077677 0.202705 -0.149087 0.021099 -0.184850 0.224766 0.603393 -0.013298 0.414883
0.052254 -0.010056 -0.227385 0.267034 0.607229 0.241056 -0.050574 -0.232225 -0.028644 0.014901 0.006706 -0.082097 0.201438 0.140032 -0.275708 -0.042662 0.128893 -0.321484 -0.073084 -0.338898 0.008985 0.072152 0.109930 -0.214236 0.269834 0.308846 -0.405421 0.388227 -0.415826 0.411509 0.462131 0.008955
-0.372339 -0.131274 -0.415980 -0.125481 0.219304 -0.325212 -0.532730 0.206833 -0.218915 0.138245 0.157137 -0.015501 0.107828 -0.058053 0.328177 -0.085042 -0.131236 0.407345 -0.489567 -0.300171 0.059843 -0.192157 0.132517 0.107142 0.627931 0.214501 -0.020213 0.259888 0.193513 0.172465 0.092957 -0.150723
-0.061285 -0.131096 -0.047914 -0.410564 -0.427598 0.349189 -0.125633 0.118161 -0.101147 0.083845 -0.088733 0.011232 -0.456566 -0.058266 -0.139618 -0.336933 -0.112040 0.466864 -0.132668 0.024188 -0.469189 0.530566 -0.267774 0.067046 -0.015044 0.329054 0.450458 -0.391049 0.258920 0.118406 0.090322 0.034996
0.217093 -0.314746 0.482717 0.241243 -0.017268 0.715978 -0.163379 -0.286239 0.206353 0.610110 0.382320 0.413090 -0.072060 -0.319489 -0.247332 0.181614 0.549608 -0.160070 0.087190 -0.154504 0.404836 0.058562 -0.011125 -0.350105 0.333222 0.110805 0.050437 -0.254637 -0.312181 0.089975 0.290661 0.117342
-0.268056 0.649641 -0.364050 0.326349 -0.178686 -0.169068 -0.375509 0.123068 -0.220951 0.386538 -0.068496 0.424889 -0.377130 -0.092908 0.353214 0.150394 0.078472 0.033272 0.015525 -0.491211 -0.018667 0.512942 0.245326 0.363375 -0.603847 -0.133945 0.362702 0.192348 0.085253 -0.431054 0.159955 -0.194801
0.018031 0.104499 0.422126 0.149065 -0.479044 0.243605 -0.346030 0.210918 0.085140 -0.155003 -0.039943 0.022152 -0.128323 -0.605692 0.081892 0.317179 0.272805 -0.163338 0.585902 0.025924 0.395949 -0.037679 -0.151679 0.431490 -0.074831 -0.012431 -0.135839 -0.022363 -0.095004 -0.004176 -0.096569 -0.345132
0.486446 -0.263274 0.197794 0.073293 0.537799 0.404267 -0.005540 0.186736 0.101444 0.662585 -0.062417 0.283962 0.031510 0.088839 -0.155842 0.150930 -0.116030 0.153966 -0.135439 -0.249121 0.011608 0.182166 0.382201 -0.177909 -0.264667 -0.123989 0.214457 0.416786 -0.274696 0.634982 -0.031292 0.507391
-0.405292 0.157887 -0.049835 0.764461 -0.091799 -0.097752 -0.177261 0.276921 0.242599 0.421609 -0.219058 0.009633 0.568862 0.277513 0.007620 -0.161078 -0.112213 -0.201743 0.210153 0.085415 0.653862 0.023171 -0.397217 -0.148571 -0.215859 -0.272092 -0.055905 0.077489 -0.043728 0.248510 -0.557167 0.411275
-0.260149 0.229505 -0.726971 0.426217 -0.107078 -0.255847 -0.065842 0.173204 -0.194937 0.435270 -0.086926 0.275818 -0.012543 -0.098379 0.054459 -0.007923 -0.158030 0.473309 0.028569 -0.414892 -0.166963 0.123697 -0.188236 -0.057463 -0.021486 -0.029200 -0.250246 0.073081 -0.047925 -0.096288 0.428474 -0.243966
-0.112621 0.048931 0.058584 0.275536 -0.074820 -0.148058 0.020664 0.276686 0.220611 -0.040306 0.046364 0.228146 -0.088364 0.203592 0.457694 -0.204392 -0.459155 -0.308441 -0.224565 -0.194320 -0.133743 0.182102 0.294225 0.141557 0.068971 0.384798 0.378224 -0.522943 -0.511700 -0.563922 0.214394 0.116908
-0.003269 0.133067 -0.145369 0.120638 0.031242 -0.130767 0.195334 -0.008317 0.302826 -0.423183 0.073525 -0.047952 0.113436 0.185506 0.471890 0.536695 -0.176146 0.026082 -0.718482 -0.030189 0.255886 -0.469961 0.189710 -0.398406 0.035357 0.396607 -0.688019 -0.443746 -0.568793 0.266994 0.042854 0.045871
0.237461 0.506866 0.095240 0.395972 -0.363702 -0.251189 0.171642 -0.261713 0.043648 -0.857109 -0.005966 -0.229321 0.528634 0.093297 0.307561 0.003777 0.197846 0.054864 -0.048033 0.182898 -0.057625 0.051736 0.032114 0.121480 0.182997 -0.347670 -0.134667 -0.513309 0.225689 -0.271143 0.099319 -0.122726
-0.046869 -0.267927 0.064385 -0.077756 -0.349864 0.274069 0.002619 -0.161064 0.149920 0.043056 -0.234163 -0.261897 0.382979 0.399338 -0.478409 -0.300741 -0.105149 -0.255451 -0.051138 -0.082796 -0.355261 -0.447864 0.074707 -0.138224 0.002879 0.338867 -0.421825 -0.336947 0.067974 0.664409 0.095254 0.699039
0.152565 0.327648 0.019298 -0.014328 0.534480 -0.351639 0.242695 -0.032248 -0.132603 -0.189706 -0.049524 -0.236513 0.180711 0.287231 0.057114 0.620340 0.097209 -0.063501 -0.368990 0.077820 -0.016190 -0.133089 0.109111 -0.042920 0.257247 0.306021 -0.688779 -0.041674 -0.460155 0.211572 0.307774 -0.090019
-0.376499 0.495389 0.503441 -0.150347 -0.224269 -0.335982 -0.269785 0.254858 0.047695 -0.563349 -0.471942 -0.307815 -0.083788 0.412322 0.565301 0.386998 0.000513 0.023758 0.052887 -0.526089 0.200735 -0.387027 0.729691 -0.135355 -0.081293 0.190727 0.283003 0.282324 -0.002804 -0.146637 -0.217598 -0.117518
0.078195 -0.001124 -0.217446 0.692917 0.090823 0.205723 0.153375 0.756012 0.288955 -0.322326 -0.058378 -0.080238 0.284404 0.040866 -0.046968 -0.267952 -0.161576 0.032709 0.126280 0.184039 0.395350 -0.402720 -0.025649 -0.307134 -0.089074 -0.288595 -0.235867 -0.113770 0.093777 -0.329959 -0.061690 -0.026235
-0.357500 0.436997 0.511381 -0.031484 -0.484952 0.459812 0.111262 -0.096466 -0.172388 -0.541968 0.029245 -0.298259 -0.265400 -0.196033 -0.216760 0.081085 -0.063646 0.381717 0.161791 -0.133791 0.380151 -0.223383 -0.269827 0.022145 0.370981 -0.135119 0.113180 -0.467352 0.370296 0.513653 -0.050677 -0.253769
-0.185482 -0.121977 -0.527797 0.176637 0.529165 -0.402290 0.488261 0.347328 0.126453 0.223578 -0.328232 -0.083669 0.213030 0.084639 0.357992 -0.021933 -0.088152 0.013267 -0.495934 -0.100496 -0.184298 0.000088 -0.070847 0.030427 -0.026392 0.213178 -0.730351 -0.036677 -0.059351 0.241602 0.143898 0.516526
-0.513404 0.133402 -0.239572 0.221199 -0.292334 -0.458779 0.338509 0.355749 0.128412 -0.271122 -0.162918 -0.145602 0.224073 -0.081009 0.317064 -0.239396 -0.245520 0.427745 -0.381297 -0.255703 0.048077 -0.075094 -0.032677 0.363160 0.480349 0.433083 0.158749 0.229266 -0.034325 0.256886 0.174086 -0.593443
-0.014404 0.153521 0.159455 0.144180 0.059053 0.316221 0.175639 0.017389 0.061751 -0.310324 -0.162962 0.098487 -0.130180 0.332468 0.099106 0.476655 0.075904 -0.131183 -0.250787 0.102168 -0.183781 0.164024 -0.197326 -0.051946 -0.167618 0.238208 -0.187930 -0.560536 -0.074598 0.462480 0.049107 0.054392
0.570902 0.248162 -0.193725 -0.291647 -0.410163 0.100137 -0.340759 -0.108120 -0.227633 -0.265980 0.596819 0.042676 -0.121839 -0.286660 -0.098163 0.467656 0.268695 -0.698775 -0.396133 -0.354332 -0.304663 -0.059894 0.580778 -0.012665 -0.704432 -0.418249 0.082357 -0.022385 -0.126992 -0.012448 -0.092454 0.007219
0.334727 -0.292968 0.253481 -0.002968 -0.123171 0.421096 -0.384459 -0.317106 -0.193247 -0.002871 -0.028042 0.598858 0.081074 0.325245 0.182805 0.274868 0.163569 -0.269285 0.136102 0.155909 -0.767448 -0.027102 0.152057 0.062244 0.123709 0.159752 0.158166 -0.030639 0.126402 0.333899 0.412389 -0.322677
-0.284610 0.285586 -0.235543 -0.103956 0.049544 -0.223737 -0.025024 -0.170252 0.007276 0.419193 0.109135 -0.155312 0.119123 0.601351 0.556384 -0.552316 -0.272272 -0.434115 0.268197 -0.399776 -0.225249 -0.299279 0.018860 0.069012 -0.201565 0.169008 0.488725 0.209936 -0.663083 0.021182 0.486571 0.297230
-0.439920 0.321256 0.061922 0.346344 -0.075033 -0.497101 -0.107252 0.000529 0.180635 0.403861 0.353486 -0.116879 0.498597 -0.007212 -0.012129 -0.429886 0.069946 0.039350 0.877225 0.004349 1.049971 -0.089270 -0.323705 -0.526004 0.121954 -0.353989 -0.017349 0.420332 -0.052156 0.045307 -0.500627 0.453657
0.217907 0.331823 0.061904 -0.370896 -0.390990 0.114193 0.059074 -0.158608 -0.451421 0.076040 0.354482 -0.382986 -0.314354 -0.020856 -0.025702 0.341332 0.257112 0.027554 0.218586 -0.318603 -0.288326 -0.494688 -0.079597 0.005295 0.274248 -0.305836 0.414252 -0.248985 0.660449 0.025083 0.083967 -0.604414
-0.249302 -0.135745 0.063829 0.301211 0.459511 0.428075 -0.354320 -0.414169 -0.300923 0.290009 0.334109 0.113796 0.040814 0.098055 -0.124026 0.034446 0.580280 -0.302160 0.285032 -0.037851 -0.114909 -0.000671 -0.060964 -0.166427 0.158552 -0.165515 -0.353681 -0.135307 0.144642 -0.212315 0.295053 0.176892
0.205697 -0.481945 -0.066786 0.068414 -0.339981 -0.025197 0.258447 -0.124109 0.387912 0.134749 0.052894 0.160167 -0.048306 -0.352850 0.075045 0.213876 0.296161 -0.098491 0.190598 1.035476 -0.363835 -0.067587 -0.840880 0.759914 0.090151 0.069446 -0.387383 -0.107873 0.077045 0.165060 0.389547 -0.446336
-0.220494 0.162941 0.075259 0.218925 0.084939 0.001131 0.107266 0.082855 -0.132775 -0.202034 -0.246433 -0.503842 0.475691 -0.194278 0.163602 -0.250416 0.607032 0.506956 0.159913 0.100089 -0.107105 -0.443607 -0.206840 0.329917 0.326928 -0.109284 0.004685 0.522724 0.321339 0.239237 0.042597 -0.212467
-0.473558 0.302762 0.202033 0.473797 -0.488974 -0.247392 0.332131 -0.282383 0.420452 -0.262112 -0.228275 0.034712 -0.417534 -0.257518 0.242796 0.305219 0.229497 -0.205525 -0.112446 0.513209 -0.404356 0.128630 -0.544678 0.326742 0.099257 0.532737 -0.166190 -0.115047 -0.445155 -0.336467 -0.260828 -0.301559
0.441148 0.161113 -0.361628 -0.040463 0.085341 -0.265834 -0.227148 0.133186 0.047389 0.653195 0.123098 -0.021663 0.139912 -0.218460 0.280449 -0.191566 0.321337 -0.103290 0.198629 -0.241630 -0.462138 -0.294040 -0.279217 0.259763 -0.401221 0.025629 0.162246 0.421398 -0.420278 -0.237574 0.118437 0.400422
-0.232586 0.085479 -0.227628 0.017791 0.329946 0.050991 -0.044078 0.466481 -0.053942 0.204761 -0.362087 -0.492232 0.716745 -0.304827 -0.036672 -0.097727 -0.491328 0.180165 0.576805 -0.663736 0.739983 0.096152 -0.143861 -0.225780 0.432233 0.035247 -0.305674 0.262406 0.055150 -0.319612 -0.034056 -0.185034
-0.390190 0.507861 -0.060194 -0.061333 -0.309987 -0.163804 -0.251957 0.262308 -0.151197 0.007654 -0.001979 0.161065 0.077246 -0.309299 0.298447 0.178585 -0.114745 0.179301 0.328243 -0.556252 0.336227 0.183521 -0.027758 0.185802 -0.305397 -0.056538 0.352825 0.237730 -0.006171 0.143818 -0.150264 -0.314689
