-0.547586 -0.391020 -0.465194 -0.205041 -0.106750 -0.173292 -0.570312 -0.238636 -0.324316 0.021442
-0.457481 -0.326178 -0.255757 -0.175607 -0.445792 -0.506113 -0.390112 -0.233508 -0.488074 -0.294196
0.098609 0.092937 0.098573 -0.166292 0.317277 -0.035828 0.285681 0.097110 0.058160 -0.065012
-0.106453 0.026924 -0.137297 0.111969 0.089440 0.074366 0.043936 -0.171001 0.340487 0.024512
-0.025398 0.160784 0.055307 0.259783 0.127044 -0.125449 -0.216208 0.474327 -0.139283 0.186579
0.363816 -0.492569 -0.406918 -0.066973 0.416509 -0.272937 0.504248 -0.596605 -0.623187 -0.304281
-0.126120 -0.174863 -0.243853 -0.005037 -0.276281 0.196019 0.161741 -0.251770 -0.089437 -0.281203
-0.366554 0.342551 -0.166572 -0.028537 -0.028000 0.036620 0.068469 0.152259 0.056811 -0.023911
-1.778416 -0.567736 -0.358034 -0.542042 -1.747444 -1.660123 -0.511696 -0.362168 -0.437216 -1.421657
-0.593887 -0.094238 -0.045024 0.029137 -0.060119 -0.063112 -0.232504 -0.053639 -0.250225 -0.369520
0.374225 0.039870 0.139675 -1.099203 -0.064887 -0.276917 0.100514 0.325249 0.113387 0.124364
-0.261438 0.054204 -0.002268 0.316136 -0.546064 0.170949 -0.715206 0.003677 -0.007675 0.065081
-0.290250 0.247107 0.386456 0.150806 0.081946 0.106768 0.073298 0.149801 0.022514 -0.548417
-0.544162 -0.135306 -0.232831 -0.263222 -0.354275 -0.295821 -0.658130 -0.685003 -0.673773 -0.365934
0.572251 -0.238767 0.407562 0.402303 0.288934 -0.089606 0.125796 0.152271 0.107299 0.186921
0.225735 -0.654979 -0.166157 -0.211879 -0.148635 -0.181431 -0.018643 -0.375987 -0.198222 -0.135992
0.862310 -0.236089 1.329600 0.083377 -1.282761 -0.750754 -0.918840 0.161035 0.740816 0.033072
