-0.294825 -0.046833 -0.059835 0.568474 0.531560 -0.061735 -0.868193 0.077217 -0.078517 0.384452
0.040987 -0.272279 0.330740 0.036928 0.524841 0.588082 -0.029667 -0.319135 -0.038587 0.431244
0.627795 -0.011321 0.275016 -0.170886 0.130107 0.334199 -0.813863 0.288269 0.085806 -0.042930
-0.212211 0.683151 -0.112424 -0.230254 -0.125983 -0.135326 -0.105994 -0.176402 -0.282594 -0.188635
-0.020399 -0.131719 -0.072622 0.420258 -0.143893 0.042423 -0.360495 0.186149 0.021233 0.557868
-0.335301 0.275698 1.021423 0.315842 0.210716 0.042886 -2.691735 0.025520 0.376266 0.353587
-0.518984 -0.564777 -0.714170 -0.481243 -0.956276 0.226563 -0.182598 -1.000872 -0.137844 -0.608365
0.363221 0.081917 0.246660 -0.176456 0.850439 0.503187 -0.015777 0.023927 0.161401 0.441790
0.158454 0.061486 0.121470 0.858302 -0.019959 0.482254 -0.542508 0.219392 0.189718 0.238706
-0.311078 0.069750 0.314609 0.072441 -0.140106 -0.867257 -1.217823 0.555667 -0.484187 -0.328504
0.508161 -0.581878 -0.223806 -0.107197 0.053971 -0.178357 0.184785 -0.505092 -0.202499 0.020745
-0.115015 -0.729737 -0.351051 -0.673612 0.236628 -0.598831 -0.060621 0.415224 -0.416758 -0.078366
-0.003956 -0.518041 0.403874 0.075455 -0.784253 -0.361765 0.351962 0.178011 0.289686 0.059339
-0.368312 -0.050472 0.361901 -0.391615 0.336132 -0.090502 -0.147615 -0.536806 -0.087443 -0.647536
0.647703 -0.341496 0.380330 0.209448 0.879262 0.057696 0.741790 -0.530423 -0.080945 0.755350
-0.098985 0.164105 0.171941 0.296293 0.518803 0.490056 -2.818134 0.549866 0.269737 0.849570
-0.258174 0.355811 -0.015983 -1.030578 0.141034 -0.300515 -0.406726 -0.029333 0.120804 -0.387517
0.229307 0.293849 0.439099 0.202697 0.024682 -0.289768 0.190965 0.281730 0.501719 -0.441601
-0.518514 -0.214568 0.888179 0.404785 0.323547 0.566171 -1.108349 0.106762 0.344931 1.087755
0.198070 0.031411 -0.053431 -0.079763 -0.183030 0.296430 -0.269782 0.605741 -0.078628 0.166376
0.201265 0.357007 -0.207664 -0.580343 -0.222695 -0.325208 0.083513 0.195886 0.090726 -0.015921
-0.436600 -0.286948 -0.088810 -0.654678 0.271731 -0.223001 0.074933 0.033273 0.182861 0.338318
-0.354302 0.245462 0.265350 0.159458 -0.237086 0.197920 -0.555273 -0.048599 -0.438697 -0.108795
0.243593 -0.810892 -0.026549 -0.241250 0.175420 0.075461 -0.314804 0.617969 0.328606 0.455441
-0.331799 0.125914 -0.104770 -0.302844 0.402054 0.075242 -0.140656 0.500252 -0.394654 0.237678
0.603191 -0.386866 -0.460665 0.052249 -0.018040 -1.278032 0.071597 -0.458299 -0.233439 0.935614
0.579747 0.335926 -0.265737 -0.080660 -0.318987 -0.754791 -0.479040 0.074844 0.394771 0.274027
0.268215 -0.198450 0.144121 0.048142 0.352908 0.179323 0.867927 -0.053788 -0.052927 -0.521552
-0.266884 -0.161719 0.301180 0.065999 -0.594917 0.014341 -0.071897 -0.211013 0.088348 -0.387866
-0.622960 0.138932 -0.273452 0.171709 0.662254 -0.099345 -0.151958 0.275056 0.202931 0.589017
0.614149 -0.135244 0.339507 0.480069 0.056947 -0.029569 -1.130536 -0.105671 0.711561 0.258930
-0.455063 0.304137 -1.026006 0.662622 0.368889 0.299521 -0.952233 -0.215224 1.528981 -0.044440
0.029819 -0.371520 -0.216883 -0.097184 0.030031 -0.282123 -0.364282 -0.174722 0.691468 0.755398
