0.238806 -0.544283 -0.136668 0.348152 -0.479915 0.094326 -0.125587 0.209106 0.426742 -0.163215 -0.111439 -0.249625 0.429874 -0.161019 0.057116 -0.218232 -0.084629 -0.211912 0.304944 -0.250256 0.052365 0.048591 -0.037785 0.367241 0.087577 0.124404 0.412335 -0.112398 -0.008086 -0.537746 0.262621 -0.220935
0.133507 -0.101932 0.002627 0.336910 0.325957 0.116542 -0.032359 0.206706 -0.486501 -0.237907 0.372483 0.184188 -0.103178 0.006793 -0.080053 -0.096087 0.005439 -0.115468 -0.563514 0.013642 0.522509 -0.017692 -0.256057 0.143996 0.336994 0.022414 -0.104209 0.123568 0.028510 -0.397624 -0.076280 0.204348
0.045751 0.500129 0.067858 0.110666 0.109622 -0.455069 -0.113814 0.015176 0.368574 -0.452029 0.108301 -0.285845 0.119168 0.257764 0.042537 -0.294750 0.367642 -0.148014 0.462770 -0.100022 0.189313 -0.369274 0.221554 -0.368836 -0.585808 0.061246 -0.199673 0.233928 0.514907 0.042561 0.112402 0.118818
-0.249731 0.066343 -0.110504 0.394753 -0.083500 0.063588 0.071955 -0.468618 -0.502537 0.194908 0.143281 -0.523942 0.337247 0.057773 -0.045345 -0.087177 0.690653 0.014360 0.223336 -0.366007 0.082935 -0.019259 0.278214 0.309089 0.397249 0.060124 0.150714 -0.023266 -0.060412 0.247034 0.017633 -0.129981
-0.051861 0.598367 -0.001618 -0.036962 -0.304209 -0.028504 0.005882 -0.067100 0.228157 0.103648 0.041580 0.319594 0.238995 -0.124586 0.432929 -0.311723 0.180804 0.010371 0.266708 -0.472425 -0.009616 -0.008649 -0.603979 -0.156349 0.179944 0.373822 -0.248782 0.041399 -0.643476 -0.431657 -0.298752 -0.181815
-0.066641 -0.516238 -0.025415 -0.144098 0.343592 -0.357133 -0.129891 -0.479891 0.156653 -0.266782 -0.535828 -0.319553 0.293382 0.127848 -0.182523 -0.433820 -0.173343 -0.205829 0.365496 0.255309 0.247363 -0.043287 -0.073053 0.061891 -0.070118 -0.374971 -0.113841 0.226706 0.303543 0.172873 -0.345677 0.162046
0.024609 0.641123 0.329130 -0.221498 -0.418316 0.585743 -0.146517 0.001148 0.061041 0.287164 0.261691 -0.091523 -0.073063 -0.257134 -0.356508 -0.214125 0.379739 -0.426987 -0.193668 0.120930 0.129687 -0.260637 -0.337989 0.151683 0.284284 0.355832 -0.777396 -0.157669 -0.064437 -0.144491 -0.341642 -0.184245
0.393612 0.088796 -0.344205 -0.030221 0.224169 -0.059569 -0.128326 -0.000051 0.730520 -0.498279 -0.071132 -0.027717 -0.235072 0.205107 -0.172280 -0.133385 0.307214 -0.009092 -0.000792 -0.113121 0.633118 0.209039 0.376929 0.187983 -0.019496 -0.427063 -0.228739 0.377361 0.057739 -0.219048 -0.015862 0.113541
0.128445 -0.206098 -0.145052 0.010608 0.031335 -0.023085 0.141551 -0.007823 -0.336673 0.321751 0.398652 0.184229 -0.348697 0.248373 -0.227458 -0.658268 -0.154380 -0.281587 -0.133388 0.065157 0.281989 -0.033791 -0.371845 0.194814 -0.150192 -0.167833 -0.343678 0.098754 0.066549 0.212702 -0.391829 0.084886
-0.410841 -0.273942 -0.117377 -0.138440 -0.221691 0.200374 -0.131601 0.033706 -0.251102 -0.010842 0.398345 -0.043884 0.180292 -0.262390 0.176670 -0.071725 -0.087508 0.494087 0.031424 -0.226006 -0.148648 0.221999 0.174015 0.301523 0.363277 -0.292794 0.158906 -0.708369 0.126538 0.050734 -0.442232 0.239729
-0.192416 0.009208 -0.164078 0.074402 -0.103862 0.476197 -0.157367 0.001847 -0.286961 -0.097442 0.288552 -0.211647 -0.362573 0.234109 0.306943 0.123337 0.078082 -0.372870 0.097960 0.229123 -0.628874 -0.442974 -0.371103 -0.159212 -0.289373 -0.027085 -0.405743 -0.042299 0.092451 0.141648 -0.252281 0.425795
-0.066405 0.661686 0.290508 -0.249571 0.370808 0.516727 0.073783 0.156379 -0.232059 0.268167 -0.225296 0.220453 -0.107021 -0.089731 -0.081356 -0.581400 0.095568 -0.001725 -0.146994 -0.556665 0.190617 0.176337 0.247122 0.516418 0.329426 -0.461115 -0.367038 -0.057650 0.198489 -0.096528 0.187400 0.143599
0.205397 0.665713 -0.186988 -0.157154 0.136321 -0.141526 0.495096 -0.130800 0.098404 -0.260769 -0.013453 -0.007106 -0.275265 0.770731 0.067300 -0.500278 -0.053810 -0.153654 -0.526869 -0.188836 -0.731401 0.114756 0.147590 -0.024964 0.035611 -0.162715 0.134397 -0.063838 0.558707 -0.028527 -0.380458 0.537553
0.312356 0.134205 -0.184764 -0.072135 -0.118386 -0.179619 -0.199492 0.429522 0.180497 -0.167222 0.034925 0.114984 0.049967 0.019405 0.189702 0.386806 0.183146 -0.108645 -0.093241 0.472008 0.548389 -0.220238 0.087728 0.356540 0.109944 -0.191681 -0.284848 -0.153904 0.322928 -0.188069 -0.335156 -0.144741
-0.204570 -0.211361 -0.226843 -0.068285 0.012669 -0.231938 0.092880 -0.360091 -0.308075 0.125815 -0.037456 0.123680 -0.071809 -0.292130 0.064118 -0.072262 -0.240802 -0.289517 0.280135 -0.222536 -0.009961 -0.258893 0.277917 -0.071190 0.084859 0.658989 -0.609410 0.240059 -0.493135 0.152638 -0.179253 -0.112538
-0.047641 -0.260443 -0.103662 0.063749 -0.241446 0.039954 -0.004335 0.271005 0.266621 -0.033022 -0.109118 0.338878 -0.210377 0.261493 0.312445 -0.165324 -0.411072 -0.310666 0.485252 0.499565 -0.346996 0.101296 -0.142193 0.114921 -0.565172 0.422434 -0.358767 -0.136225 -0.387573 0.303916 -0.286057 0.439923
-0.214332 0.220591 0.092301 -0.085243 -0.276096 0.101528 -0.002659 0.294129 0.103767 0.084929 0.233681 -0.147868 0.280814 -0.546836 0.456633 -0.813958 0.046446 -0.069070 -0.108776 -0.106094 -0.529493 -0.141503 0.084653 0.185901 0.339469 -0.099010 -0.242895 0.523617 -0.254644 -0.337715 0.329370 -0.478627
-0.294282 -0.364496 0.043588 -0.105041 0.223493 -0.870429 -0.064555 0.289421 0.310890 0.071767 -0.091661 0.159471 -0.221549 0.147112 -0.165480 0.129351 -0.208712 0.445271 -0.139782 0.331930 0.187702 -0.766702 0.614388 0.021337 -0.310495 -0.234593 0.597612 -0.174732 0.087083 0.349715 -0.062340 0.659610
0.162112 -0.097603 -0.490196 -0.379844 0.159407 0.161716 0.092063 -0.209795 -0.048157 -0.231182 -0.052173 0.461025 -0.435501 0.039707 -0.148002 -0.270011 0.622201 -0.007958 0.140174 -0.160827 -0.065272 0.287359 -0.216146 0.089357 0.484922 0.194226 -0.040175 0.091306 -0.062864 -0.424097 0.203340 -0.067733
0.175288 -0.112014 -0.093288 -0.367943 0.024870 0.072623 0.144712 0.129516 0.836074 -0.183241 0.034776 -0.213476 0.451786 0.004281 0.020669 -0.261287 -0.428003 -0.496094 -0.042499 -0.476232 0.305109 0.019752 -0.027650 -0.400869 -0.050376 -0.314974 0.144619 0.116364 -0.220951 -0.041004 -0.023656 -0.275869
-0.365251 -0.515121 -0.098501 0.006609 -0.296842 -0.003089 -0.216365 -0.023493 0.008081 0.188009 0.172828 -0.182952 -0.267460 -0.225627 0.307364 0.205275 0.393044 -0.250082 -0.150356 0.083504 0.057771 0.034452 0.021387 0.280106 0.165588 0.295267 0.109709 0.080444 0.177976 -0.657222 0.278904 -0.172013
0.053494 -0.500103 0.283247 -0.496105 0.257515 -0.107958 -0.146028 0.080201 0.124225 0.633320 -0.186023 0.318336 0.180564 -0.152587 0.442096 0.146737 0.195878 0.289507 0.249281 -0.036636 0.132553 -0.097294 0.135357 0.132927 -0.450355 -0.605526 0.199378 0.258812 -0.034740 -0.290706 0.352813 -0.098404
0.181188 -0.135182 0.621626 0.145286 -0.008288 0.409416 -0.031926 0.237748 -0.092243 -0.334767 -0.086714 -0.079259 0.685508 -0.290275 -0.371569 -0.451383 0.001052 0.133683 -0.003816 -0.161940 0.345222 -0.006383 0.188954 0.097168 0.070149 -0.071871 0.430680 0.264162 -0.252255 0.329379 0.177279 -0.170692
0.387594 -0.191972 0.057713 -0.116095 -0.336295 0.032025 -0.154879 -0.364340 -0.150336 -0.148449 -0.096263 -0.317811 0.786046 0.041895 -0.011147 -0.193286 -0.479555 -0.019160 -0.544977 -0.116640 -0.008201 -0.127571 -0.073309 -0.374149 0.383545 -0.487145 0.154230 -0.018423 -0.036444 0.278986 0.261264 0.150389
-0.316954 0.427519 -0.212284 0.171536 -0.112018 -0.401836 -0.069552 -0.130361 0.534459 -0.081748 -0.238743 -0.319294 0.159908 0.156450 0.130320 -0.076418 -0.284529 0.082908 -0.243751 0.584989 -0.086300 0.217666 -0.105691 -0.058813 0.065908 -0.184893 0.558995 -0.135597 0.024906 0.528217 0.308561 0.101728
-0.414538 0.111390 0.171189 -0.026118 0.174171 -0.786791 -0.213075 -0.381953 0.534001 -0.298426 -0.240653 -0.254047 0.103462 -0.092441 -0.162967 -0.190670 -0.484596 0.066277 0.142702 -0.052174 -0.144019 0.237968 -0.078263 0.337651 -0.043914 0.216353 0.193995 -0.299509 0.482169 0.077599 -0.043387 0.150939
0.319601 -0.414527 -0.073322 0.214159 0.154110 0.513102 0.212209 -0.001702 -0.137799 -0.273385 0.024906 0.201062 0.419529 0.199119 0.095656 -0.090465 -0.309284 0.533789 -0.210853 0.510421 0.078692 -0.033838 0.092840 -0.147842 -0.125137 -0.230224 0.309461 -0.424219 0.047835 0.259808 -0.022527 -0.302681
-0.238615 -0.085385 -0.207416 -0.342345 0.303527 -0.040556 0.274028 -0.141342 0.038745 0.021161 -0.002812 0.242923 0.465853 -0.003990 0.710122 0.473768 -0.179319 0.078294 -0.019070 0.037663 -0.284467 0.191550 0.213985 -0.230020 -0.026466 0.392338 -0.049497 0.321532 -0.218067 -0.275646 0.089131 0.197495
0.455087 -0.329804 -0.230683 0.287926 -0.098631 0.048549 -0.269666 -0.120542 0.189965 -0.482159 0.019436 0.050624 0.091905 0.128076 -0.287565 -0.174259 -0.193444 -0.150590 -0.142250 -0.012356 -0.135809 0.007824 -0.034926 0.307127 0.104901 -0.356311 0.283734 0.324747 -0.634054 0.098317 -0.168195 0.303764
0.373301 -0.348539 0.542377 0.260107 0.003807 -0.067676 -0.443494 -0.431202 0.060208 -0.203512 0.147604 0.293493 -0.150001 -0.129245 0.163609 -0.212864 0.168612 0.296195 0.412402 -0.008668 0.141080 -0.272238 0.111969 0.489230 0.429697 -0.031193 0.001833 -0.411829 0.169579 0.225146 -0.388829 -0.049957
0.069411 -0.262735 0.158417 -0.196783 -0.139749 0.100078 -0.217921 0.340432 0.115117 -0.017847 -0.120203 0.264961 0.207058 0.581563 -0.145197 0.322756 0.034169 -0.201815 0.117501 0.725547 -0.418103 0.137074 0.186753 0.208790 0.343756 0.113112 0.249343 0.254443 0.176356 0.022139 -0.411207 -0.309900
0.007553 0.356131 0.044319 0.160097 0.144830 -0.377438 0.626345 0.062097 0.461329 -0.323459 0.097309 0.112971 0.070027 -0.257418 -0.060893 -0.536574 0.036316 -0.259596 0.030299 -0.034744 -0.301864 -0.179367 0.330051 0.140295 -0.081325 -0.184365 0.544545 0.181403 -0.492493 0.079619 0.598155 -0.276880
-0.094841 0.170299 -0.276102 0.187326 0.406328 -0.042356 -0.267609 0.143342 0.068126 0.153424 -0.023973 0.190138 0.196904 -0.091151 0.172084 0.046469 -0.149083 0.041484 -0.077333 0.266967 0.183684 -0.199595 0.447181 -0.005103 -0.091335 0.392213 0.122034 0.496482 -0.323848 -0.960041 0.429998 0.244884
0.037836 0.545604 0.029650 0.376329 -0.083715 -0.362501 0.185837 -0.268246 0.028765 0.197866 -0.204890 0.228463 -0.777317 -0.070474 -0.070841 -0.240118 0.063172 -0.254041 -0.506229 -0.580418 0.381118 -0.166902 -0.532370 -0.168283 -0.665143 -0.219060 0.229155 0.241522 -0.022149 -0.098075 -0.233022 -0.242452
0.294607 0.578098 -0.422339 -0.076024 0.071299 -0.187636 0.132000 -0.104490 -0.561917 -0.043465 0.125894 -0.162836 0.457665 0.230917 0.194689 -0.166580 -0.246093 -0.107678 0.172347 -0.357311 -0.038659 0.134314 -0.041022 -0.159141 -0.036902 -0.361058 0.156989 -0.035261 -0.010572 -0.341309 0.648628 -0.357650
-0.042201 0.133957 0.364345 -0.022993 0.135093 -0.006684 0.168049 -0.014148 -0.143947 -0.099908 -0.202939 -0.192428 -0.184085 0.194521 -0.204292 0.104921 0.023739 0.329256 0.162856 0.321748 0.184189 0.303688 0.610249 0.275285 -0.080851 0.146137 -0.016959 0.065944 -0.211711 0.070061 0.312812 -0.086701
0.034879 0.272941 -0.027818 0.102525 0.311811 0.462407 0.428412 -0.076938 -0.033293 -0.039739 -0.147934 0.151244 0.371130 -0.102231 -0.170348 -0.224122 -0.518853 0.193357 -0.164463 -0.243617 -0.089014 0.172372 0.196153 0.119234 -0.230563 -0.321343 0.122290 0.113790 0.094818 -0.352708 -0.111167 0.334115
-0.132332 -0.226478 0.189278 -0.568291 -0.064594 0.262082 0.470218 0.132801 0.162871 0.522245 0.350760 -0.046882 -0.970622 0.218229 0.143834 -0.498891 -0.201291 -0.023008 -0.137870 -0.101349 0.209238 -0.197535 0.082788 -0.051982 -0.415086 0.213128 -0.246958 0.021898 0.089822 0.115697 -0.111224 -0.053391
-0.072257 0.265270 -0.222974 0.254112 0.078166 -0.086565 0.036558 0.025600 -0.092971 0.175898 0.113385 0.134270 -0.319135 -0.205511 -0.037512 -0.589054 0.183784 0.182539 -0.131440 0.360693 -0.399536 -0.056655 -0.127925 -0.310238 -0.137155 0.253064 -0.316029 0.237211 -0.008875 0.376330 -0.244566 0.092975
-0.284683 0.351243 0.016534 0.154493 -0.196588 -0.634807 0.639203 -0.425471 0.386040 0.201136 0.229418 -0.153393 0.068274 0.081696 -0.204990 -0.021624 -0.102437 0.007001 0.011343 0.043714 0.113791 -0.043803 -0.210335 0.001758 0.160338 -0.221054 -0.259774 -0.152762 0.250262 0.125654 0.146210 0.043367
-0.242494 -0.554351 0.447650 -0.028841 -0.235695 0.284375 0.186012 0.407134 0.410887 0.541101 -0.630001 0.415251 0.215381 -0.048939 0.531749 0.154575 0.080650 0.097043 0.240762 -0.001842 0.204612 -0.057101 0.143137 0.000238 0.025018 0.300750 0.463665 0.427149 0.039944 -0.182553 0.134518 -0.262296
-0.062191 0.022710 0.544076 -0.067431 -0.251896 0.081270 -0.128187 -0.664095 0.194056 0.229480 0.327405 0.002324 -0.099037 -0.082973 -0.165865 -0.607784 -0.184677 -0.301372 0.315699 0.009651 0.385599 -0.063364 0.167586 0.310547 0.136213 -0.118216 0.076497 0.022296 0.216575 -0.272088 -0.055610 0.516547
0.189465 0.412002 -0.227575 -0.126854 0.029727 -0.763229 0.256914 0.198195 0.198915 -0.410207 -0.018514 0.208881 0.076691 0.096908 0.008600 -0.144494 0.050710 0.134591 -0.090238 0.151264 -0.230757 0.225989 0.142847 -0.364747 -0.009710 -0.056187 -0.272043 -0.284478 0.485380 0.205410 -0.247790 -0.289792
0.107399 0.015216 -0.242726 0.252201 -0.024986 -0.270846 0.296901 -0.187943 0.199377 -0.191518 0.023086 -0.040063 -0.169447 -0.310954 0.049722 -0.070267 0.281525 0.176143 -0.019523 0.182637 0.427675 0.407296 -0.164978 -0.129669 -0.115670 -0.060445 0.233760 0.151016 0.108321 0.609966 0.313092 0.445398
-0.125696 -0.363392 0.043617 -0.168046 0.114907 0.102052 0.058450 -0.219714 -0.191132 0.177673 0.047926 0.302489 -0.123443 -0.037233 -0.243772 -0.566968 0.258575 -0.016865 0.182920 0.453246 -0.338819 0.193147 0.178230 0.268414 0.186832 0.200117 0.138411 -0.147605 -0.247855 0.072038 -0.158233 0.094983
-0.381017 0.086030 0.028008 0.008461 0.009122 0.132484 0.224973 0.202631 -0.089859 0.186556 -0.591408 -0.191220 -0.364941 0.421743 -0.074645 -0.217927 0.026862 -0.120259 0.173260 -0.513115 0.113061 0.333129 -0.061007 0.529702 -0.178916 -0.197211 -0.361125 -0.164355 0.094867 0.191780 0.125815 -0.007960
-0.125198 0.014992 -0.180457 0.038602 -0.189799 -0.189777 0.146159 -0.162822 0.038103 0.499663 -0.163186 -0.142418 0.020383 0.172399 -0.402008 0.425333 0.256704 0.161470 -0.119251 -0.446712 -0.261678 -0.009273 -0.111997 -0.374260 -0.125737 0.292648 -0.164082 -0.009596 0.086860 -0.465290 -0.046526 -0.176820
-0.249204 -0.236408 0.595874 -0.066122 0.111671 -0.381180 -0.461668 0.225544 0.872961 -0.083603 0.339550 0.190142 -0.032479 -0.524093 0.171502 -0.002829 0.570459 0.138977 -0.237624 -0.182269 0.160019 -0.289778 0.581280 0.066177 0.515282 0.014310 -0.201453 -0.164385 0.429684 0.094717 0.144771 -0.104037
-0.079893 0.011379 0.020553 0.449449 -0.100612 -0.385100 -0.091474 0.103080 0.145346 0.103864 0.256519 0.032929 -0.132683 -0.304791 0.158654 -0.276746 -0.222125 -0.085289 -0.017411 0.574474 0.135946 -0.165949 0.062502 -0.027799 0.026361 -0.256326 -0.258877 -0.419244 0.017197 -0.207459 -0.921259 -0.148558
-0.158151 0.729079 -0.018169 -0.135220 -0.119662 -0.086398 0.165489 -0.433670 -0.094107 0.203875 -0.165018 -0.049933 0.124747 0.393549 0.102064 0.158027 -0.169548 0.166381 0.432628 -0.043854 0.225928 0.159708 0.008583 0.041633 0.568525 -0.025068 -0.170849 0.096452 0.236605 0.512678 -0.071628 0.003343
-0.410667 0.205969 -0.400470 0.048180 -0.334800 0.202158 0.119738 -0.203221 0.410116 0.325623 0.453083 0.016240 -0.540819 0.236595 0.441489 0.271843 0.008775 0.197668 -0.375869 0.523751 0.036655 -0.235518 0.240167 0.047395 0.303052 -0.347978 0.142867 0.299728 -0.304200 0.256557 0.349877 -0.449839
0.113380 0.513464 -0.328153 0.328471 -0.242372 -0.714516 -0.028940 0.169190 0.027984 -0.098366 0.203148 0.107789 -0.006513 -0.366273 0.091406 -0.101968 -0.142949 -0.308620 0.204981 -0.268075 -0.073014 -0.306832 -0.184144 -0.241414 0.003591 0.341158 -0.517803 -0.164494 -0.114508 -0.342375 0.323301 -0.097929
-0.381845 0.031993 0.011120 -0.014062 -0.000737 -0.101352 0.392035 0.266758 -0.364922 0.128823 -0.084892 -0.055112 -0.300147 0.034277 -0.016857 -0.185177 0.389360 0.081249 0.371172 0.035539 0.305279 0.084310 0.197903 -0.076621 0.396958 0.004592 0.532665 0.211592 -0.225489 -0.076074 0.398986 -0.184497
-0.140523 0.362114 -0.059039 -0.437374 0.198663 -0.153704 -0.245326 0.027801 -0.195088 -0.637423 -0.129716 0.341725 -0.212877 0.382564 0.288664 -0.696256 -0.065420 -0.150981 0.441383 -0.341783 -0.464355 0.077759 -0.521980 -0.224453 0.197784 0.179124 0.121311 -0.025376 -0.256993 0.459202 -0.447328 -0.208747
-0.315685 -0.316723 0.362270 -0.286897 -0.232699 0.531749 0.005661 0.200414 0.404802 0.112095 0.136565 -0.114346 0.389396 0.245088 -0.082362 0.277694 0.005158 0.289899 0.259195 -0.253674 0.287543 0.039326 0.535720 -0.205902 -0.164656 0.208518 0.677463 -0.069150 0.005851 -0.265159 -0.190323 -0.190481
0.013420 -0.152200 0.338201 0.064862 0.157086 0.253015 -0.250019 0.617542 -0.516240 -0.073208 -0.009660 0.354014 0.642417 0.173973 -0.328187 0.247741 0.253757 0.094669 -0.270978 -0.366911 -0.050234 -0.182280 -0.165596 -0.174378 -0.067712 -0.307738 0.000136 0.038647 0.250812 0.608474 -0.196518 -0.034315
-0.294721 0.110584 0.027938 0.332833 0.090366 0.260720 -0.013517 -0.355389 -0.231873 0.062384 0.336350 -0.182119 -0.696927 0.052589 -0.239928 0.117195 0.151703 0.369578 0.007970 -0.670620 -0.053559 -0.256967 0.104146 -0.190120 0.310597 0.368871 0.477426 -0.083127 0.060467 0.418399 -0.087797 0.040909
-0.458100 -0.044075 0.190138 -0.122450 -0.010837 0.207322 0.158374 0.196916 0.469493 -0.350291 0.305412 -0.007363 -0.471081 -0.163273 -0.095515 -0.072594 0.147843 -0.082299 -0.050405 -0.022972 0.149955 0.357679 -0.132343 -0.380967 -0.161536 -0.106007 -0.244979 0.412772 -0.053615 -0.407099 -0.263466 0.126637
-0.024997 0.959430 0.047147 0.203511 0.422738 -0.079730 -0.277933 -0.446450 -0.002977 0.031941 0.324111 -0.537264 0.365822 -0.192981 0.331918 -0.783895 0.199553 -0.601863 -0.314746 -0.269617 -0.563181 -0.047604 0.121722 -0.035267 -0.123365 0.369580 -0.354824 -0.096692 0.061585 -0.075377 0.168560 0.307183
-0.138651 0.128085 0.233720 -0.089322 -0.151589 0.604415 -0.516112 0.322546 -0.480296 -0.161411 0.062800 0.311263 0.407193 0.095464 0.029308 -0.496785 -0.159928 0.219376 0.132241 0.169926 -0.097804 0.068035 -0.166282 0.194374 -0.299391 -0.260936 0.057011 0.044636 0.511899 0.264925 0.113348 -0.287930
0.076538 -0.338153 0.100544 0.066738 -0.433267 0.142928 0.061538 -0.110273 0.221028 -0.033629 -0.464486 0.265809 0.117383 -0.068166 0.198520 0.063278 0.349503 0.006232 0.258356 0.570404 -0.242472 -0.054551 0.454336 -0.163053 0.309169 -0.431673 0.237284 0.130515 -0.006149 0.158130 -0.152166 0.362917
-0.244795 -0.180525 -0.223760 -0.410692 -0.042384 0.079317 0.306607 0.186153 0.323177 0.283799 -0.089423 0.005099 0.004255 -0.321803 0.160491 -0.786744 0.127904 -0.039132 -0.066615 0.966189 0.038307 0.396518 -0.049860 -0.085313 0.180176 0.066673 -0.036001 0.265857 0.457223 -0.263894 0.448158 -0.148720
0.031935 0.057603 -0.088427 0.169777 -0.103819 -0.612904 -0.163223 0.194194 0.347044 -0.008324 -0.214215 -0.282285 -0.582131 -0.124657 0.381283 -0.229086 -0.036004 -0.096549 0.038736 -0.038313 -0.087202 -0.041025 0.214019 0.128016 0.521497 -0.054346 0.161144 0.333505 -0.220202 -0.616530 0.108881 -0.282104
-0.100006 -0.536407 0.351158 0.273692 -0.054080 -0.094055 -0.257444 0.478861 0.470681 0.047415 0.463517 0.263968 -0.659587 0.202592 0.062569 0.045631 -0.153242 -0.155708 0.155562 0.206411 -0.066882 0.261061 -0.006177 -0.139715 -0.141900 -0.268286 0.113798 0.103635 0.051630 -0.398896 -0.223793 0.036852
-0.000000 -0.000000 -0.000000 0.000000 0.000000 0.000000 -0.000000 -0.000000 -0.000000 -0.000000 0.000000 -0.000000 -0.000000 -0.000000 -0.000000 0.000000 0.000000 -0.000000 -0.000000 0.000000 0.000000 -0.000000 0.000000 -0.000000 0.000000 -0.000000 -0.000000 0.000000 -0.000000 -0.000000 0.000000 0.000000
