0.084548 0.268678 0.126677 -0.147468 -0.380743 1.049364 0.312421 -0.165294 0.098085 0.935876
-0.085852 0.097801 -0.109108 0.729343 -0.381898 -0.244108 -0.605657 0.393657 0.109711 0.213560
0.075319 -0.650715 -0.262060 -0.868099 -0.138828 -0.838279 -0.742730 -0.653940 0.317759 -1.305296
-0.601232 -0.356126 -0.296350 0.435672 -0.427904 0.645943 -0.455374 -0.213243 0.107756 0.396730
-0.352830 -0.094892 0.006413 -0.091558 0.150946 0.543438 0.429364 0.207793 0.562897 0.287622
0.020867 0.026418 -0.175499 0.482982 0.658379 0.440739 -0.134737 0.174404 0.285860 -0.048663
-0.224993 0.121644 -0.071570 -0.233457 0.421763 -0.703364 -0.391351 0.667949 -0.593030 0.504982
0.325045 0.122082 0.057106 0.528286 -0.291760 0.442735 -0.182511 0.541752 -0.227977 -0.093448
-0.141873 -0.127585 0.745372 0.353603 0.304095 0.098179 -0.119826 -0.276773 0.284817 0.495110
-0.185980 0.400481 0.498346 0.363911 -0.171510 0.254488 -0.229060 -0.257715 -0.332093 -0.301718
0.303506 -0.488200 -0.137775 0.011491 0.269020 0.324763 0.916050 -0.028901 0.138916 -0.363150
0.181843 0.352667 0.404755 0.632775 -0.081266 -0.411084 0.291649 0.766698 -0.032221 -0.020479
0.634445 -0.059123 -0.083909 -0.009710 0.172671 -0.131423 0.479427 -0.170610 0.362675 -0.430673
-0.086923 0.071278 -0.710479 -0.103844 0.068847 0.876524 -0.113027 0.326274 0.162004 -0.028778
0.265127 -0.376753 -0.928664 -0.488069 -0.189526 0.299683 -0.004385 0.539871 -0.066247 0.159687
-1.000270 -0.120469 -0.468216 0.055560 -0.037975 0.743328 0.500033 0.561620 0.459100 0.127508
-0.448270 0.230488 -0.099852 0.385139 0.141229 -0.487838 -0.242300 -0.458857 -0.053832 -0.239804
0.420502 -0.249339 0.270601 -0.048092 -0.386527 0.185859 -0.013509 -0.061512 -0.664644 -0.167201
-0.443535 0.379353 0.160781 -0.075525 0.544393 0.035337 -0.280884 -0.526355 -0.389884 -0.331334
0.345821 -0.459879 0.730691 0.391663 0.124166 0.628812 -0.371241 0.592950 -0.400553 0.491231
-0.659659 0.473257 -0.675452 -0.661468 -0.054394 -0.297711 -0.414873 -0.320356 -0.316518 -0.219497
-0.090442 -0.094173 -0.330196 0.061978 -0.158823 -0.239214 -0.497403 0.502708 -0.533739 -0.370539
0.043825 -0.047663 0.001685 -0.403915 -0.510582 0.491802 0.767927 0.120685 0.483978 -0.017967
0.024363 -0.485850 -0.071070 -0.166285 -0.562501 0.003018 -0.913991 -0.015025 0.110745 -0.255330
0.421830 0.563745 0.828382 0.307976 0.136949 -0.170471 0.194008 -1.073723 0.531509 0.149127
0.677242 -0.385659 -0.087693 -0.344144 -0.040459 -0.292145 -0.100495 -0.529473 -0.117864 0.229086
-0.232536 0.056761 0.029139 -0.536578 0.102114 0.174648 -0.097141 -0.090922 -0.241225 -0.042493
-0.122317 -0.089505 -0.554146 -0.073324 0.287300 -0.226602 -0.175612 -0.398263 0.767732 0.591242
-0.286523 0.119851 0.499607 0.115283 -0.521184 -0.320894 -0.181884 0.231362 0.107103 -1.065341
0.787382 0.011601 -0.107136 0.067325 -0.062001 0.046766 0.035391 -0.323897 0.145198 -0.882917
1.172788 0.360626 0.197822 0.547592 0.157744 0.001134 -0.278396 -0.423217 0.736326 0.517224
0.537859 0.000164 0.901176 -0.187092 -0.380666 0.148307 -0.471668 0.983089 0.470482 0.141550
0.094981 -0.086965 -0.311872 0.143793 -0.352511 -0.030626 -0.059473 -0.596645 0.725959 0.473359
