-0.259022 -0.037214 0.272386 -0.011302 0.391514 -0.392362 0.697082 1.032121 0.045839 0.043465
-0.413606 -0.486297 0.057229 0.262577 -0.011734 -0.300886 0.015763 -0.189342 -0.288852 -0.526789
0.345251 -0.565751 0.716759 -0.841342 -0.110238 0.101081 0.337655 0.070257 0.004478 0.680042
0.508693 -0.227563 -0.324884 0.404794 0.169621 0.330151 0.971121 -0.666551 0.398355 -0.217966
0.111400 -0.269812 -0.086485 0.459785 -0.272460 0.159647 -0.312027 0.444501 -0.019349 0.609505
-0.001470 0.230292 0.636812 0.577100 -0.234270 -0.610114 -0.672338 0.348759 0.622072 -0.090406
-0.433561 0.173194 -0.167223 -0.212597 0.506727 -0.688690 -0.435502 0.423283 -0.191718 -0.553747
0.063175 -0.145693 0.184385 -0.299244 0.778419 -0.499486 -0.515790 0.261753 -0.526874 0.398787
-0.148820 -0.283010 -0.069830 -0.475762 0.316044 -0.202204 -0.142898 0.379973 0.482206 -0.296426
0.117643 -0.851862 -0.049894 -0.223817 0.128391 -0.114555 -1.016199 -0.742773 -0.255317 0.235742
-0.006009 0.445100 0.488017 0.392237 -0.066603 -0.126295 -0.059956 0.162087 -0.277363 -0.292411
-0.565558 -0.523852 0.126016 -0.021722 -0.332623 0.222428 -0.306077 0.159840 -0.395488 0.312724
-0.200864 0.348011 -0.440098 0.016647 0.263937 0.403220 -0.083363 0.523537 0.700131 -0.035436
0.857172 -0.226732 0.288678 0.098600 -0.549106 0.026010 0.037488 -0.021487 -0.321530 0.197339
0.173519 -0.264549 0.062994 -0.841734 0.083758 0.789030 0.074242 0.189474 0.325407 -0.380456
-0.146802 0.536010 0.326861 -0.250011 0.712673 0.244452 0.164783 0.143918 -0.067448 0.470239
-0.257953 -0.092259 -0.554008 0.073753 0.030098 0.295046 -0.116298 -0.370765 0.546147 0.399770
0.271144 -0.197461 -0.470726 0.033373 -0.489857 0.224061 0.093264 -0.464422 0.690790 -0.321848
-0.139896 0.494453 -0.435811 0.083507 0.151923 0.152141 0.074241 -0.278659 0.641886 0.446909
0.624782 -0.438957 0.493703 -1.034884 0.727229 -0.589375 -0.011866 0.082389 -0.467525 0.251876
-0.039052 -0.956092 0.054311 0.521745 0.541125 -0.378748 0.336171 -0.297752 -0.194110 -0.381409
-0.268936 0.124782 -0.222550 0.541457 -0.542230 0.957276 0.072633 0.072484 -0.300136 0.291728
0.412636 -0.164407 -0.410731 0.133163 -0.717899 -0.176221 -0.588209 0.152639 -0.076814 0.722362
-0.262078 0.504921 0.352072 -0.261452 0.037457 -0.201525 -0.283499 0.403529 -0.524624 -0.497308
0.330309 0.085029 0.324235 -0.033820 0.303957 0.159597 0.884678 -0.322235 -0.364881 -0.093363
0.199943 -0.463151 0.298986 -0.100677 -0.494804 0.245001 0.207276 -0.215410 -0.228567 -0.030796
0.055999 -0.230747 -0.382256 -0.646667 0.166275 0.024055 0.383046 -0.728179 -0.015682 -0.479704
0.132149 0.622522 -0.035994 -0.460736 -0.288631 0.206380 -0.315032 -0.319592 0.349772 0.138577
0.017676 0.729686 -0.142687 0.023522 0.082758 0.122269 -0.025868 0.094791 -0.335688 -0.094393
0.604550 0.378604 -0.246786 0.546422 -0.608954 -0.072758 -0.148614 -0.111536 0.052502 -0.226287
-0.469369 0.079165 -0.042435 -0.232967 -0.207515 0.261875 -0.248068 -0.179690 0.366048 0.592328
-0.113185 -0.181848 0.109279 0.065592 -0.557983 -0.247183 -0.693553 0.590991 -0.316191 -0.173547
-0.411797 -0.341035 -1.313190 -0.651575 -0.381475 1.048548 -0.035723 -1.085622 2.816018 0.355852
