0.089448 -1.575079 0.487105 0.674592 -0.016170 0.215516 1.288572 -0.270356 -0.519524 -0.543563
0.599297 -0.183619 -0.115876 0.625344 0.203075 0.529392 -0.241202 0.022892 0.032748 0.761891
-0.121177 0.033392 -0.008165 -0.132903 0.629738 -0.339910 -0.388388 -0.190707 0.107939 0.268809
0.666034 0.115067 -0.356984 -0.041139 -0.179585 -0.141063 0.100406 -0.501720 -0.290924 0.059515
-0.249437 -0.157296 -0.362100 -0.843669 -0.437453 0.518404 -0.402013 0.192251 0.369308 0.424474
0.565856 0.090234 0.548848 -0.205460 0.064422 0.214215 0.244164 0.897770 0.288502 0.242151
0.262266 0.325445 0.303104 0.232064 -1.040083 -0.000492 0.102339 0.735309 0.266258 -0.002638
0.103133 -1.170426 -0.311446 -0.006753 0.084710 0.130822 0.494363 -0.344984 0.036142 -0.215147
0.070751 0.443012 0.749755 0.298441 -0.353514 -0.258465 0.228748 0.074433 -0.445780 0.060219
0.097466 0.031787 -0.180427 1.082171 -0.931274 0.127491 0.211434 0.629044 -0.332715 -0.102872
-0.099047 0.308484 0.581164 0.298792 -0.182624 0.320674 0.145711 0.182016 0.121883 -0.328725
0.121428 -0.034482 0.379458 0.186230 -0.301886 -0.231071 -0.593144 0.378662 0.401269 0.323792
-0.060198 -0.172093 -0.016371 0.038625 -0.160130 0.382109 0.196622 -0.601456 0.506248 -0.128931
0.125286 -0.423938 -0.059657 0.584786 0.037223 0.245130 0.388293 0.197362 0.175700 0.556197
-0.617637 -0.177963 -0.586873 -0.062990 -0.936959 -0.302093 0.562724 0.002029 -0.361995 -0.457691
0.049545 0.811101 -0.345984 0.002755 0.202916 -0.383865 -0.190903 0.211980 0.101544 -0.025781
-0.036180 -0.908450 0.194476 -0.187781 0.329427 -0.300250 -0.284907 0.047635 -0.283935 0.251431
0.260672 0.429601 0.227532 0.082278 -0.265335 0.734536 -0.276908 -0.535977 0.341545 0.017619
-0.743320 -0.302405 0.398829 0.436200 -0.250522 0.248632 -0.039961 0.194695 0.306626 -0.602527
-0.121364 -0.135614 -0.117730 -0.236261 0.347861 0.224795 -0.020995 0.335978 -0.304940 0.553995
0.716899 0.493443 -0.120837 -0.771076 0.015578 -0.587092 -0.331731 -0.309934 0.415559 -0.607997
0.588255 -1.000445 0.296722 0.923933 -0.377057 -0.358578 0.435852 -0.159758 0.622860 -0.331226
0.080294 0.440465 0.394027 -0.269089 0.121558 -0.240622 0.401896 0.040791 0.327239 -0.429342
-0.031659 0.102014 -0.272909 0.057527 -0.408101 0.446467 0.091944 0.060695 -0.120807 0.126006
0.719102 0.032865 0.844738 -1.107044 -0.530796 0.434699 -0.501682 -0.122294 0.617519 0.534906
-0.051206 -0.107717 0.349465 -0.236611 0.376400 0.000839 0.537672 -0.440788 -0.472888 0.207119
0.122846 0.290094 -0.405952 0.526637 0.166987 0.772022 0.493295 -0.437570 -0.234377 -0.242735
0.018536 0.493498 0.458431 -0.860068 -0.668991 -0.356741 1.119926 -0.090640 1.358194 0.023311
0.764710 -0.232186 0.488937 0.400771 0.505431 -0.538154 -0.005013 -0.127222 -0.584766 0.066348
-0.356257 -0.819855 -0.138063 0.336581 0.436216 0.130531 0.461529 -0.145877 -0.497028 -0.672118
0.087820 -0.263071 0.006104 0.288697 -0.712847 0.185643 0.508958 -0.516077 -0.101592 0.151075
-0.021721 -0.239944 -0.208925 0.348135 0.003623 0.400977 -0.293430 -0.322909 -0.094713 0.168218
0.072803 -0.169581 0.145654 -0.107532 -0.040064 0.159203 -0.050149 -0.044518 0.114770 -0.080585
