-0.911036 -0.519435 0.047245 0.098483 0.431293 0.128179 -0.146834 -0.159474 0.662716 -0.104260
0.193521 -0.114654 0.273187 0.440706 0.325079 -0.639200 -0.344383 -0.150382 0.495760 0.499143
0.662687 0.430440 -0.809143 0.336700 -0.164893 0.038561 0.589094 0.168299 -0.497884 -0.507458
-0.428430 -0.131089 -0.483455 0.104060 0.606497 0.722014 -0.012497 0.430172 1.124761 0.321139
0.194537 0.663450 -0.054255 0.199755 0.000118 0.914282 0.816139 0.099548 0.937759 0.084784
0.495351 -0.407678 0.475590 0.362396 0.181588 -0.109706 0.810422 0.616808 -0.183303 0.039652
0.041859 -0.171697 -0.058650 0.481374 -0.399037 -0.470589 -0.153213 -0.416101 0.314499 -0.024788
-0.144037 0.123427 0.151445 -0.234431 -0.053086 -0.349190 -0.673508 0.705637 0.007361 0.360957
0.019619 -0.204804 0.050786 -0.045867 0.356720 0.152961 -0.137881 -0.017168 -0.405190 -0.364357
0.505118 -0.514525 -0.183136 -0.373809 0.284053 0.006523 -0.284349 -0.095215 0.069946 0.577956
0.373677 -0.800096 -0.439631 -0.088860 -0.022663 -0.008216 0.576004 0.103723 -0.247676 -0.205035
-0.083606 0.197601 -0.195060 -0.262886 -0.726890 0.012693 -0.973599 -0.293229 -0.061231 0.396164
0.430222 -0.447020 0.013458 -0.414129 -0.631359 -0.105537 -0.446717 -0.764978 -0.049882 0.084612
0.792107 -0.322562 -0.609128 0.310114 -0.336703 -0.309408 0.296552 0.123517 -0.968576 0.248691
-0.513183 -0.443982 -0.583765 -0.525173 0.346248 -0.046598 -0.203342 -0.364514 -0.353111 0.452838
-0.457199 0.676618 -0.307658 -0.431406 0.105649 -0.745270 -0.412779 0.001022 -0.402779 -0.067067
0.283593 -0.070355 0.528259 0.001181 0.028453 0.264066 0.204722 -0.124851 0.317103 -0.607057
-0.567339 0.461861 0.397214 -0.254001 0.083185 -0.185460 -0.122706 -0.191550 -0.254508 0.122911
-0.061630 0.258145 0.518327 -0.438103 -0.015896 -0.129260 0.117975 -0.308729 -0.206827 -0.446608
-0.197998 -0.020428 -0.360313 -0.290777 -0.197028 -0.287370 0.805099 -0.237823 -0.319611 -0.096833
-0.165662 -0.524850 -0.475662 0.412132 -0.495662 0.149335 0.382871 0.273950 -0.265045 -0.414062
-0.307462 -0.478937 -0.188139 0.485958 -0.272120 0.587324 -0.452148 -0.194907 -0.481120 0.154559
-0.202134 0.333427 0.177503 0.408595 -0.283745 0.271931 -0.659504 0.161472 0.213109 -0.335294
0.656773 -0.219812 -0.491739 0.569979 0.130747 0.906286 0.378503 0.207343 0.094150 0.048473
0.223842 -0.148825 0.421590 -0.371426 -0.520011 -0.151534 -0.043483 -0.055809 -0.402456 0.211297
0.409978 -0.668324 -0.051081 0.252663 0.799303 0.506742 0.140634 0.185178 0.666384 0.093094
-0.449373 0.456855 -0.280850 -0.121896 -0.276456 0.158774 0.473678 0.574078 0.716348 -0.400369
-0.102417 -0.182356 0.266120 0.665751 -0.639723 0.256716 -0.608640 0.281253 0.173747 0.009490
-0.212475 0.430948 0.419095 -1.228081 -0.438946 0.293628 -0.563988 0.793723 -0.304862 -0.071568
0.754141 -0.071331 0.070271 0.446528 0.918849 -0.285833 -0.244140 0.721252 -0.111436 0.396321
-0.889636 0.233547 -0.957835 -0.069038 -0.332256 -0.342278 0.537800 -0.147300 -0.035390 -0.323673
0.257992 0.096315 -0.546902 0.401437 -0.563158 -0.013769 -0.114124 0.606877 -0.034141 0.045400
-0.072514 -0.320006 0.117335 -0.183007 0.115621 -0.106991 -0.152238 -0.151422 0.588695 0.164527
