-0.053575 0.243235 0.164512 -0.079458 -0.332848 -0.212526 -0.020212 0.316673 -0.064122 0.138135 0.066570 -0.105158 0.125259 -0.322743 0.010079 0.305283 0.144952 -0.451562 -0.031418 -0.058407 0.232595 0.077090 0.341775 -0.076976 -0.049760 0.231330 -0.140295 0.239849 -0.464787 -0.356892 0.320735 -0.019323
-0.210094 0.423373 -0.266726 0.127106 -0.616970 0.041424 -0.050968 -0.289839 -0.522969 -0.330181 -0.033606 0.136050 -0.020473 0.058943 -0.172764 0.002145 -0.121463 -0.268483 -0.235094 -0.754891 -0.311840 0.280072 -0.267937 0.203189 -0.127898 -0.353145 -0.099143 0.169735 -0.203267 0.347251 -0.205585 -0.341732
-0.127103 0.100044 0.266863 -0.248192 -0.018009 0.431988 -0.257251 0.163838 0.060908 0.327353 -0.352584 0.004145 -0.138407 -0.451369 -0.045549 0.044315 0.179514 0.020163 -0.387986 -0.269931 0.586481 -0.134145 0.236870 -0.041430 0.174419 0.158180 -0.518600 -0.027893 -0.536897 0.140865 -0.513325 0.045359
-0.648374 -0.063741 -0.231631 -0.582846 -0.714665 -0.058591 -0.468897 -0.152018 -0.058787 -0.388894 -0.570591 -0.129940 -0.551813 0.042340 -0.115764 0.110620 0.147593 -0.352958 -0.044723 -0.283669 -0.709111 0.221699 -0.402792 -0.416344 0.076478 -0.384584 0.487636 -0.696126 0.442944 -0.486951 -0.622059 -0.244284
-0.192943 0.283091 0.362537 -0.118345 -0.207241 -0.365500 0.550560 -0.036081 -0.033149 0.396872 -0.342159 0.011877 0.149768 0.105601 0.274382 -0.159263 -0.248434 0.370416 0.086734 -0.071402 0.043943 -0.176653 -0.055663 0.555062 0.190505 -0.060802 0.200946 -0.111385 -0.109316 -0.055194 0.092657 0.231179
-0.551020 0.096896 -0.054766 -0.345234 0.077956 0.042485 -0.166010 0.404795 0.142885 -0.029790 -0.116855 -0.040923 0.334522 -0.312781 -0.198322 0.159230 0.380258 0.394798 0.012807 -0.084747 0.067058 0.279817 -0.063174 -0.684694 -0.100498 -0.604144 -0.828927 -0.156439 0.216891 0.554576 -0.264941 -0.304646
0.306204 -0.143142 -0.228943 0.100634 -0.438979 -0.741987 0.140056 -0.060706 -0.217953 -0.010179 -0.059637 -0.540289 -0.369677 0.118358 0.390501 -0.434343 -0.174083 -0.114572 0.636232 0.180674 0.157116 0.078293 0.294116 0.289627 0.234001 -0.031879 -0.372957 -0.112193 0.159061 -0.210424 0.068503 0.041328
0.369125 -0.498558 0.113483 0.381926 -0.556865 -0.208003 -0.196908 0.178037 -0.084671 -0.273834 -0.205226 0.199509 0.271042 -0.104508 0.364665 0.020767 -0.313199 -0.062144 -0.089359 -0.229136 -0.142267 -0.271887 0.017357 -0.367220 0.384460 -0.115808 0.437464 -0.351867 0.236946 0.100095 -0.418663 -0.094223
0.023704 0.318614 -0.328164 -0.021374 -0.142786 0.120617 -0.348424 0.074890 0.082380 0.010407 0.180157 -0.350302 0.285194 -0.014193 -0.081639 0.145144 0.057659 -0.270203 -0.044540 -0.233204 -0.160288 -0.147466 0.118151 0.006586 -0.098760 0.094112 -0.201682 -0.094619 0.095487 -0.245326 0.059136 -0.034202
0.124271 -0.080879 -0.177953 0.031094 0.007896 -0.385434 0.027089 -0.608457 -0.175296 0.294547 -0.035242 0.305442 -0.088867 -0.518770 0.158608 0.246948 -0.352454 0.204735 -0.325803 0.071200 0.220944 0.084244 -0.160053 0.265835 0.464207 0.327407 0.117600 -0.441374 -0.241343 -0.078014 0.220320 -0.482985
0.469299 0.069768 -0.243379 -0.172386 0.320203 -0.222889 0.134620 0.583295 -0.313383 -0.522494 -0.323129 -0.178331 -0.332664 -0.252848 -0.371244 -0.203965 0.012663 -0.170803 0.416790 -0.061947 0.057823 -0.106346 -0.372751 0.374000 -0.321920 -0.155882 0.039781 -0.015844 -0.190038 -0.159711 -0.232603 0.062403
0.254716 0.006759 -0.311172 -0.067660 0.471805 -0.064223 0.129585 0.638276 -0.059316 -0.113034 0.060222 -0.038680 0.072918 -0.138332 0.330368 0.210592 -0.096573 -0.481737 0.154174 -0.749779 -0.047015 -0.013486 -0.189255 0.036114 0.306903 -0.181618 -0.076254 -0.321101 0.010486 -0.147922 0.153107 0.630715
0.093682 -0.364885 -0.099489 0.061334 0.057097 0.032864 -0.546667 -0.689140 0.286305 -0.119445 0.231608 0.101214 -0.661863 0.266053 -0.039725 0.175170 -0.058327 -0.293677 -0.313373 -0.119117 0.306046 -0.726468 0.054615 -0.215800 0.316540 0.050964 -0.127010 0.037037 0.054108 -0.109568 -0.148006 0.144422
0.336862 0.400782 0.032038 -0.218981 -0.093183 -0.083645 0.014340 0.692458 -0.071911 0.396146 -0.093291 -0.450694 -0.252322 -0.005245 0.261240 0.066758 -0.116773 -0.216293 0.022049 0.189847 -0.129712 -0.594850 -0.148241 0.134077 -0.043464 0.004382 -0.345844 -0.392660 0.032140 -0.146129 0.140700 0.142556
-0.141450 0.360146 0.451471 -0.648855 -0.235441 0.142604 -0.233823 0.059464 -0.040115 0.009628 0.046785 -0.353993 0.107680 -0.069341 0.145479 -0.026393 -0.146292 -0.047173 -0.037315 -0.112303 0.286945 -0.121958 0.279243 -0.016306 0.547109 0.014967 -0.190988 -0.206677 0.288790 0.104249 0.082816 0.335348
-0.037005 -0.778309 -0.085501 -0.116430 0.127960 -0.582258 -0.236232 -0.504184 0.429788 0.034014 0.030741 -0.051143 0.460328 -0.028272 0.249563 0.182434 0.306726 -0.340481 -0.531164 0.253388 -0.119842 0.616301 0.164974 -0.158211 0.454258 0.170122 0.290360 -0.316888 -0.114041 -0.193959 0.345543 0.228639
0.034031 0.087345 -0.094114 0.049526 -0.042105 -0.656537 0.027079 -0.206662 -0.089662 -0.063747 -0.427544 0.331105 0.082832 -0.161038 0.062060 -0.202885 0.183136 0.273714 -0.098057 -0.026343 -0.113548 0.542358 0.325101 0.226883 -0.047602 -0.062696 -0.658497 -0.276964 0.174509 -0.187112 -0.220994 0.305183
-0.086686 -0.052086 0.151302 0.066385 0.432131 0.572464 0.070324 0.145450 -0.123442 0.172392 0.016690 0.194911 0.260257 -0.293344 -0.050484 0.281380 0.056708 -0.192981 -0.361601 0.243320 -0.380781 0.788766 -0.083105 -0.001670 -0.098554 0.332563 -0.366099 -0.208036 -0.520994 0.098352 -0.836167 -0.344918
0.297609 0.257276 0.011504 0.084140 -0.506728 0.007495 -0.161320 0.252929 0.137051 -0.381497 0.265469 0.009864 -0.098184 0.002420 0.120439 0.083580 -0.318302 -0.163703 0.009801 -0.144341 -0.397568 0.028544 -0.073797 0.439005 -0.067520 -0.200329 0.421208 -0.478894 -0.582252 -0.025167 -0.641154 -0.321579
0.114366 -0.064033 -0.040409 -0.370475 0.110785 0.148122 0.060000 -0.379455 0.126998 0.096847 -0.098397 0.222769 -0.068363 -0.322998 0.197118 0.124698 0.307777 0.449488 -0.024165 0.282419 -0.161603 -0.524328 -0.273989 0.336922 0.001324 -0.015362 0.189767 0.162771 -0.081947 0.096560 0.178985 -0.062766
-0.341336 -0.285004 -0.414743 -0.081287 0.055292 0.171993 -0.324743 -0.286085 0.138180 -0.320134 0.149581 -0.236424 -0.249907 -0.324381 -0.478045 -0.594946 -0.356387 -0.225242 -0.127997 -0.061369 -0.706367 0.454726 -0.278982 0.245764 0.224279 -0.297254 -0.039523 -0.070248 0.243264 0.685990 -0.168352 0.574107
-0.723554 0.007663 -0.043142 -0.025060 -0.548674 0.107976 -0.193056 0.036629 0.226507 -0.552697 -0.076134 -0.140558 -0.766347 0.366454 -0.048511 -0.493210 -0.236114 -0.208771 -0.133451 -0.306387 -0.327386 -0.247633 0.099543 -0.083462 0.318223 -0.220508 -0.026545 0.045434 -0.769466 -0.291680 -0.235163 0.002620
-0.179772 -0.150592 -0.500151 -0.054877 -0.582298 0.152419 -0.313231 -0.547096 -0.287605 0.051200 -0.054180 -0.128746 -0.332613 -0.122627 -0.163392 0.142044 -0.275213 -0.456599 -0.212557 -0.092074 -0.312136 0.072739 0.019732 0.375159 0.567830 -0.030774 -0.044215 -0.237821 -0.017797 0.015798 -0.092551 0.011488
0.192726 -0.257438 -0.233320 -0.369676 0.311652 -0.085873 0.105887 -0.309437 -0.517255 -0.047620 -0.034319 0.189911 -0.150975 0.409267 0.366210 0.064475 0.067296 -0.056742 0.248286 0.066058 0.334249 0.279322 0.051445 -0.166835 -0.347127 0.054981 -0.217315 -0.129583 0.184360 0.047638 -0.053724 0.551862
0.329362 -0.147592 -0.027328 -0.050757 0.441627 0.079070 0.252068 0.185632 0.181834 0.060545 -0.411667 -0.299955 -0.061833 0.553795 -0.269851 0.250112 -0.014689 -0.042984 -0.207976 0.042381 -0.100844 0.276191 0.100629 -0.043384 -0.099895 -0.009564 -0.043705 0.192013 0.034942 0.073421 -0.249060 -0.091507
-0.034998 -0.229093 0.270445 -0.142708 -0.149683 -0.345271 0.068881 -0.583758 -0.153572 0.213309 0.032633 -0.327436 0.404701 -0.162890 0.718629 -0.334310 -0.081232 -0.472609 0.378446 0.217098 -0.366990 0.694733 0.003467 -0.505620 0.111586 -0.155485 0.164509 0.046651 0.293802 0.003927 0.158700 -0.084150
0.796703 -0.220956 -0.288144 0.006143 -0.076583 0.186651 -0.095324 0.074199 0.677359 -0.050372 -0.248124 -0.142848 -0.025477 0.128388 -0.410302 0.025048 0.047756 -0.197728 -0.199098 -0.125189 0.103195 0.157558 0.123551 -0.361231 -0.435020 0.028856 -0.192413 -0.208732 0.167089 -0.122712 -0.333945 -0.086442
0.010385 -0.253299 0.231864 -0.455490 -0.537382 -0.272459 0.467672 -0.267252 0.311113 0.247291 0.158615 0.282846 -0.294523 0.288490 0.038729 0.251849 -0.345713 0.109008 -0.149575 0.591760 0.161345 -0.287249 0.568840 0.025207 -0.132998 0.198527 0.376826 -0.338307 -0.036361 -0.456661 -0.342986 0.056047
0.170474 -0.144292 0.133384 0.376534 -0.163349 0.430541 0.093005 0.109706 -0.063705 0.154427 0.243996 -0.020400 0.017860 0.222936 -0.189412 -0.171446 0.272160 0.049533 -0.044597 0.151452 0.092766 -0.029912 -0.135160 0.308250 -0.308671 0.645575 0.126932 0.130501 -0.454575 0.435675 -0.237270 -0.172160
0.108048 0.448301 -0.132104 -0.077292 0.107648 -0.086540 -0.059921 -0.480678 -0.023043 -0.975690 -0.226734 -0.193252 0.506815 0.060531 0.404788 -0.104215 -0.450469 0.091437 -0.452084 0.291848 -0.032212 0.526039 0.263949 -0.286900 -0.548411 0.180632 -0.161567 -0.044485 -0.152548 0.184819 0.010614 0.480252
-0.325889 -0.018551 -0.029466 0.335981 0.091277 -0.454667 -0.246842 0.094357 -0.327648 0.136698 0.028886 -0.130799 -0.219729 -0.226730 0.066839 -0.450704 -0.322701 -0.467387 0.495205 0.095315 0.018527 -0.225736 0.431982 0.000898 0.374741 -0.250218 0.018529 -0.134417 -0.106165 -0.241986 -0.193281 0.171351
0.226216 0.187111 0.084328 -0.199897 0.050869 0.083229 -0.044147 0.079200 0.013862 -0.219105 -0.088575 0.190817 -0.093391 -0.223346 0.270130 -0.256480 0.194509 -0.006120 0.191033 -0.025896 0.057893 -0.440288 -0.043120 -0.258487 0.019187 -0.221461 0.452471 0.421603 -0.208975 -0.100568 0.024853 -0.274503
0.015971 -0.392199 -0.019332 -0.182705 0.322425 0.293354 -0.348767 -0.301449 -0.096942 -0.115833 -0.142321 -0.434668 -0.447249 -0.115967 0.010767 -0.430844 -0.043741 -0.254812 -0.272488 -0.277170 -0.324598 0.198657 -0.373218 -0.114606 -0.430654 -0.103821 -0.594470 -0.366641 -0.120129 0.115573 -0.590842 0.355911
0.275631 0.589692 -0.192698 0.111868 0.026653 -0.117056 -0.324260 0.150932 -0.125226 0.057098 -0.560753 0.350240 0.039434 0.268174 -0.161815 -0.074573 -0.495656 0.605800 0.041185 -0.174706 -0.122372 -0.173090 0.108146 -0.087194 0.294289 0.081992 0.229023 -0.155496 -0.376218 -0.207854 0.031082 0.599100
-0.512528 0.023344 -0.033752 0.147438 -0.045226 0.239139 -0.489788 0.112632 -0.056769 0.536084 -0.204291 -0.402198 0.003713 -0.790715 -0.111874 -0.029296 0.415353 -0.004913 -0.163430 0.028399 -0.116578 -0.017541 -0.164935 -0.308717 -0.432386 -0.253135 0.278116 -0.187039 -0.285745 0.106100 0.105069 -0.476385
-0.093768 -0.303847 -0.438760 -0.252495 0.437186 0.350124 -0.187366 0.262724 -0.145940 -0.057551 0.673469 -0.031922 -0.247700 -0.169400 -0.168822 -0.565446 0.216771 0.111917 -0.227601 -0.130470 -0.033416 0.257322 -0.134828 0.100658 -0.218903 -0.070369 -0.355736 -0.234819 -0.222113 0.105399 -0.194073 0.125495
0.137935 -0.055317 -0.391912 -0.245702 -0.257743 -0.439689 0.167373 -0.383120 -0.408734 -0.089494 0.070979 -0.322146 -0.255603 0.379165 -0.098901 0.167341 -0.730307 -0.172910 -0.270466 -0.027405 0.237542 0.163486 -0.058023 0.365335 0.239250 0.224513 0.207475 0.231595 0.167083 0.035096 -0.078532 -0.403420
0.152835 -0.029217 -0.141958 -0.286831 0.374579 -0.551877 -0.408350 0.332785 -0.085216 -0.090023 0.002965 -0.071676 0.088772 0.417343 -0.305996 -0.350156 -0.320823 -0.346644 -0.362312 0.137873 -0.077181 -0.041819 -0.257333 -0.445377 -0.103581 -0.040632 0.037799 -0.107873 -0.299853 -0.487333 0.493971 -0.284006
0.279207 0.014969 0.080170 -0.065171 -0.189629 -0.223878 0.113953 0.048972 -0.035108 -0.046593 0.085158 -0.009153 0.017548 0.122734 -0.055831 -0.248391 -0.366994 -0.079485 -0.407502 -0.157255 -0.007100 0.158533 -0.101247 0.009519 -0.007647 -0.495804 -0.144137 -0.247980 0.292402 -0.186342 -0.034167 -0.222962
0.181504 0.348801 0.237110 0.119995 -0.251011 -0.389173 0.136486 0.492219 0.198193 -0.155134 0.094752 -0.003813 0.212743 0.009249 0.215430 -0.111046 0.002708 -0.143788 -0.159807 0.062820 -0.121228 -0.523516 0.306993 -0.022253 0.405586 -0.053317 -0.136995 -0.020949 0.050334 0.170986 0.368707 -0.149215
-0.068279 0.263368 -0.456767 -0.318206 -0.065548 -0.072254 -0.362878 0.419200 -0.142444 -0.233975 0.099545 -0.013600 0.106362 -0.229086 -0.132320 0.068941 -0.637572 -0.154488 -0.161467 -0.132108 -0.180660 0.313208 -0.485168 0.218022 -0.139457 0.017722 -0.448179 0.726068 0.202536 -0.034842 0.186218 0.059046
-0.010148 -0.341121 -0.388150 -0.235542 0.279819 0.228191 -0.001516 -0.096599 0.223622 -0.199979 0.047267 -0.333591 -0.037609 0.337906 -0.538385 -0.228290 0.222896 0.200700 0.170127 -0.042244 -0.173927 -0.518464 -0.361710 0.334925 -0.008828 0.449881 -0.456236 -0.172440 -0.242010 -0.061566 -0.320149 0.015793
0.188713 -0.558864 -0.259261 -0.374771 -0.116694 -0.128396 0.273590 0.274114 -0.293224 -0.654906 0.411001 -0.300719 -0.053345 0.349470 0.195479 0.098628 -0.286899 -0.364222 -0.214896 -0.085382 0.140595 -0.575495 -0.154969 0.374716 0.075874 0.441141 0.022562 0.031786 -0.394606 -0.177452 0.114798 0.127559
0.155675 -0.473168 -0.461599 -0.144366 0.060170 0.118260 -0.166035 0.325879 -0.148014 -0.287270 -0.100477 0.052589 -0.190432 0.132014 -0.615337 0.201039 -0.064255 -0.179452 0.011655 -0.169095 -0.191926 -0.366059 0.133312 0.416107 -0.176851 0.061587 0.363447 -0.046745 0.407891 0.075216 -0.603930 -0.126069
0.018213 0.085999 0.099353 -0.000633 0.081511 -0.035870 0.271499 0.047895 0.102654 0.002724 0.107832 0.347101 0.477870 -0.307105 0.524680 0.163370 -0.183710 -0.394515 -0.316902 -0.194237 -0.504595 0.164534 -0.104919 0.061484 -0.292403 0.281795 -0.025635 -0.276552 0.024057 0.265041 -0.021970 -0.253383
-0.036655 -0.290643 -0.340225 -0.429626 0.113881 -0.120462 -0.561095 -0.402291 -0.529372 -0.230412 0.038431 -0.779093 -1.009947 0.201022 -0.296252 -0.037763 -0.184273 -0.802124 -0.499319 -0.273648 -0.442175 0.592913 -0.218808 -0.374671 -0.364068 -0.063359 -0.186997 -0.707164 -0.253517 -0.188398 -0.280487 -0.317836
0.267107 -0.090464 0.233383 -0.158300 -0.025438 -0.479068 -0.098163 -0.014601 -0.502959 -0.208102 0.134624 0.151598 0.509498 -0.348940 0.264242 -0.251355 0.359298 -0.563637 0.152399 -0.160609 0.062750 0.052280 0.297030 -0.058396 -0.468324 -0.191449 -0.158467 0.474065 0.056698 -0.340336 -0.313040 0.226995
-0.041517 -0.008575 -0.041213 0.070991 0.139957 -0.027227 0.101836 -0.194359 0.239145 -0.405212 -0.521872 0.035953 -0.549716 0.555262 -0.194641 -0.364876 0.040268 -0.569920 -0.018572 -0.177734 -0.187572 -0.670107 0.009975 -0.509290 0.039585 -0.090181 -0.270215 -0.435436 -0.182775 -0.360846 -0.305040 -0.278664
-0.229235 0.391870 -0.043806 0.164405 -0.153072 0.289857 -0.142583 -0.183812 -0.139771 0.204949 0.653584 0.119754 -0.049432 -0.386020 -0.116621 -0.070220 0.071092 -0.276102 -0.091251 0.204766 0.006883 0.139543 0.024064 -0.148426 -0.097682 -0.281605 -0.331197 -0.711121 0.034588 -0.190960 -0.157972 0.269681
-0.519103 -0.077563 -0.005851 0.287817 0.456263 0.253846 -0.041283 -0.250892 -0.422983 -0.121786 0.191132 -0.318245 -0.224547 0.351045 -0.537785 0.113465 0.316304 -0.244463 0.279213 -0.254579 -0.202572 0.057633 -0.143995 -0.241938 0.130222 -0.342795 -0.325373 -0.071752 -0.110152 -0.259615 -0.097336 -0.272020
-0.154579 0.223453 -0.031333 -0.528907 0.446489 0.174417 0.239787 -0.136475 -0.209752 0.201566 0.468742 0.166544 -0.153681 -0.367219 -0.186753 -0.234135 -0.052545 -0.523713 -0.397428 0.154029 0.039762 -0.101551 0.119152 -0.032576 0.223873 0.249205 -0.467697 -0.064773 0.117372 0.259478 0.147316 0.507997
0.327956 -0.210114 -0.346803 0.014296 0.289419 -0.455082 -0.002530 0.118867 -0.240341 0.115836 -0.140617 -0.298320 -0.703459 0.082066 -0.252199 -0.178115 0.266077 -0.066426 0.038532 -0.026377 -0.264954 0.026980 -0.046508 -0.189172 -0.315267 0.113703 0.161123 -0.393736 0.166905 -0.335361 -0.199340 -0.548917
0.398865 -0.057674 0.487796 0.273134 -0.167271 -0.388245 -0.112364 -0.031865 -0.122987 -0.112231 0.127764 0.024426 -0.171628 -0.006561 -0.083119 0.005600 0.359504 -0.050852 0.032181 -0.019540 -0.038571 0.232376 -0.321037 -0.732116 -0.213899 -0.116339 -0.106894 0.312211 0.014112 -0.108073 -0.380871 -0.166874
-0.248016 -0.294873 0.195247 -0.267583 -0.444227 0.538000 -0.312959 0.177812 0.294692 -0.115009 0.188422 -0.234964 -0.471517 0.147912 0.217606 0.068073 -0.172267 0.035660 0.299961 0.033538 -0.054104 -0.109092 -0.672635 0.297252 -0.157450 -0.101944 -0.062364 0.322970 -0.227266 -0.053595 0.088579 -0.023079
-0.081953 -0.371715 0.032821 -0.262394 -0.372966 0.748512 -0.057278 0.223283 0.088687 -0.195593 -0.144154 0.266506 -0.217258 -0.381198 -0.094632 -0.226628 -0.233182 -0.183755 -0.399045 -0.054974 0.255586 0.067512 0.137855 0.435798 0.386491 -0.652159 -0.113554 -0.174020 0.220950 0.061603 0.203241 0.204318
-0.074130 -0.317966 0.594778 0.330532 0.180704 0.344953 -0.080638 -0.126163 -0.121412 -0.255159 0.079462 -0.193609 0.052209 0.333019 0.128191 0.925043 -0.068452 -0.368824 0.205955 0.009764 -0.366960 -0.061634 -0.250975 0.128150 0.324853 -0.004669 -0.198576 -0.159906 0.116536 -0.043727 -0.275961 -0.459324
-0.039663 0.187580 -0.092135 0.413473 -0.434805 -0.278853 -0.158195 -0.143332 0.002012 0.147740 -0.041964 -0.331282 -0.350599 -0.194569 -0.152115 0.018646 0.142828 0.763237 -0.055047 0.016743 -0.047432 0.233991 0.009236 -0.611741 -0.265430 -0.106340 0.319881 -0.006711 -0.090350 -0.199098 0.156623 0.033455
-0.320829 0.217326 0.097093 -0.195525 0.169547 0.332058 -0.089382 -0.104304 -0.266892 -0.152431 0.385782 -0.100530 -0.443237 0.436834 0.024095 0.118838 -0.210579 0.236834 0.007432 -0.222122 -0.386697 -0.231842 -0.126686 0.319252 0.225352 0.002737 0.002488 0.298780 -0.241848 -0.255394 -0.230614 -0.292104
-0.812518 -0.517989 -0.305922 -0.172196 -0.008334 0.323231 -0.451012 -0.209143 -0.147771 -0.419809 -0.074136 0.023777 -0.444745 -0.252013 0.194369 -0.553819 0.012813 -0.319024 -0.298543 -0.268615 -0.761328 -0.332616 -0.055366 0.177999 -0.071452 0.131554 0.147177 -0.993161 -0.380009 -0.225776 0.266123 -0.041341
0.062770 0.366577 -0.001351 0.097775 -0.254835 0.184218 -0.387923 0.257366 -0.403152 0.068257 -0.481354 0.275247 -0.136719 -0.477477 -0.031376 0.319429 -0.184665 -0.148858 0.056420 -0.187928 0.029723 -0.319186 -0.106588 -0.330587 -0.024858 -0.037741 0.093004 -0.496946 0.022723 0.003094 -0.351819 0.195289
-0.145488 0.024415 -0.227497 -0.119007 -0.205902 -0.368668 0.069824 -0.183237 0.140492 -0.020112 -0.255387 -0.393523 0.003090 -0.525603 0.479019 -0.016414 0.153090 0.337257 0.380439 -0.210651 -0.383058 -0.003439 -0.112495 -0.058803 -0.622332 -0.294092 -0.222521 0.240423 0.307021 -0.092054 -0.024983 -0.243362
-0.313616 0.142455 -0.396145 -0.455341 -0.266254 -0.142755 -0.332900 0.140280 -0.944661 -0.650517 -0.278434 -0.543265 -0.739527 -0.466350 -0.213495 -0.524024 -0.526279 -1.305163 -0.320806 -0.419405 -0.975241 -0.199838 -0.390846 -0.342475 0.342061 -0.163457 -0.140100 -1.379856 0.018064 -0.519989 -0.036976 -0.334647
-0.177870 0.038864 -0.225971 0.111366 0.418766 0.952867 -0.227973 0.042662 0.216827 0.643560 -0.130958 0.203841 0.448225 -0.265513 -0.133409 -0.018767 -0.112916 0.008097 -0.523398 -0.251792 0.282087 0.281091 -0.154699 0.279409 0.048582 0.169730 -0.211303 -0.103199 0.490545 0.259475 0.247043 0.053254
-0.472735 0.226470 0.162497 0.461494 0.044904 -0.113185 0.298780 -0.047739 0.678871 0.372370 -0.166160 -0.221875 0.102669 -0.343088 0.172883 -0.104124 -0.015437 -0.338692 -0.414960 0.175137 -0.098931 0.085411 0.017469 -0.576813 -0.377934 -0.288248 -0.108351 0.124520 -0.228246 -0.096280 -0.405275 -0.191515
-0.139015 -0.036262 -0.048681 -0.030487 0.040816 0.282706 -0.078638 0.062825 -0.073251 -0.067253 -0.038946 -0.064352 -0.089324 -0.009111 -0.024546 -0.057875 0.134485 -0.089091 -0.008291 -0.072776 -0.068797 -0.009216 -0.035381 -0.164127 0.034025 -0.043975 -0.002677 -0.083851 -0.049612 -0.017472 -0.006133 -0.086005
