-0.152468 0.186809 -0.011523 -0.418082 0.005151 -0.289275 0.153382 0.430742 -0.227725 -0.174526 0.071795 -0.002781 -0.195353 -0.253351 -0.209626 -0.418525 0.664532 0.090233 0.304443 -0.044673 0.056311 -0.165094 -0.377040 0.080923 0.419687 0.024309 -0.445950 -0.334772 -0.261565 -0.059637 -0.233866 -0.334448
0.016317 -0.442434 0.001098 0.244535 0.269835 -0.068962 -0.248587 -0.314136 -0.188943 0.345761 0.227657 -0.403436 -0.150752 -0.231640 -0.385973 0.223595 0.192370 -0.094287 0.370907 0.137725 0.580246 -0.033094 -0.090324 0.023254 0.063385 0.033938 0.141927 0.230073 -0.049580 0.253874 0.179437 0.267970
0.101622 0.039941 -0.101168 -0.412397 -0.185763 0.004068 0.051125 0.176587 -0.186625 0.381786 0.183893 -0.079247 -0.638514 -0.248815 -0.177493 -0.065052 0.636772 -0.500706 0.167722 0.003376 -0.026090 -0.175663 -0.100696 -0.157178 -0.076962 -0.628283 -0.271775 -0.300679 0.316568 0.176462 -0.110479 0.125847
-0.594502 -0.717770 -0.171596 0.292989 -0.259802 0.454893 -0.046269 0.563167 -0.076478 -0.447151 0.278877 -0.066656 -0.006415 0.024555 -0.141639 0.511586 0.146933 0.491930 -0.057903 0.108092 -0.371913 -0.211025 0.106779 0.081936 -0.437970 0.221134 -0.044643 -0.481493 -0.317853 -0.043764 0.028612 -0.070755
0.213787 -0.020652 -0.140862 0.381865 -0.052713 0.048624 -0.035667 -0.290496 0.007455 -0.401894 0.248479 0.195929 -0.084961 -0.209639 0.201409 0.007668 -0.201757 -0.097053 -0.039094 -0.512641 -0.262328 0.064755 -0.289388 0.150907 -0.140081 0.171035 -0.396502 0.152332 -0.823308 0.139963 0.120959 -0.473788
0.186838 0.221494 -0.012142 0.059422 0.076055 -0.552320 0.471104 -0.321849 -0.433341 -0.253717 0.035692 -0.216222 0.068584 -0.019574 0.196072 0.002679 0.438536 0.067577 0.002508 0.069636 0.007166 -0.145432 0.243307 0.062038 -0.101449 -0.022766 -0.444288 0.382607 -0.461074 0.054857 -0.114903 -0.010784
-0.130429 -0.427346 -0.235119 -0.137437 0.353588 -0.316824 -0.226738 -0.608942 -0.009056 0.125353 0.242456 -0.399675 -0.149137 -0.270085 -0.288963 0.034360 0.091003 0.240083 -0.271256 -0.215992 -0.691301 0.013940 0.167094 -0.384090 -0.080622 -0.231239 0.232896 -0.217963 0.285133 -0.412171 0.015670 -0.021558
-0.542914 -0.468403 0.063244 -0.437763 -0.068530 -0.255123 -0.040523 0.390211 -0.049962 0.252947 -0.153043 0.265077 -0.260946 -0.075415 -0.171609 -0.403376 0.280423 -0.202278 0.196813 0.316178 -0.217634 0.264572 0.055511 0.030737 0.173561 0.003895 0.132471 -1.122477 0.004438 0.030335 0.230436 0.307172
0.022136 -0.419410 0.175102 0.112781 -0.245168 0.421962 0.803005 0.439105 0.177051 -0.522423 -0.214880 0.127068 -0.087468 0.311547 0.157511 -0.192514 0.033919 -0.355421 -0.042957 -0.106186 -0.348766 -0.366063 0.227771 -0.415338 -0.125146 -0.181683 0.073219 0.053696 -0.312133 -0.595388 -0.190476 -0.382241
0.052956 -0.076985 0.267165 -0.001904 -0.056074 -0.093275 0.534707 0.306756 -0.111071 0.211206 -0.361945 -0.141462 -0.399892 -0.084639 0.505103 0.089284 0.221470 0.175410 0.419496 0.197308 -0.154055 0.122756 0.035648 0.022366 0.043458 -0.010369 0.086179 -0.519780 -0.055151 -0.089252 -0.049369 -0.360543
0.137471 -0.180406 0.455741 0.576095 -0.242751 0.376088 -0.212899 0.299153 -0.153223 -0.008407 -0.077253 0.389587 -0.174624 -0.034845 0.016332 -0.017815 0.537778 0.088802 -0.165445 0.490489 0.424184 -0.174254 0.009346 -0.113746 -0.055577 0.200362 -0.100316 -0.616112 -0.004836 0.310933 -0.048012 0.027710
0.096175 0.317102 -0.113338 -0.032555 0.052775 -0.181801 0.238719 0.487515 -0.289029 -0.148161 0.345859 -0.175974 0.171488 0.138586 0.078056 -0.062592 -0.087674 0.044280 0.362883 -0.116305 -0.498514 0.092907 0.093148 -0.328859 -0.129625 0.039575 0.183703 0.151580 -0.091421 -0.103380 -0.065082 -0.213688
-0.196693 0.502049 -0.012086 -0.080197 -0.039004 -0.175672 -0.382651 -0.087662 0.570675 0.086442 -0.389804 -0.814718 0.168459 -0.059616 0.132278 0.233005 0.003678 0.002145 -0.234039 0.037955 -0.415017 -0.227114 0.305415 -0.256122 0.225469 0.193582 0.066369 0.367095 0.075154 -0.021462 0.058819 0.372797
-0.107068 -0.450376 -0.238504 -0.088484 0.408709 -0.307023 0.122569 -0.304701 0.089966 -0.093057 0.677636 -0.100480 -0.391262 0.242334 -0.204031 -0.148905 0.143177 0.260416 0.725695 0.446274 0.303542 -0.386628 0.214945 -0.273678 -0.422776 0.242926 0.269428 -0.168809 -0.121874 0.035936 0.071980 0.065309
-0.122085 0.159559 -0.282575 0.035312 -0.168690 -0.659037 -0.113247 0.405619 0.057630 -0.239198 -0.531304 -0.087430 -0.556896 -0.233126 -0.515142 -0.286051 -0.221178 -0.485857 -0.652428 -0.553229 0.039914 -0.272486 -0.056721 -0.240924 0.044135 -0.039964 -0.223183 0.142338 0.495396 -0.272880 -0.359316 0.305814
0.354435 0.017907 -0.068102 0.060672 0.162849 0.286731 -0.323979 0.005544 0.203144 0.498878 -0.181934 0.175535 0.021249 0.076374 -0.304401 0.023153 -0.053311 -0.517403 0.506251 0.212449 -0.476450 0.037501 -0.144573 -0.152962 0.177788 0.084353 0.213846 -0.411250 0.087313 -0.287699 -0.358450 0.325832
-0.116884 0.013691 0.212433 0.196059 0.252553 -0.039359 -0.367624 -0.078004 -0.423468 -0.060440 -0.159562 0.172186 -0.100284 -0.181082 0.235649 -0.250287 0.298132 0.355784 -0.613960 0.137563 -0.110660 -0.250495 -0.438217 -0.277034 -0.106399 -0.165804 -0.248780 -0.285661 0.219336 0.132950 0.037313 0.178381
0.033892 -0.325463 0.167443 -0.308536 -0.298815 0.326818 0.159309 -0.297654 0.268864 0.458847 -0.140562 0.315096 0.110673 0.081332 -0.043847 -0.023922 0.001295 0.195433 0.456501 -0.010742 0.150448 -0.147836 0.054037 -0.608572 0.346637 -0.271723 -0.143904 -0.218141 -0.005097 -0.426954 -0.096745 -0.257374
-0.183822 -0.389243 -0.187311 -0.557879 -0.158823 -0.229774 -0.198647 0.144914 -0.516791 0.138207 -0.012903 0.074804 -0.521254 -0.296357 0.156535 -0.268759 -0.576531 -0.014199 -0.281477 -0.272590 0.078396 -0.339529 0.296937 -0.329666 -0.167308 0.170519 -0.118330 -0.323578 0.100365 0.540727 -0.144726 0.041261
-0.280223 -0.314109 0.069918 0.088903 0.081168 0.370521 0.762058 -0.085126 -0.258227 -0.282045 -0.289467 -0.096918 -0.209428 0.317142 0.129395 -0.245107 -0.053057 0.067399 -0.126052 -0.558091 0.579669 -0.243752 -0.181901 0.211013 -0.094071 -0.480273 -0.011915 0.224958 -0.247956 -0.313810 -0.236834 0.182793
-0.305680 -0.167558 0.362957 -0.539805 -0.170439 -0.228478 0.263300 0.248284 -0.496784 0.060246 0.356519 -0.024021 -0.038867 -0.037399 0.149412 -0.437557 -0.435173 0.004039 0.610836 -0.268844 0.204759 -0.044082 -0.087797 -0.334023 -0.289089 -0.127328 -0.118313 0.054688 0.051763 -0.173557 0.205282 -0.271462
-0.186601 -0.184224 -0.243367 -0.054618 -0.334079 -0.318515 0.022351 0.309317 -0.221374 -0.089940 -0.143416 -0.063677 0.048208 0.160340 0.155767 0.026862 -0.161234 -0.094653 -0.250680 0.072403 0.163188 0.098885 -0.229759 -0.016831 -0.477766 -0.547088 -0.156784 -0.746547 -0.426652 -0.181729 -0.030328 -0.015967
-0.172098 -0.132743 -0.442145 0.007268 -0.275858 0.034390 -0.347460 -0.412575 -0.329353 -0.143964 0.011569 -0.356289 0.466620 0.164060 0.002188 -0.227433 -0.336418 -0.449010 -0.314029 0.086467 -0.172653 -0.044974 0.084915 0.110291 -0.102541 0.171911 -0.218453 0.431520 0.261011 0.032963 -0.267828 -0.105230
-0.250178 -0.155362 -0.089703 -0.267153 -0.335573 0.064637 -0.772287 -0.347651 -0.238827 -0.128862 0.042004 -0.556157 -0.380189 0.013961 -0.422493 0.242394 -0.425355 -0.079042 -0.686190 -0.274706 -0.021146 0.132247 0.178841 -0.008196 0.331658 0.420447 -0.016539 0.228527 0.376160 -0.306874 0.023341 -0.348902
0.368599 0.277701 -0.302967 0.734494 -0.196160 0.209434 -0.227973 0.414884 0.204733 0.210616 -0.146878 -0.242010 -0.089345 -0.065909 -0.247205 -0.326070 0.024907 -0.097030 0.217934 -0.001964 -0.019335 -0.275252 0.061707 -0.527809 -0.077180 -0.447476 0.189651 0.614181 -0.507681 -0.248818 -0.145559 -0.128006
0.149130 -0.391595 -0.126255 0.655742 0.085770 0.117486 -0.314441 0.051056 -0.063814 0.210196 -0.188351 0.291938 -0.024565 -0.116205 -0.274043 -0.189432 0.066573 -0.325263 0.009010 -0.093301 -0.056370 0.015985 -0.071425 -0.173838 0.154841 -0.237180 0.653120 -0.129251 -0.153216 0.548226 0.458579 -0.377608
-0.305245 0.118019 0.023898 -0.260957 -0.038122 0.094448 -0.251153 0.218833 -0.053287 0.329512 -0.232339 0.200640 0.478965 0.442153 0.023186 -0.015883 0.144931 0.260252 0.132321 -0.125877 0.043944 -0.333886 0.004655 0.118615 0.024400 -0.407569 0.266654 0.242230 0.374891 0.062691 -0.287313 0.245961
0.198156 0.722918 -0.104680 0.067919 -0.080956 0.005723 0.431689 -0.601828 0.185486 0.285739 -0.198653 -0.121547 -0.014414 -0.368254 -0.163515 0.023850 -0.197268 0.081882 0.207592 0.011749 -0.204817 -0.031727 0.120174 0.170343 -0.351595 -0.019218 0.468627 -0.084170 -0.284137 0.014908 0.015318 -0.174036
-0.291463 0.281003 -0.015125 0.424209 -0.066435 -0.262864 -0.032399 -0.011426 -0.047187 0.095591 -0.234988 0.002607 -0.361034 -0.019027 -0.403398 0.009872 -0.063065 -0.365298 -0.168216 0.256116 -0.139980 0.197253 -0.552251 0.278402 0.041008 -0.080004 0.347179 -0.471609 0.115739 -0.094137 0.453072 -0.384451
-0.500338 -0.067350 -0.052056 -0.328408 -0.038042 0.203196 0.108970 0.030433 0.356843 0.418098 -0.596440 0.200914 -0.154874 0.334036 0.483022 -0.297253 0.383647 -0.412911 -0.048149 -0.016620 0.336554 -0.065212 -0.114080 0.286337 -0.156460 0.106396 0.042561 -0.022919 0.009369 -0.298718 0.211242 -0.236177
-0.206297 -0.339049 0.545863 -0.071226 -0.047598 -0.083267 0.372491 -0.392992 -0.342967 0.151525 0.013597 0.291966 -0.095946 0.093309 0.271841 -0.068250 0.087945 -0.206675 0.298042 -0.456374 -0.028386 -0.259467 0.179434 -0.084804 0.370059 -0.191648 0.300695 -0.067957 0.073802 -0.401507 -0.317057 -0.019643
-0.454712 -0.366932 0.174335 -0.229228 -0.034936 0.482655 0.324926 0.047912 -0.657170 -0.296048 0.358548 -0.395091 -0.394939 -0.179700 -0.335310 -0.629701 -0.013969 -0.308672 0.131349 0.080928 0.022370 -0.297219 -0.093313 -0.300725 -0.324597 -0.107719 -0.075959 0.406601 0.210220 -0.591229 -0.070544 -0.315040
0.312432 0.044261 -0.157185 0.479081 -0.269002 0.296690 0.452985 -0.554973 0.106438 0.032289 0.118311 0.140751 -0.321249 0.211622 -0.274451 -0.140213 -0.329032 0.283999 -0.219987 -0.246427 -0.188091 -0.280842 0.233666 0.118830 -0.061517 -0.178772 0.447484 -0.069782 0.035845 0.047548 -0.204020 0.001401
-0.009500 0.489066 0.018462 0.083016 0.042144 -0.259811 0.014483 0.137464 -0.500626 -0.019232 0.096431 -0.030510 0.307830 -0.062982 -0.500812 0.153726 0.156009 0.380458 0.210877 0.084539 0.105768 -0.291277 0.286248 0.201764 -0.643740 0.013369 0.311454 -0.065761 -0.180614 0.607571 0.022414 -0.094925
0.086528 -0.321971 -0.527130 -0.125390 -0.148949 -0.510967 0.095715 -0.210756 -0.175255 -0.087275 0.517858 0.213580 -0.338994 -0.088165 0.177982 0.090583 0.017544 -0.383590 -0.016863 -0.084378 0.841640 -0.211056 0.135820 0.100534 0.250340 -0.606618 -0.233568 0.208910 -0.115781 0.129198 -0.207490 0.311771
0.019096 0.065892 -0.300796 0.544377 -0.442758 -0.346325 0.309312 -0.088986 0.296094 -0.441339 -0.390772 -0.182087 -0.021297 -0.351848 -0.092408 0.020850 -0.166701 -0.001911 0.002488 -0.299694 -0.244876 -0.421092 -0.083057 0.354691 -0.377508 0.090448 -0.263557 0.046720 -0.081993 -0.247507 -0.262175 -0.381694
-0.042298 -0.370254 -0.394838 -0.299768 -0.252914 -0.003385 0.088809 0.001159 0.498239 0.328938 0.318691 -0.058823 0.010716 -0.253548 0.002070 -0.195680 -0.258070 0.267676 0.305683 0.046394 0.706034 0.123452 -0.012385 0.171888 -0.337917 -0.318011 0.103704 -0.691506 -0.166707 -0.285712 -0.553036 -0.214026
-0.577309 0.308678 0.108830 -0.074300 -0.713532 -0.107597 -0.197004 -0.213700 0.042049 -0.467416 -0.113751 -0.044756 0.477072 -0.290281 0.102796 0.156777 0.234834 0.106946 0.151420 -0.078011 0.267129 0.332440 0.138533 0.075602 0.231849 0.197584 -0.326426 -0.295225 0.085289 0.764469 -0.404931 -0.186722
0.078943 -0.508388 -0.021567 -0.608509 -0.126469 0.398272 -0.150002 0.255268 0.092436 -0.354847 -0.175304 0.428303 0.128421 -0.097320 0.050831 -0.240422 -0.004594 0.213779 -0.463638 -0.034853 0.047820 -0.066277 0.029524 -0.014482 0.342946 0.466750 -0.419324 -0.192729 -0.138847 0.316244 0.190210 0.080790
-0.145672 -0.051207 -0.096459 -0.566752 0.139141 -0.023619 -0.018637 0.384567 -0.416268 0.045526 -0.087620 0.097537 0.071614 0.239791 0.311757 -0.014047 -0.324764 0.060988 -0.030500 -0.029857 0.010405 0.051598 -0.192374 0.244749 -0.524033 -0.485033 0.762906 -0.785415 0.048913 0.022217 0.024778 -0.280941
-0.252574 0.488369 -0.109664 0.604433 -0.249672 -0.018232 -0.363614 -0.441305 -0.020950 0.323424 -0.512455 -0.041727 -0.395964 -0.052349 0.036753 0.032717 -0.233894 0.213290 -0.152599 0.258464 0.005887 0.329988 -0.227677 -0.261049 -0.264822 0.048698 0.244493 0.323926 -0.094956 -0.237906 0.064650 -0.162415
-0.123113 0.263124 -0.387375 -0.044474 0.296116 -0.185673 -0.036287 -0.158521 0.005007 -0.081944 0.152288 0.217410 0.000425 0.224340 0.094902 -0.000894 -0.258704 -0.181088 -0.268667 -0.085923 -0.334446 -0.135873 -0.015684 -0.355514 -0.117432 -0.232270 0.161364 -0.239354 -0.445739 0.085957 -0.164493 -0.039275
-0.049179 0.055006 -0.263174 -0.118606 -0.141550 -0.600146 0.033506 -0.157452 -0.088747 -0.026628 -0.731809 -0.233328 0.222364 -0.136767 -0.364667 -0.285028 0.104006 0.155874 -0.183256 0.451409 -0.610099 -0.213594 -0.296674 0.297863 0.170350 0.215354 -0.050904 -0.345083 -0.204952 0.353767 -0.496341 0.268779
-0.223951 -0.205140 -0.092862 0.041658 -0.127580 -0.312827 -0.094004 -0.229540 -0.344993 -0.007147 0.145513 0.247380 0.106394 -0.467145 0.005794 0.648560 0.049254 -0.125890 -0.320417 -0.301168 -0.110633 0.297265 -0.449585 -0.058408 0.012292 -0.033921 0.003070 0.336531 0.513529 -0.103934 0.112817 -0.013045
-0.032944 -0.114832 0.175607 -0.177556 0.034691 -0.302177 -0.143290 -0.223979 0.490945 0.233356 0.247067 -0.403912 0.255349 -0.039582 0.312528 -0.066762 -0.011069 -0.094730 0.085207 -0.106430 -0.150816 -0.115243 0.115153 -0.218976 0.073666 0.118201 0.216973 -0.136253 0.574813 0.232939 -0.219456 0.333106
0.080989 -0.416236 -0.128670 0.537501 -0.309471 -0.144765 -0.311567 -0.183068 0.039897 0.268453 0.359575 -0.524174 0.600792 -0.324920 -0.316788 0.006249 0.163992 -0.086299 -0.493585 -0.083399 0.042935 -0.071429 0.863615 0.021834 0.227533 -0.229886 0.503696 -0.267435 -0.158197 0.215697 -0.205858 -0.088210
-0.357887 -0.617878 0.093057 -0.173895 -0.228079 0.139876 0.182323 0.124645 -0.111108 0.048820 0.404323 -0.189361 -0.118761 0.331658 -0.048093 -0.138344 -0.358699 -0.372783 0.083549 -0.501057 -0.034332 0.050688 -0.201698 0.154152 -0.005649 0.223589 -0.277662 -0.084445 -0.635382 -0.074181 0.119653 -0.490512
-0.267627 -0.023499 -0.196044 0.215059 -0.083654 0.058021 -0.131869 0.067809 -0.620617 -0.255692 0.266282 -0.383655 0.176893 -0.287277 -0.133144 -0.539622 0.199985 -0.548245 -0.784229 0.064312 -0.202041 -0.002593 0.345018 -0.516081 -0.253535 0.106932 -0.256538 -0.332693 0.272128 -0.080938 -0.819553 -0.462884
-0.363766 0.492146 -0.287928 -0.127156 -0.228592 -0.156395 0.060481 -0.197667 0.074553 -0.256491 -0.739115 -0.154693 -0.438686 -0.482462 -0.106489 -0.287197 -0.262714 -0.038101 -0.281264 -0.372678 -0.107749 -0.136930 -0.271541 0.112263 -0.103479 -0.288410 -0.555910 -0.550285 0.465778 0.188344 0.200490 -0.565092
-0.305780 0.592861 0.085203 0.177617 -0.102215 0.416592 -0.142306 0.226006 -0.232867 0.067475 -0.071762 -0.111555 0.192059 -0.379619 -0.178501 -0.052975 0.265462 -0.156780 0.301035 -0.460296 -0.062400 -0.081723 -0.444809 -0.114124 0.040243 -0.452116 -0.044086 0.162706 0.370058 -0.125561 -0.297924 -0.372749
-0.008901 -0.487500 0.040964 -0.005797 -0.156678 0.393205 -0.000995 -0.283323 0.016351 -0.057751 -0.417430 -0.202165 0.023773 0.028228 -0.144314 -0.049828 0.121079 0.303313 -0.581019 0.091143 0.205298 0.176497 0.098972 -0.048427 -0.120142 -0.281138 -0.243798 0.306617 -0.213422 0.177083 0.285937 -0.336663
-0.314527 -0.636739 0.126649 -0.250475 -0.061965 -0.359181 0.080326 0.113938 0.050412 0.027729 0.231736 -0.275225 0.122918 -0.184256 -0.321133 -0.207669 -0.405681 -0.085819 -0.175885 -0.153025 -0.174315 0.061905 -0.331748 0.071934 -0.529793 0.473938 0.227809 -0.025332 0.139661 -0.005340 -0.272341 -0.249651
-0.100572 0.140180 -0.476856 -0.550568 0.143153 0.236830 -0.299895 -0.349652 -0.451430 -0.506444 0.185279 0.296012 -0.081780 -0.058873 -0.131009 -0.081986 0.629516 0.220096 0.620140 -0.010835 0.365075 0.047032 -0.296671 -0.144564 0.065526 -0.189556 0.426141 -0.036125 0.013014 0.116109 0.122721 0.181582
-0.378880 -0.117727 0.114273 -0.282931 0.300318 -0.370955 -0.477791 0.360540 -0.251695 0.214714 0.166113 -0.089575 -0.157345 0.440798 -0.335866 0.178470 0.292155 -0.007072 0.035812 0.210499 -0.257304 -0.172283 0.138547 -0.305447 0.229800 0.224333 0.307113 0.100581 -0.250687 0.039884 -0.290152 0.114721
0.133034 0.071665 -0.118374 -0.213089 0.212411 -0.170071 -0.601150 0.309365 0.317694 -0.059659 -0.084727 -0.006788 -0.072486 -0.360411 -0.918666 -0.063288 -0.413826 0.542020 0.073448 0.106348 0.049714 0.590549 -0.376400 0.157639 -0.097854 0.028499 0.035339 -0.171411 0.305931 -0.093316 0.170296 -0.075573
-0.109087 -0.242264 0.057898 0.560375 0.199023 -0.143775 0.164457 0.294772 -0.125668 0.130020 -0.161556 0.058999 -0.239898 0.759523 -0.236431 0.091880 -0.159329 0.498831 0.133230 0.479645 -0.235077 -0.262509 -0.025228 -0.001983 -0.192472 -0.787622 0.208442 0.274233 0.076950 0.132218 0.490721 -0.216054
0.114215 0.470740 -0.254499 0.115320 -0.192020 -0.290170 -0.444087 0.277197 -0.208108 0.777861 0.345285 -0.050767 -0.151427 0.188730 -0.319856 -0.353840 -0.033827 -0.071855 -0.325369 -0.290842 0.128368 -0.403753 0.100294 -0.379982 -0.124098 -0.242154 -0.374056 0.024863 -0.096803 -0.412563 0.139112 0.126669
0.228595 -0.236651 0.542318 0.081108 -0.195704 0.063645 -0.177707 0.238482 -0.064111 -0.171017 -0.253396 -0.138741 -0.504353 -0.064648 -0.175081 0.097606 0.030381 -0.160711 0.198698 -0.135810 -0.501822 -0.273642 -0.033786 -0.421857 0.566231 -0.380407 0.280634 0.312845 0.199470 -0.409453 -0.071842 -0.160083
-0.219453 -0.227245 0.031410 -0.104689 -0.031523 -0.083308 -0.063837 -0.685822 0.642732 -0.051725 0.011815 -0.226605 0.124118 -0.296861 -0.267546 -0.364869 -0.723765 -0.278237 0.164648 -0.336274 -0.118637 -0.086791 -0.418171 0.166421 -0.136640 -0.010373 -0.228024 -0.628050 0.127413 -0.715297 -0.077481 -0.174074
0.062916 -0.144262 -0.094194 -0.045955 -0.055246 0.082038 0.718751 0.560734 0.162136 -0.252220 -0.129932 0.151906 0.058900 -0.275742 0.197918 -0.098025 -0.183892 0.269513 0.425038 -0.202524 -0.043146 -0.301289 -0.052713 0.205852 0.225887 -0.134602 -0.119787 0.261071 -0.161324 -0.076686 -0.069083 0.126704
-0.041909 0.065930 -0.180362 -0.623967 0.226286 -0.304599 -0.093929 0.462353 -0.156112 -0.001752 0.128894 0.067285 0.289373 0.680241 -0.287205 0.261179 0.200290 -0.100766 -0.474534 0.108077 -0.005231 0.077034 -0.290861 -0.315066 -0.041559 -0.382978 -0.119977 -0.473910 0.069702 0.124578 -0.281540 -0.163492
0.270816 -0.252076 -0.141545 -0.095670 0.021830 0.069332 0.488018 0.078670 -0.073185 0.019349 0.058298 0.451666 -0.233354 -0.125539 0.203357 0.007729 -0.160876 -0.309320 -0.375474 0.424827 -0.361473 -0.373542 -0.224813 -0.121987 0.158152 0.107378 -0.077491 -0.060284 0.078893 -0.095964 0.176413 -0.568846
-0.393558 -0.402866 -0.392385 -0.212751 0.250246 0.093723 0.113669 -0.293106 0.289386 0.156169 0.161612 -0.287935 -0.029053 0.151649 0.047310 0.112144 -0.268463 -0.396836 0.222166 -0.369275 -0.479538 -0.161869 -0.174186 -0.176956 -0.724699 -0.015312 -0.371676 0.363315 -0.202280 -0.583282 -0.267422 -0.408920
0.088642 -0.200546 -0.364841 0.040166 -0.011061 0.222778 -0.060500 -0.130571 -0.341218 0.201304 0.018921 -0.358710 -0.133769 0.097601 0.122337 -0.120447 0.111999 -0.099912 0.190777 0.024641 0.254125 -0.230714 0.038289 -0.480629 0.052010 -0.558233 0.262164 0.441372 0.390973 0.102728 0.322647 0.179872
-0.088439 -0.073654 -0.062094 0.044737 -0.046024 0.008713 -0.066088 -0.090158 0.036999 -0.119139 -0.084903 -0.087259 0.026936 -0.079723 -0.038523 -0.036181 -0.008677 -0.079385 -0.045180 -0.082128 -0.113633 -0.011214 -0.017341 -0.002145 -0.081520 0.110798 -0.078775 0.584168 0.052343 -0.040794 -0.033493 -0.060773
