0.698643 -0.255951 0.818719 0.182067 -0.201121 -0.215618 0.966049 1.167872 0.502442 -0.212421
0.234717 0.033552 0.283474 0.342824 -0.032880 0.712656 -0.434605 0.282711 0.057164 -0.138466
0.174415 -0.145989 0.204431 0.076105 -0.224523 -0.190900 0.194571 0.171446 -0.043826 0.837977
-0.121187 0.190684 -0.387509 -0.011837 0.221429 0.004229 -0.399088 -0.001013 -0.325702 -0.525964
0.332654 0.932388 0.458676 0.142858 0.484649 0.109600 0.149765 0.249827 -0.134370 -0.170865
-0.188025 0.749382 -0.114735 -0.616154 0.596321 0.015686 0.599334 -0.861865 -0.640350 -0.494131
0.392374 -0.218728 0.253852 0.146825 0.168290 0.249591 0.603209 -0.065465 0.528153 0.050967
0.120693 -0.308299 -0.177106 -0.092308 0.752346 -0.057496 0.121617 -0.459235 0.319465 0.428762
-0.241241 0.180414 0.420101 0.673655 -0.247578 -0.169133 -0.343744 0.235298 -0.275209 0.272554
0.892339 0.152737 0.228088 0.030822 -0.156877 0.318285 0.557553 0.168945 0.257276 0.199300
-0.059806 -0.689350 0.241840 0.480403 0.375673 0.647941 0.583670 0.545296 -0.527292 -0.029511
-0.432035 -0.036559 -0.167232 0.715773 0.035981 0.234159 -0.429443 0.009903 -0.188621 0.395036
-0.595057 0.276778 0.082982 -0.707228 -0.197467 0.032735 -0.311052 0.801296 0.051965 0.370362
-0.026669 -0.233308 0.537419 0.351068 -0.198139 -0.722231 -0.453990 -0.432655 0.438911 0.265175
-0.326577 0.377964 0.313209 0.164011 0.381729 0.233114 -0.016888 0.467434 -0.019355 -0.124820
0.097846 -0.077583 -0.115887 -0.538905 -0.079876 0.125259 0.727810 -0.196647 0.080061 -0.098521
0.161993 -0.000314 0.073105 0.386676 0.142675 -0.042536 -0.174578 0.075623 -0.165593 0.056841
-0.129138 -0.001679 0.129336 -0.320674 -0.139367 0.378638 -0.172987 -0.613245 0.272301 -0.078175
-0.107964 -0.029233 -0.226084 0.341993 -0.419635 0.531877 0.206727 0.032076 0.449516 -0.329851
-0.414884 -0.217435 -0.482356 -0.031007 -0.285593 -0.276255 -0.985810 0.414009 -0.217273 0.442708
0.279376 -0.080280 0.140600 -0.101173 0.153216 0.408044 0.034187 0.719532 0.667589 0.035870
-0.131467 -0.033871 -0.274295 0.036508 0.012702 -0.107681 0.589656 0.429739 -0.581159 0.176500
0.095343 0.088710 0.678226 0.356254 -0.278961 -0.393900 -0.009503 0.293632 0.274852 -0.314319
0.118982 0.712849 -0.448920 -0.272598 0.401338 -0.250206 -0.167546 -0.168670 0.130946 0.112140
-0.238212 -0.099892 0.132295 0.324525 -0.009466 -0.273730 0.099626 0.554887 0.229079 0.359458
0.061982 0.427544 0.465393 -0.328800 0.796696 -0.740687 0.212781 0.226245 -0.015118 0.534209
0.622339 0.343784 0.250940 -0.103399 0.252870 0.648624 -0.933123 0.248834 0.141985 0.092738
0.091756 -0.675070 0.374002 -0.029989 -0.141394 -0.005347 -0.289307 0.188201 -0.631633 -0.178411
0.090486 0.196760 0.384694 -0.296528 1.027722 0.307558 -0.542470 -0.194940 0.259862 0.223553
0.186856 0.005635 0.639688 0.145462 -0.202848 -0.688268 0.029130 0.925104 -0.450852 -0.069306
-0.835568 -0.062851 -0.574345 -0.016614 -0.740555 0.433074 -0.383799 -0.248009 0.085543 -0.238210
0.410903 -0.357218 0.270293 -0.110927 0.132332 0.239314 -0.152851 0.050657 -0.327377 0.313140
-0.290154 -0.187014 0.499276 0.214011 0.768119 -0.087561 0.068208 0.053175 -0.645644 -0.038464
