-0.258738 0.380684 -0.270277 -0.217467 -0.084122 0.100446 0.143340 -0.576125 0.401527 -0.003959 0.026286 -0.513489 0.050723 0.172249 0.187953 -0.324089 -0.165460 -0.004455 0.123744 0.250021 -0.283968 0.154485 0.270287 -0.095203 0.272695 -0.046289 0.098161 -0.015163 -0.295099 0.614772 0.225020 0.040323
0.364385 -0.085775 0.104128 -0.102656 0.131860 -0.494568 0.257060 0.373323 0.097970 0.483885 0.206474 -0.196401 0.193480 -0.227619 -0.035018 0.225792 -0.536809 0.133421 -0.090622 0.123664 -0.242802 -0.237725 -0.025597 0.221331 0.030691 -0.014610 0.082584 0.024308 0.078952 -0.294862 -0.159675 0.325488
-0.497600 0.168337 -0.480796 -0.222286 0.171688 0.547667 0.178628 -0.285715 0.139018 -0.202302 -0.227078 0.056445 -0.276592 0.247792 -0.253828 0.045431 0.156004 0.030008 -0.284611 0.140090 -0.170216 0.390286 -0.291024 0.290481 -0.063194 -0.129882 -0.005914 -0.220349 -0.593162 0.010407 -0.004897 0.612775
0.043488 -0.134265 -0.160394 0.387327 -0.167837 -0.117101 -0.087638 0.879346 -0.199603 -0.292631 -0.007750 -0.449869 -0.383718 0.062638 0.018521 0.119834 0.279868 -0.242469 0.271602 0.038136 0.158932 -0.336476 0.100873 -0.023886 -0.022529 -0.375873 -0.478595 0.197905 0.036419 -0.513611 -0.054869 -0.054062
0.182429 0.295783 -0.067332 0.023981 -0.265407 -0.343848 -0.052647 0.429432 -0.194559 -0.403121 0.390877 0.443436 -0.294386 0.551490 -0.255325 0.058052 0.218863 -0.027835 0.430127 -0.744665 -0.325683 0.134251 -0.428543 -0.003365 -0.058531 -0.065182 -0.203895 -0.025200 -0.238532 -0.736637 0.052999 0.369061
0.079809 -0.540267 -0.153701 -0.090976 0.266626 -0.020105 -0.166871 0.043371 -0.057671 0.047289 0.043791 0.307305 -0.272007 -0.230338 0.522030 -0.322793 0.210918 -0.150264 0.105112 -0.154350 0.146656 -0.220019 0.160633 0.299864 0.339602 0.143968 -0.100487 -0.138699 0.043763 -0.395317 0.117888 -0.121439
0.173572 -0.206805 -0.017962 -0.338111 0.361422 -0.294357 -0.185386 0.023711 -0.305542 0.068624 0.027197 0.096183 0.087915 -0.105171 -0.302490 -0.087352 0.066746 -0.246061 -0.038706 -0.218602 0.094318 -0.025472 0.213153 0.337046 0.423042 -0.303080 -0.318283 -0.035457 -0.027826 -0.462593 0.102590 -0.288439
-0.031953 -0.092471 -0.288447 -0.423770 0.175718 -0.486625 -0.348958 0.321356 -0.210965 -0.159911 0.634546 -0.495674 -0.248423 -0.146305 -0.144590 -0.215192 0.516130 -0.295209 -0.025606 -0.270214 -0.361305 -0.388976 0.047396 -0.294515 0.060667 0.370345 -0.437577 -0.147667 0.101842 -0.415088 -0.163187 -0.507438
0.112219 0.127400 -0.163855 0.060371 -0.264030 -0.131252 0.087740 0.112251 -0.302534 -0.223101 -0.026891 -0.229054 0.259610 0.078546 -0.006429 0.107637 -0.175598 0.105197 0.310041 0.056449 0.146049 -0.062129 0.133797 0.073817 0.010647 -0.046814 -0.040946 0.222216 -0.097221 0.597268 -0.182537 -0.291432
0.061488 0.262891 -0.302660 -0.231250 -0.104470 -0.106351 0.009972 -0.452998 -0.232678 0.361965 0.094968 -0.030881 -0.040654 -0.130363 0.132491 0.187006 -0.058267 -0.035587 -0.180260 0.375295 -0.264344 -0.525983 0.113335 0.292977 0.251444 -0.216112 0.026081 -0.299416 -0.268823 -0.219417 -0.234155 0.209762
-0.257453 -0.125321 -0.105585 -0.110216 -0.034267 0.149027 -0.415838 0.194133 -0.012573 -0.294063 0.203040 -0.231277 0.053039 -0.370232 0.084706 0.109065 0.026712 -0.460424 0.006984 -0.118361 0.257259 -0.166324 -0.306451 0.131191 0.199195 0.089450 -0.111215 0.263907 0.241884 0.176457 -0.276014 -0.060789
-0.071413 -0.176321 0.155136 -0.036485 -0.150351 0.021655 -0.247936 -0.209475 0.378343 -0.060762 -0.320842 -0.296265 -0.149495 -0.462070 -0.328602 0.148546 -0.088542 -0.232330 -0.601767 -0.206409 0.344883 -0.091162 -0.080950 -0.499441 -0.366535 0.005523 0.116771 -0.208924 -0.193182 -0.634711 0.000824 -0.052352
-0.021728 -0.373187 -0.035965 0.170388 0.110827 -0.202041 -0.389636 0.190625 -0.106217 -0.091391 0.179938 0.197790 0.080704 -0.035944 0.320128 0.272512 0.069029 -0.138536 0.261255 -0.180099 -0.056708 0.268935 -0.157389 0.247633 -0.118044 0.269291 -0.046905 -0.212292 -0.164005 -0.109042 0.337542 -0.043852
0.054222 -0.095727 -0.193596 -0.155626 0.168292 -0.422277 0.325626 0.513109 -0.043526 -0.066689 0.289095 0.007228 0.303915 -0.008343 0.136805 -0.294713 -0.020780 -0.512311 0.404890 0.023734 -0.139075 -0.042649 0.466378 -0.001763 -0.332163 0.102364 0.232857 0.245819 -0.192435 0.249369 -0.113226 0.273782
-0.202466 -0.268787 -0.384730 0.189952 -0.174277 -0.380963 -0.249540 -0.354214 0.145260 -0.243893 0.409342 0.197478 0.082524 -0.092526 -0.072134 0.083429 -0.167769 0.007679 -0.119536 -0.329988 -0.223479 -0.430192 -0.219254 -0.413729 -0.096644 -0.214057 -0.252763 -0.024382 -0.009554 -0.184270 -0.306654 0.177957
0.240327 -0.066643 0.116107 0.166391 -0.068926 0.042643 0.021816 -0.091848 -0.524554 -0.171305 -0.025571 0.291311 -0.308895 0.058331 -0.550782 0.020133 0.136138 0.017933 -0.162144 -0.093381 -0.069873 -0.244791 0.315489 -0.118838 -0.326391 -0.180913 -0.408914 -0.195343 -0.086588 0.107340 0.065838 -0.261168
-0.120948 0.235397 -0.048387 0.451024 -0.134073 0.321456 -0.187699 -0.198753 0.187037 0.429512 -0.120935 -0.107544 -0.238954 -0.181338 -0.369902 -0.165469 0.101159 -0.070401 0.089399 -0.071686 -0.245949 0.153464 -0.105620 0.115723 0.069934 -0.032028 0.329416 -0.476077 0.045360 -0.196123 -0.561007 0.317211
0.301895 0.316704 -0.053029 -0.311952 0.323939 -0.049251 -0.609506 0.116009 0.022459 -0.087447 0.234510 -0.090528 -0.350052 -0.092399 -0.129374 -0.198128 0.515052 -0.027444 -0.578364 0.070841 0.032948 0.481339 0.358403 -0.028723 0.031286 -0.183917 -0.402966 0.102065 -0.141273 -0.232477 0.318018 -0.472315
0.292164 -0.273046 0.511336 0.192269 -0.082834 0.233070 0.391025 0.034377 0.061510 -0.422709 -0.097534 0.003751 0.157371 -0.074841 -0.043246 0.207863 0.404638 -0.005470 0.291276 0.063746 0.137205 0.085368 -0.454198 0.089739 0.185632 -0.485551 -0.286910 0.133698 0.137132 -0.110010 0.158397 -0.072836
-0.485356 0.070601 0.259845 -0.143467 -0.320516 0.008151 -0.087571 0.801180 -0.089831 -0.424514 0.229692 -0.353126 -0.267038 0.171023 -0.307961 -0.337374 0.352616 -0.085104 -0.103813 -0.337325 -0.106282 0.434886 0.022757 -0.023115 -0.222132 -0.028931 0.019385 0.312987 0.222941 -0.925778 -0.306700 -0.109721
-0.015472 0.174737 0.073541 -0.265142 0.070196 0.296901 -0.051326 -0.020116 0.179424 0.033587 -0.034435 0.136196 -0.313879 -0.005955 0.007300 0.019479 0.100585 -0.000368 0.121218 0.149121 -0.343301 0.401651 -0.490328 -0.092573 0.036192 -0.270590 0.368442 -0.025899 0.441338 -0.030022 -0.090538 -0.038028
-0.210835 -0.357087 -0.076386 -0.085782 -0.175440 -0.147438 0.584185 -0.135770 -0.106199 -0.285692 -0.043849 0.221266 0.017571 0.417500 -0.313984 -0.039592 -0.016602 -0.198950 -0.219233 0.151695 0.046625 -0.247411 -0.215467 -0.149511 -0.278388 -0.244662 -0.627468 -0.295295 -0.081026 -0.299212 -0.062902 -0.001566
0.282896 -0.049690 0.098090 -0.136529 -0.086314 -0.135988 0.605972 0.165334 0.049895 0.726790 0.282924 0.409392 -0.037642 -0.660043 -0.027220 0.233405 0.440896 -0.341668 -0.096472 -0.018514 -0.074481 0.120756 -0.272182 -0.215020 0.070754 0.431654 -0.009246 0.000473 -0.076474 -0.370130 0.108230 0.112922
0.246440 0.023590 -0.167972 -0.397000 -0.342356 0.541370 -0.018664 0.017785 0.105629 -0.122926 -0.151781 -0.645493 -0.174967 0.051900 0.142375 0.177103 -0.454061 0.088130 0.142991 0.445062 -0.228922 0.401659 0.146273 -0.130092 -0.084038 -0.137756 0.010822 -0.038532 0.377331 -0.147922 -0.198525 -0.116788
0.162947 0.040504 -0.204518 0.425475 0.095469 -0.381269 -0.239609 -0.167868 -0.019341 0.044359 -0.100539 0.078372 0.187227 0.177830 0.398808 0.179596 -0.398453 0.299771 0.422645 0.227305 0.200000 -0.146293 0.065916 -0.025438 -0.161174 0.155233 -0.120158 -0.035436 -0.093052 -0.039207 -0.356941 0.271711
-0.332882 -0.338409 0.419009 0.656771 0.179091 0.138946 -0.497683 -0.226009 0.068230 0.327727 0.054099 -0.186819 -0.083565 0.132498 0.387350 0.302769 -0.108173 0.102478 0.011028 -0.171142 0.328621 -0.237849 -0.053656 0.329217 -0.221038 -0.393395 -0.001063 -0.099449 -0.159024 -0.244009 -0.369530 0.074154
-0.114578 0.376401 -0.011808 0.000096 0.041028 0.461855 -0.124440 0.152221 0.110150 -0.171831 -0.240382 0.076229 -0.282021 0.190819 -0.128187 -0.299523 -0.145087 -0.315082 0.091096 0.601527 0.333149 -0.399916 -0.306772 0.156594 -0.280851 0.269039 -0.091453 -0.185709 -0.166404 -0.507736 -0.156485 0.037973
-0.008494 -0.118215 0.257552 0.128979 -0.001544 0.270412 0.061147 -0.017136 0.011757 -0.097071 0.189107 0.325091 -0.192003 -0.287815 -0.374405 -0.210903 -0.130682 0.009608 0.278466 -0.054206 -0.098169 -0.037489 -0.300416 -0.463302 -0.223564 0.011204 0.211083 -0.171341 0.382559 -0.325258 0.318412 -0.075626
-0.517478 -0.137655 -0.119981 -0.120410 -0.132260 -0.104650 -0.351117 -0.349467 -0.028377 -0.034879 -0.126522 0.096569 0.021251 -0.153249 -0.260126 0.434243 -0.443076 0.271259 -0.634936 0.164790 0.078335 -0.021758 0.265108 -0.207380 -0.771087 0.218268 -0.181140 -0.110495 -0.326660 -0.044027 -0.111256 -0.325751
-0.092545 -0.128149 -0.271964 0.046247 -0.305556 -0.168643 -0.115513 0.148421 -0.183812 -0.263259 0.053792 -0.007366 0.094804 0.460314 -0.185875 -0.113160 0.507045 -0.156844 0.217523 0.053874 -0.073708 0.313829 -0.015031 -0.279152 -0.107810 -0.361675 0.020580 0.130713 0.011475 -0.193148 -0.035402 -0.438001
-0.153904 -0.465498 -0.297435 0.206202 -0.654600 0.160124 -0.130364 -0.107788 -0.201966 -0.182708 0.069807 -0.313773 0.107760 -0.173231 -0.047609 -0.146976 -0.226675 -0.130777 -0.123663 -0.468385 0.076700 0.058828 -0.436509 0.477537 -0.457693 -0.024093 0.100375 -0.315991 -0.310726 -0.334485 0.151784 0.257593
-0.031594 -0.354926 0.063087 -0.001314 0.084312 -0.098212 -0.082321 -0.408857 0.337599 0.030171 0.627162 -0.580037 0.141360 -0.047115 0.059508 -0.445395 -0.142090 0.284605 -0.027776 -0.001451 -0.043790 0.218514 -0.243092 0.488325 0.173806 0.235844 0.398050 0.238902 0.038785 -0.121859 0.042606 0.055163
-0.085896 -0.396424 0.137296 -0.190266 0.118380 -0.023457 0.138719 0.086920 -0.002576 -0.133749 -0.141712 0.146081 0.171582 -0.258208 -0.219646 -0.302261 -0.139245 0.265786 -0.109363 0.458770 -0.333047 0.015516 -0.108417 0.210830 -0.281876 0.182976 0.017142 -0.283809 -0.374864 0.001210 0.206995 -0.271612
0.049026 -0.464819 -0.198735 -0.381677 -0.082326 0.261538 -0.052877 -0.217141 0.310667 -0.204845 0.065407 0.278951 0.359565 0.116380 -0.295873 -0.310005 -0.142249 0.070422 -0.006607 -0.527277 0.096933 0.153983 0.012523 -0.057754 -0.156054 0.053369 0.393742 -0.020220 -0.178124 0.092183 -0.235116 0.059497
0.312557 -0.247257 0.147124 0.063623 0.071566 -0.542839 0.065335 0.072692 0.027495 -0.190413 0.035480 0.019952 -0.431349 -0.475960 -0.206155 0.643615 -0.150852 0.140778 0.097447 -0.083014 -0.195522 0.032802 -0.210444 -0.360396 -0.156634 0.183965 0.028510 -0.115785 -0.272243 -0.246934 0.045607 0.057231
-0.050124 0.287708 -0.253491 -0.293201 -0.017957 -0.427553 0.240199 0.216856 -0.588086 0.052196 -0.163497 0.489035 -0.390968 0.196841 -0.101344 0.025311 0.548701 -0.278687 0.208007 -0.043312 -0.189162 -0.163518 0.169075 -0.395417 -0.355249 -0.091596 -0.180719 0.003015 0.044073 -0.335694 -0.446326 0.163533
-0.435242 -0.080008 -0.390602 -0.206615 -0.125631 -0.177290 0.519507 -0.158009 -0.091471 -0.238612 0.096359 -0.016740 -0.279166 -0.154716 0.129034 -0.302548 0.050580 -0.230938 -0.189139 -0.213942 -0.158490 -0.041966 -0.064698 -0.416411 -0.107608 -0.255486 -0.251333 -0.563166 -0.079813 -0.310924 -0.088713 0.065424
-0.164436 0.236476 -0.044544 0.364974 0.179972 0.585663 0.167524 -0.293322 0.046738 0.094408 -0.509586 -0.317688 0.001110 0.145618 -0.144453 -0.267180 0.222484 -0.181282 0.034512 -0.291675 0.450904 0.030644 0.170310 -0.291825 -0.175305 0.297934 0.265753 -0.048566 0.095814 -0.212051 -0.475562 -0.227773
0.001258 -0.246714 -0.205149 -0.011737 -0.215658 0.294426 -0.192389 0.631071 -0.030705 -0.013668 0.195954 -0.056991 -0.250319 -0.152659 -0.173839 -0.026519 0.225208 -0.001604 -0.462458 -0.254124 -0.136289 0.315837 -0.122920 -0.322967 -0.512451 0.203891 -0.244513 -0.281949 0.069504 -0.186622 -0.499744 -0.027579
-0.332756 0.298832 0.480825 -0.505552 0.088329 -0.228332 0.415182 0.024718 0.287129 -0.487849 -0.335648 -0.263873 -0.102551 -0.067629 0.207965 0.036741 0.212794 -0.090328 -0.021751 0.002834 -0.169920 -0.267506 0.039046 -0.151951 0.100048 0.178350 0.074710 0.623039 -0.488149 -0.190980 0.253947 -0.080129
0.408845 0.042138 -0.596396 0.054935 -0.132707 -0.170429 -0.007505 -0.225288 0.039045 -0.111733 0.303251 -0.028311 0.225303 0.098191 -0.417025 -0.407387 -0.080229 0.359295 -0.211743 0.006120 -0.578587 0.072051 -0.098048 0.046979 -0.186872 -0.429143 -0.331660 -0.205136 0.290153 0.017744 -0.247672 0.305854
0.016509 0.220521 -0.130087 0.350689 -0.132548 0.347268 0.140902 0.015518 -0.187919 -0.312730 0.081132 -0.045313 0.425306 0.145056 -0.168541 -0.460296 0.331539 0.274791 0.142452 -0.229648 0.011448 -0.402399 0.103660 0.363343 -0.137821 -0.239040 -0.027726 0.000330 -0.433647 0.015473 0.245177 0.254387
0.015069 -0.392854 0.044606 -0.264703 0.369283 -0.416451 -0.628408 0.207779 -0.209325 0.338606 0.074227 -0.074953 0.023779 0.020846 -0.597198 0.553222 0.182921 -0.266602 0.186414 0.475264 0.181933 -0.183142 0.235006 -0.106625 -0.396820 -0.241441 -0.153939 0.450694 0.435512 -0.036436 0.184491 0.176732
-0.249577 -0.212227 -0.221060 -0.040431 -0.038293 -0.065498 0.305411 -0.197794 -0.641847 0.041646 0.221492 -0.521069 -0.056573 -0.140009 -0.113390 0.034340 0.432581 0.307522 0.173271 -0.037834 0.308195 -0.196108 -0.074050 0.232611 -0.037763 -0.277144 -0.137828 -0.299696 0.090917 0.071022 -0.151370 -0.173968
-0.231799 -0.218244 0.095685 -0.794731 0.055687 -0.084194 -0.114224 -0.474539 -0.158660 0.365129 -0.161172 -0.177688 -0.119596 0.349120 0.329893 -0.067873 0.266601 0.104525 -0.277785 0.169064 -0.017360 -0.076564 0.264431 0.330181 0.374982 -0.258505 -0.281957 0.138081 0.205076 -0.188218 -0.034199 -0.235819
-0.238114 -0.274159 -0.343229 0.003193 -0.204080 0.222902 -0.377504 0.159292 -0.143870 0.291029 -0.193738 -0.034510 -0.225087 0.333323 0.363379 -0.311863 0.065253 -0.035164 0.016972 0.389501 -0.134240 0.195327 -0.104332 -0.551956 -0.037127 -0.145956 -0.260874 -0.215410 0.092382 -0.168669 -0.304412 0.472270
-0.671246 -0.130381 0.052586 0.170107 -0.584445 -0.078855 -0.552923 0.272159 -0.232200 -0.359297 -0.375383 0.053826 0.314070 -0.362732 -0.653695 -0.226750 -0.083804 -0.001527 -0.583995 0.084523 -0.505902 -0.273488 -0.376918 -0.009470 -0.349128 -0.378682 -0.490522 -0.467491 -0.452331 -0.542195 -0.397271 -0.255329
-0.032635 0.247299 -0.507023 -0.052617 0.312783 -0.181634 -0.153786 0.154940 -0.073107 -0.146946 -0.102959 0.099092 0.476517 -0.020107 0.021754 0.045681 -0.238381 -0.040817 0.110693 -0.190697 -0.276059 -0.152764 0.027688 0.012635 0.503916 -0.056890 -0.211246 -0.688881 -0.097283 -0.077677 -0.058609 -0.144818
-0.472054 -0.013610 0.469882 -0.327057 -0.554642 -0.396279 -0.038661 -0.321263 -0.104102 -0.539262 0.046618 0.300066 0.366324 0.373318 -0.309312 0.204410 -0.090507 -0.166556 0.192646 0.013925 -0.605402 -0.133290 -0.066344 0.112057 -0.621233 -0.009469 -0.100152 -0.377575 -0.078734 -0.320639 -0.155812 -0.439098
-0.055552 -0.003337 0.350443 -0.588651 -0.219343 -0.165444 -0.551936 -0.183063 -0.184321 -0.160588 -0.028446 0.010848 0.290640 0.441672 0.053186 0.375742 -0.129201 -0.121905 -0.026309 -0.023246 0.063342 -0.130524 -0.176457 0.016350 -0.041272 -0.611716 0.312472 -0.313949 -0.286651 -0.399805 -0.047592 0.537717
-0.136147 -0.169720 -0.256828 -0.521913 0.169718 0.120414 -0.389384 0.193576 -0.393013 -0.264349 -0.042484 -0.423183 -0.078496 -0.041328 0.064033 -0.363627 -0.430984 -0.035477 0.161512 0.102737 -0.252737 -0.122854 0.394677 -0.219753 0.056292 0.121655 -0.529856 0.093608 -0.096468 0.067393 0.140211 0.199449
-0.076194 0.025900 0.064801 0.092834 -0.375513 -0.370432 0.024735 -0.222973 0.110732 0.355020 0.167815 -0.220887 -0.284461 0.100440 0.038172 0.295441 0.003534 -0.270117 -0.080654 0.204712 -0.269460 -0.111823 0.143689 -0.228879 -0.280185 -0.440665 -0.048438 0.160834 -0.125320 -0.117040 -0.032769 -0.200656
0.150216 -0.058665 -0.218211 -0.060671 0.118195 0.222199 0.072396 -0.049718 0.116487 0.061166 -0.042467 0.014924 0.157060 -0.095807 0.183224 -0.176858 -0.218675 0.130371 0.134064 -0.156114 0.039696 -0.407068 0.204978 -0.150537 0.350744 0.110803 0.148592 0.098666 0.236128 0.298364 0.211399 -0.241169
-0.333423 -0.105000 -0.188899 0.311518 0.243863 0.235761 0.079592 -0.205833 -0.199385 -0.326039 -0.101434 0.595169 -0.188777 0.247703 -0.329593 -0.019821 -0.120477 -0.260078 0.061691 0.218936 0.060785 -0.272233 -0.143828 0.151982 0.078771 0.180300 -0.308852 0.018038 0.033303 -0.078538 -0.286550 -0.058838
-0.138236 0.173375 -0.126537 0.060561 -0.488997 0.241260 -0.030920 -0.122172 0.791995 0.171408 0.160073 0.064989 -0.135427 -0.126528 -0.670087 -0.304453 -0.067599 -0.066464 -0.126574 -0.178360 -0.192300 -0.158822 0.401397 -0.420414 -0.264866 0.332753 -0.191570 0.432598 0.268218 0.042855 0.465998 -0.417694
0.260583 -0.115857 -0.553713 0.204766 -0.039549 -0.086417 -0.048844 0.061678 -0.301331 -0.078777 0.326357 -0.012987 0.100117 0.120365 -0.341086 -0.348131 -0.197225 -0.023874 0.246731 0.331921 0.169403 -0.047910 -0.007942 -0.301591 0.127022 -0.473558 -0.162936 0.193827 -0.017733 -0.082021 0.005952 -0.229458
0.139911 -0.326568 -0.153375 -0.210443 -0.250629 0.085477 0.213571 0.313966 0.427453 -0.320130 -0.203487 -0.010671 0.088568 0.255670 -0.230932 -0.095761 -0.075376 0.203766 0.121156 0.162464 0.005838 -0.399007 -0.354964 0.142046 -0.061336 -0.011428 -0.525371 0.257748 -0.044036 -0.033896 -0.026739 -0.364095
0.364650 -0.041780 0.034288 0.415493 -0.371532 -0.187548 -0.041331 -0.069395 -0.002947 -0.199544 0.104932 0.101250 0.118759 -0.194765 -0.026401 -0.102174 0.127875 0.208916 0.005779 0.111911 0.185450 -0.003852 0.184474 -0.165688 -0.006742 0.189617 -0.006110 -0.007004 0.174650 0.209535 0.036679 0.418914
-0.103912 0.009852 -0.001722 -0.232800 -0.349212 -0.378859 -0.206429 -0.245876 0.229304 -0.586982 0.173345 0.183035 0.601811 -0.045507 0.000455 -0.036760 0.105908 0.067887 -0.205468 0.154253 0.101220 -0.212446 -0.223006 0.304297 -0.039395 -0.176639 0.015213 0.223905 0.052217 0.150763 0.019462 0.000434
-0.102097 -0.179357 0.043821 -0.322466 0.083967 0.232726 0.293452 -0.214306 -0.250778 -0.169722 -0.286088 0.167974 0.000089 -0.410418 0.023455 -0.304734 -0.035725 -0.007382 -0.235639 -0.109767 0.098299 -0.120090 0.215675 -0.389067 -0.328666 -0.095966 -0.295050 0.291695 -0.606496 0.071203 0.036766 -0.091572
-0.063635 -0.316512 0.218876 0.243190 0.102187 0.250421 -0.042667 -0.026037 -0.171268 -0.128103 -0.062315 -0.076466 -0.397401 -0.216002 -0.365625 -0.532622 0.107803 -0.233181 -0.109310 0.299805 0.141295 -0.077629 0.250283 -0.112825 0.028646 0.158413 -0.062372 -0.274346 -0.196564 -0.123848 -0.238422 -0.170073
0.039697 -0.256871 -0.285671 -0.522559 0.204171 -0.210483 0.429626 0.341780 -0.011298 -0.175302 0.244590 0.059296 -0.311739 -0.189096 0.035482 0.407125 -0.229087 0.284994 -0.024198 0.378759 0.074048 0.494033 -0.229593 -0.137316 -0.256359 -0.402662 0.226686 -0.059089 -0.206161 -0.244432 -0.001797 -0.230567
0.143311 0.122181 0.095047 -0.108369 -0.113842 -0.405402 -0.463652 0.426700 -0.195796 -0.284988 -0.055382 0.202252 -0.160294 -0.081924 0.337956 0.268065 0.308890 -0.238559 -0.333043 0.353133 -0.038919 -0.422713 -0.080308 -0.099562 -0.373071 -0.027502 0.445849 0.113466 -0.003910 0.102920 0.212815 -0.161810
-0.217176 -0.054797 0.224771 -0.138049 0.067245 0.161495 -0.073599 0.010599 -0.076300 -0.163267 0.191060 -0.169956 -0.265877 0.000150 0.075895 0.153714 -0.386913 -0.004567 -0.333478 0.283985 -0.038535 -0.064193 0.167985 -0.056973 0.203454 0.076386 0.335186 -0.213801 -0.094937 0.337513 0.068117 -0.302789
-0.070023 -0.050669 0.012086 -0.030185 -0.052100 -0.038649 -0.053852 -0.003019 -0.048298 -0.029553 0.020443 0.014151 -0.012352 -0.048046 -0.027044 -0.013031 -0.005022 -0.025841 -0.034025 0.010601 -0.048945 -0.077170 -0.045716 -0.005205 -0.053888 -0.049430 -0.061686 -0.036876 -0.051492 -0.073564 -0.045024 0.013429
