1.102548 -0.866068 -0.697875 0.236815 1.546899 -1.125111 -1.688071 1.096154 -1.711105 1.185308
1.365168 0.829768 -1.365864 0.424685 -0.475311 -0.056838 -1.129360 -2.397289 1.521420 0.425240
1.391836 1.529051 -0.182723 -0.940349 0.553121 0.478877 0.784223 -1.001697 -0.529062 -1.446060
0.249933 -0.860402 0.381172 0.672235 -1.321961 0.618204 0.622919 -0.475545 -1.459709 0.957304
-0.699388 -0.648952 -0.792943 0.520857 1.862810 1.162683 0.827232 -0.763331 -0.784861 -1.579610
0.726213 -0.949423 0.326413 1.512464 -0.765972 1.466950 -1.851605 -0.474089 -1.044890 0.424673
0.749088 -1.008535 -1.265330 1.785223 -0.741618 -0.494447 1.996609 -1.385264 0.842917 -0.725553
0.314697 1.645418 0.960487 -0.775200 1.503254 -1.949030 1.787198 -0.184763 -0.864058 -1.461187
0.854932 -1.814268 -0.988170 -0.989015 0.124428 1.360571 1.357256 -0.561653 -0.528504 1.411716
0.518129 -1.299243 0.828589 -0.098544 -0.186447 1.673398 0.451505 -1.306548 0.935636 -0.517580
1.554937 1.234351 -1.178038 -1.039763 -1.330327 1.442237 0.725963 1.059236 0.007785 -0.952966
0.539522 -0.351035 1.007151 0.654450 -0.673522 0.488898 -1.759847 1.009306 1.002582 -1.283381
-1.344465 1.123557 1.599401 1.329461 -0.375286 -1.433538 -0.220866 0.736878 -1.523937 -0.261530
-0.453651 1.084836 -1.692180 0.375492 -0.806419 1.511886 -1.346551 1.426628 0.232972 1.034718
1.696299 -1.111785 0.487239 -1.589236 1.512206 -0.077294 -1.431308 0.513549 0.615048 0.071567
0.539140 -0.286813 0.804071 0.482081 -1.507026 -1.026422 0.629222 1.552704 -0.880316 -0.929125
-0.746344 -0.370253 0.181739 0.180471 -0.220908 0.170269 -0.315212 0.095263 0.194377 0.269327
