0.203390 0.375001 0.488175 -0.339019 -0.085203 0.184885 0.481477 0.061938 -0.398510 0.254970 -0.128864 -0.032998 -0.439942 0.105317 0.244112 -0.206138 0.320618 -0.474418 -0.586623 0.176007 0.009319 0.385864 -0.215747 -0.112833 -0.130536 0.332940 0.225186 0.130619 -0.100559 0.092016 0.023281 0.112980
0.002182 0.474697 -0.121955 -0.357938 -0.046255 0.130839 0.181717 0.203917 -0.012227 -0.894155 0.650862 0.192051 0.311635 0.147535 -0.057191 -0.275628 0.440413 -0.395631 -0.234572 -0.041975 0.006492 -0.274475 -0.354137 0.303929 0.292040 0.300902 -0.653961 0.545174 -0.949183 0.184574 -0.511421 -0.252684
-0.991625 1.333753 0.358862 -0.148519 -0.581767 -0.000444 0.370875 0.428337 -1.152468 0.576185 0.020283 -0.350677 0.209334 -0.894916 -1.308121 -1.057105 -0.520723 -0.593769 -0.359229 -0.425800 0.402988 -0.044272 -0.478762 -1.279787 -1.660641 0.122110 -0.622793 -0.434871 -0.032610 -0.609591 -0.356374 -0.494893
0.063065 0.317906 -0.097069 -0.326752 -0.159464 -0.009613 0.007024 -0.171255 0.040098 0.000848 -0.774887 -0.228548 0.081415 -0.751242 -0.607097 0.208433 0.213461 0.147473 -0.357445 -0.246411 0.125621 0.030668 -0.179560 0.297932 0.014426 0.096686 -0.174494 0.385417 -0.576225 -0.299614 0.250813 0.285185
-0.290328 0.112545 0.219383 -0.030265 -0.003645 0.056875 0.590446 -0.214324 -0.265062 -0.076577 0.148341 -0.118077 0.326966 -0.393801 -0.057480 0.013248 0.128522 0.060315 0.348315 -0.144497 0.078859 0.197477 -0.577531 0.039120 0.062709 -0.417289 0.170469 -0.257199 -0.197022 0.000160 0.046751 0.273837
-0.976094 -0.084952 -0.695961 -0.373372 -0.093019 -1.079790 0.244524 -0.013136 -0.192454 -0.376065 -0.865055 -0.711213 -0.040251 -0.330227 -0.369815 -0.309879 -0.525137 -1.549548 -0.285349 -0.157038 -0.168635 0.071818 -0.117653 -0.731929 -0.293914 -0.467144 -0.703980 -0.448172 0.059616 -0.442818 0.634064 -0.646878
0.629186 -0.519466 -0.641134 -0.172465 -0.045627 -0.432534 -0.945980 -0.202124 0.888691 -0.458987 0.616597 0.129238 -0.415096 -0.143484 -1.612762 -1.844448 -0.179541 0.822337 -0.531426 -0.532488 -0.406998 -0.178769 -0.603874 0.261092 -0.089231 -0.058194 -0.568584 0.296753 -1.001984 -1.396579 -0.238398 -0.434681
-0.544679 0.685475 -0.783718 -0.526445 -0.667241 -1.020032 -0.642420 -0.634912 -0.705185 -0.266116 -0.239759 -0.556012 -1.515390 -0.030794 0.173071 -0.173278 -0.260285 -0.084287 -0.643988 -0.181863 -1.084882 -0.888093 -0.938670 0.014873 -0.766631 -0.992239 -0.538450 -0.867789 -0.955834 -0.187716 -0.235893 -0.177365
0.276552 -0.332520 -0.311236 0.120147 0.399643 0.219883 0.068123 0.570694 -0.167520 0.162610 -0.138898 -0.055917 -0.204578 -0.012520 -0.558911 -0.159426 -0.208427 0.392543 0.052551 -0.005053 -0.142359 -0.078535 0.364793 -0.259285 -0.025468 0.321780 -0.478207 0.349038 0.131007 -0.266412 0.293679 -0.187109
-0.869787 0.873520 -0.289062 -0.047395 -0.243197 0.064364 0.271869 -0.906690 -0.854288 -0.123937 0.064734 0.530410 0.689673 0.107171 -0.603767 -0.675366 -0.016114 0.414559 0.075453 -0.058363 -0.542764 -0.894295 0.317888 -0.028211 -1.460759 -0.403807 -0.157348 -0.758617 0.731102 -0.345495 -0.752014 -0.299439
0.387684 0.878766 0.031148 -0.499537 0.148964 -0.683864 -1.422465 -0.707061 -0.023206 0.181026 0.760244 -0.213806 -1.381255 0.131701 -1.903472 0.928922 -0.584187 -0.307334 -0.473209 -0.698709 -0.517120 -0.491437 -0.431636 -0.492310 -1.902885 -0.840125 0.098374 -0.100183 -0.200668 -0.330981 -0.534115 -0.348040
-1.078911 0.245000 -0.038764 -0.410879 -0.960705 -0.423759 0.963159 0.462558 -0.246168 -1.048818 0.132257 -0.236957 0.815943 -0.702732 -1.346845 -0.232977 -0.757232 -0.127217 0.131308 -0.043275 0.540060 0.010477 -2.005098 -0.346696 -1.205298 -0.139397 -0.137333 -0.115634 -0.129413 -1.217410 -1.339081 -0.081302
-0.439187 -0.600969 0.020747 -0.431772 0.204912 -0.570021 -0.970856 -0.824720 -1.153469 -0.055273 -0.348381 0.261616 -1.377988 0.037647 -1.135743 0.925108 -0.098014 0.451418 -0.577006 -0.283281 -1.654693 -0.537838 -0.267718 -0.476242 0.053188 -0.648593 -0.249552 -0.856251 -0.376244 -0.863483 -0.250179 -0.033495
0.025951 0.261888 -0.138904 0.305005 0.487160 -0.502590 0.094878 -0.452883 -0.114456 -0.390753 -0.259247 -0.214908 -0.051872 -0.299671 -0.213233 0.108363 0.120807 0.259970 0.210685 -0.169577 0.184561 0.068389 0.382200 0.158971 0.073742 0.308923 -0.219399 -0.355113 0.068542 -0.023518 -0.454486 0.126372
-0.212344 0.158311 -0.511696 0.011175 -0.017755 -0.164732 -0.971894 -1.008221 0.289831 -1.001577 -1.111541 -0.380098 0.117805 -0.224111 -0.191342 -0.598216 -0.785116 0.049185 -0.326051 -0.208526 -0.545189 0.991310 -0.709063 -0.654500 0.936557 0.876855 -0.356454 -1.483101 -0.919657 -0.542109 0.003876 -0.404662
-1.391718 -0.596486 -0.072733 -0.219183 -0.372937 -0.318075 0.900536 -0.563112 -1.475183 -0.516240 -0.754914 -0.686602 0.669055 -0.556460 -0.816271 -0.156242 -0.431006 -0.272093 0.019879 -0.321868 0.126166 -0.916160 0.357500 0.320035 -0.482346 0.144577 -0.271340 -0.377881 -0.612590 0.610300 -0.087952 0.054745
-1.159551 0.306485 -0.674816 -0.174027 -0.407379 0.146584 -1.475966 -0.771788 -0.063359 -0.095301 -0.851458 -0.075246 -0.255357 -0.276900 -1.057974 0.866232 -0.229046 -2.285231 -0.491617 -0.360080 -0.612179 0.588904 -0.720574 -0.799677 -1.273930 0.475878 -1.164842 -1.324549 -0.753981 -1.124598 -0.791776 -0.380844
0.083447 -0.814781 0.029683 -0.204269 -0.176377 0.138963 0.026144 -0.170617 -0.436277 -0.716712 -0.778199 -0.334246 0.043623 0.015723 0.489951 -1.637509 0.047517 0.223024 -0.366232 -0.002338 -0.083071 -0.221420 -0.782076 -0.480157 -1.338453 -0.262143 -0.985407 -0.642975 -0.519828 0.732144 -0.704508 -0.385359
0.191506 0.197315 0.012375 0.290655 -0.350115 0.106710 -0.163302 0.040607 0.228379 -0.227158 0.366370 -0.108431 -0.365172 -0.233246 -0.028211 0.014509 -0.021583 -0.194884 -0.116434 -0.573642 -0.162250 0.199747 -0.077709 0.349944 0.032558 -0.038876 -0.182595 0.208289 -0.186300 -0.382029 0.531953 -0.404258
0.112461 -0.422086 -0.050100 -0.092309 -0.060746 0.248635 0.088650 -0.376286 -0.728184 -0.238276 -0.138638 0.047053 -0.059705 0.249704 -0.256143 -0.712022 0.132125 -0.404912 -0.412955 -0.203954 -0.236328 -0.123924 0.283655 0.815099 -0.196525 0.037908 0.319584 -0.025261 -0.075792 -0.139250 -0.264124 0.489810
-0.167587 -0.095531 -0.159264 -0.074241 -0.222998 -0.390633 -1.189450 -0.872036 -0.930305 -0.166239 -0.918548 -0.845810 -0.656655 -0.498755 0.858033 0.236915 -0.823888 -0.102396 -0.165303 -0.103468 -0.805900 -1.447286 -1.067166 -1.193732 -0.580859 -0.299491 -0.968907 -1.616552 -0.802595 0.700338 -1.134242 -0.360424
0.448472 -0.135894 0.065342 -0.207956 0.232756 0.093333 0.542426 -0.168711 0.251981 0.003125 0.079029 0.022568 0.083839 -0.030816 -0.018771 -0.163449 -0.137137 -0.188202 -0.138344 0.017082 0.450154 -0.015954 0.023480 0.052828 0.317985 0.300730 0.106919 -0.172628 0.265286 -0.065164 0.147871 -0.037002
0.340848 0.047287 -0.156232 0.120268 -0.392504 -0.039650 -0.042409 0.242792 -0.235489 0.150098 -0.167702 -0.343914 -0.174295 -0.094162 0.082488 -0.103374 -0.023214 -0.468380 0.422639 -0.045256 -0.207418 -0.329695 0.071166 -0.297551 -0.058731 0.098529 0.082889 -0.275985 -0.311127 0.446657 -0.448835 -0.294739
-0.720217 -0.068843 -0.189467 -0.247482 -0.793618 -0.472504 -1.792211 -0.454039 0.270583 -0.233871 -0.746783 -0.478499 0.497553 -0.037354 0.603118 1.001514 -1.303223 -0.757528 -0.304059 -0.061984 -1.023453 -1.029084 -0.529012 -0.346436 -0.039904 -0.708660 0.441314 -0.583006 -0.907414 0.510099 -0.617943 -0.307297
0.827441 0.202936 -0.002336 0.364877 -0.333472 -0.091666 -0.169194 -0.077687 -0.014189 -0.245272 -0.155364 0.208506 0.258697 -0.087347 -0.256486 0.022518 -0.254263 -0.022106 0.203482 0.284112 -0.203411 -0.123124 0.079556 -0.308123 -0.092219 0.001330 0.218659 0.198300 -0.444393 -0.099172 0.008803 0.002681
0.381308 -0.975351 -0.123523 -0.033510 -0.227166 -0.648361 -0.686461 -1.678592 0.254534 -0.519543 0.558401 -0.500485 -0.008038 0.080354 -0.283661 0.246046 0.091524 0.794772 0.173610 -0.154915 -1.380630 1.072774 -0.945824 -0.212599 -0.299923 0.945367 -0.049707 -0.074571 -0.353778 -0.646313 -0.766254 0.757661
0.289984 -0.318364 -0.575753 0.474806 0.045005 -0.230014 -0.082128 -0.632884 -0.035335 -0.555969 -0.088403 0.048968 0.035206 -0.077737 -0.165431 -0.196187 -0.173810 0.237908 -0.647117 -0.026887 0.248810 -0.089667 -0.269117 -0.074690 -0.194575 -0.058820 -0.551415 0.162025 0.092194 0.192069 0.492441 -0.196630
0.559252 -0.405328 0.010575 -0.093251 -0.680732 -0.733823 -0.423709 -0.543989 -0.750912 0.831279 -1.181641 -0.535390 -0.257297 -0.108838 -0.858272 0.429997 -1.114537 0.342676 0.715854 -0.091801 -0.143675 -0.284303 -0.811709 -0.295946 -0.882265 -0.530951 0.844716 -0.032376 0.627015 -0.102662 -0.585919 -0.148310
-1.005738 -0.653414 0.133729 -0.029540 -0.307583 0.237038 -0.478272 -0.194360 0.014636 -0.352040 -1.921994 -0.562791 -0.212974 -1.037710 0.137284 1.020516 -0.973428 -0.224968 0.059368 -0.413397 -0.377463 -0.543907 -0.508297 -0.161944 -0.367340 -0.158768 0.264190 -0.093080 -0.742229 0.201429 0.023557 -0.185811
-0.926217 1.427445 0.335359 0.228469 -0.096138 -0.174740 0.027591 -0.612610 0.168231 0.611382 -1.154868 -0.619262 -0.539316 -0.456043 -1.198956 -0.587223 0.594438 0.833885 0.166702 -0.207778 0.404249 -0.612874 -0.762384 0.196237 0.231541 -0.169802 -0.328006 -0.496237 1.355758 -0.977254 -1.153795 0.056651
-0.267669 -0.150708 -0.050819 -0.046313 0.419205 -0.127533 0.134921 0.375382 0.270678 -0.279152 0.023963 -0.168229 -0.036988 -0.359734 0.206983 0.119971 0.326755 0.317596 0.689496 -0.056124 0.326093 -0.248208 -0.167735 -0.341075 -0.194879 0.120157 0.167417 0.327513 0.129251 0.250559 -0.552272 0.118785
-0.122735 -0.075914 -0.117879 -0.235338 0.377684 -0.001179 -0.325367 0.177126 0.250628 0.024977 0.034777 -0.340079 0.027455 -0.282532 -0.327772 0.522940 0.156227 0.004830 0.414776 0.355540 0.301071 -0.250268 0.441976 0.066563 -0.306392 -0.283606 -0.475817 0.186386 -0.282093 -0.033363 -0.015831 0.160987
-0.156578 -0.280251 -0.014432 -0.031314 0.065919 0.192148 -0.018521 -0.356262 0.455727 0.077654 0.065349 -0.109170 -0.018511 0.278460 -0.118811 0.045501 -0.232639 0.043564 -0.130655 -0.021800 -0.128385 -0.023249 0.158689 -0.002760 -0.028412 -0.029474 0.248135 -0.395392 -0.083831 -0.097505 0.245934 -0.248110
-0.015783 -0.758479 -0.367916 -0.286641 -0.584164 -0.392822 0.647379 -0.013604 -0.250643 -0.540839 0.481288 -0.351809 0.555040 -0.087215 0.668443 -0.757486 -0.697797 -0.313517 -0.188839 -0.533432 0.408157 -0.686664 -0.752921 -0.759912 -0.984225 -0.743066 0.611100 -0.615608 -0.355382 0.554688 -0.778215 -0.444046
0.134852 0.101542 -0.321180 -0.028271 -0.125134 0.290989 0.040691 -0.058765 0.240095 -0.352533 0.382124 0.049357 0.095224 0.275434 -0.008149 -0.411358 0.507893 -0.059978 0.335235 -0.072957 -0.607583 -0.024246 -0.036029 -0.353501 0.279455 -0.213215 -0.262372 -0.194873 0.347935 0.315148 -0.021280 -0.163565
0.451590 -0.283992 -0.437152 0.294596 -0.227981 -0.369351 0.389715 0.530683 0.418472 0.712101 0.706027 0.325672 -0.384531 -0.504861 0.185968 0.414421 0.502403 -0.101359 -0.091209 0.325260 0.567156 -0.114301 -0.179393 -0.315055 0.126561 0.192930 1.210783 0.195753 -0.458622 1.330585 0.303028 0.586135
0.064230 -0.112373 0.109804 0.116066 0.479864 -0.244617 0.074834 -0.421363 0.242802 0.241433 -0.283643 0.395961 0.355911 -0.249024 -0.355579 -0.039601 -0.009059 0.132811 -0.007810 -0.192591 -0.325558 0.172292 -0.106877 0.430250 0.161326 0.501087 -0.063931 0.314575 0.154167 -0.132421 -0.013008 0.231134
0.130564 -0.997688 -0.825955 -0.326144 -0.346911 -1.134148 -0.394637 -0.565332 -0.457528 0.205763 -1.652619 -0.856354 -0.210847 -0.672962 0.115800 -0.318477 -1.768200 -0.358978 -0.896396 -0.580384 -0.469099 -0.375784 -1.038235 -1.382411 -0.311435 -1.178493 -0.257095 -1.631191 -0.532231 -0.167350 0.273926 -1.249223
0.119181 -0.593177 -0.137773 -0.353051 0.149645 0.182550 0.130219 -0.522690 0.126379 0.662073 0.497305 0.237767 -0.560983 0.341188 -0.759941 -0.363095 -0.284579 0.558459 0.044449 -0.021122 0.207748 -0.153966 0.118475 -0.183231 -0.449026 -0.031399 0.402046 -0.172148 0.180354 -1.119474 -0.238573 -0.118532
0.054426 -0.493132 -0.431175 -0.424143 -0.182173 -0.030424 -0.068996 0.187135 -0.219401 0.518575 -0.358230 -0.124404 0.196384 0.461419 -0.335367 -0.183723 -0.231308 0.168446 0.077600 -0.160004 0.017854 0.250915 0.143814 0.180650 0.115784 0.008829 -0.024834 -0.135732 -0.112753 0.431883 -0.209301 0.068718
0.022905 0.208395 0.106176 -0.243598 -0.424660 0.073033 0.168577 -0.205071 -0.028671 0.168803 0.295844 0.120676 -0.188808 -0.086184 -0.252021 -0.190147 0.263738 -0.191090 0.409778 -0.022846 -0.120882 -0.131222 0.282767 0.401276 -0.083989 0.133015 0.253493 0.131695 -0.319118 -0.195623 0.167837 -0.037782
-0.177000 -0.666458 -0.275119 -0.048525 -0.235488 0.226877 -1.328085 -0.752987 0.878730 0.222538 -0.553066 -0.017773 -0.541815 -0.139229 0.515289 0.116324 0.266712 -0.953205 0.053587 -0.269450 -0.739435 -0.244122 -0.871837 0.750787 0.868751 -0.668059 -0.147436 -0.327186 -1.654123 0.504823 -0.809580 -0.385238
0.832183 0.068369 -0.181505 -0.154401 -0.135205 -0.183322 0.314437 0.211960 0.071031 0.827638 0.576138 -0.262020 0.412779 -0.312060 0.423664 -0.130665 -0.616021 0.038915 -0.130170 -0.157861 0.625706 0.287786 0.710071 -0.514244 -0.290939 0.234895 0.985331 0.102941 0.932763 0.165963 -0.392312 0.481209
0.351467 0.057985 -0.189341 0.138641 -0.000034 0.273979 0.382034 0.347270 -0.730345 1.041626 -0.529980 0.243658 -0.442372 -0.025346 -0.713337 -0.478835 -0.545760 -0.059450 -0.639453 -0.100260 0.364411 -0.436159 -0.342360 -0.318645 -0.107811 0.280521 0.240368 -0.803364 -0.030293 -0.662342 0.100478 -0.784806
0.946621 -0.113189 0.018589 0.116404 -0.222112 -0.346466 0.413464 -0.140454 -0.514632 -0.397188 0.542518 0.262207 -0.426631 -0.636986 -0.021960 0.725311 -0.460637 -0.060432 -0.108467 0.105910 -0.519683 0.369532 0.215380 0.085497 0.549797 -0.140449 -0.439877 -0.428194 0.160237 -0.289519 -0.492439 -0.212178
0.947316 -0.605571 -0.212758 0.110339 -0.281697 -0.080874 0.156416 0.060644 0.273671 -0.728963 0.380741 0.196799 0.022068 0.080635 -0.678204 0.946403 -0.226102 -0.185997 0.008498 0.147321 -0.430113 -0.050930 0.039436 -0.377162 -0.625668 0.059472 -0.562584 0.492109 0.111375 -0.388314 0.406561 -0.291427
0.267391 -0.263496 -0.404726 -0.107084 -0.416827 0.272574 -0.861027 -0.810792 0.431849 -0.520537 -0.337258 0.025300 -0.372297 -0.215566 -0.967760 -0.316818 -1.081424 1.125856 -0.341173 -0.228096 -0.349016 1.025382 -1.000318 -0.559402 -0.980593 0.751727 -0.116385 0.284976 -0.229646 -0.570835 -0.630037 0.279229
0.508105 0.212822 0.001857 -0.050668 -0.040355 -0.739600 -0.265716 0.068606 0.001525 -0.229099 0.188318 0.243413 0.074221 0.120015 0.138416 0.379212 -0.263377 0.575534 -0.045957 -0.119498 0.276254 0.164383 -0.139427 0.078939 -0.155185 -0.114350 0.029471 -0.126831 0.145479 0.231983 0.014821 -0.213555
0.203479 0.111858 -0.029387 -0.184081 0.213964 0.206046 -0.125889 -0.232789 -0.333473 0.113817 0.246852 0.512898 0.286647 -0.322051 0.006328 0.121408 -0.351467 0.329792 -0.177867 0.098833 -0.112890 -0.126487 -0.247844 0.231561 0.117824 -0.134015 0.292759 0.183996 0.034566 -0.059673 0.551447 0.252283
-0.066885 -0.274507 -0.243235 -0.438482 -0.163666 -0.055660 -0.106072 0.157566 0.574918 -0.929024 -0.145428 -0.549336 -0.141324 -0.155830 0.168392 -0.421955 -0.448069 -0.660051 -0.731490 -0.658642 -0.303037 -0.718412 0.095445 -0.287660 0.554720 -1.530239 -1.066933 0.103600 -1.436897 -0.922613 0.004682 -0.696507
-0.252340 0.310577 -0.126898 -0.281088 0.295958 0.672999 0.166540 0.486039 -0.095890 0.127199 0.045139 0.110796 0.403025 -0.216164 0.119015 0.134136 0.163766 0.085916 -0.058495 -0.225814 0.326589 -0.349322 -0.054609 0.216293 -0.001831 -0.133971 -0.773504 -0.338884 0.650529 0.252959 -0.159872 0.085162
0.641621 -0.580443 -0.432532 -0.425565 -0.697549 0.152361 -0.698210 -1.012549 0.258609 -0.287948 0.113612 0.024778 -1.180892 -0.137465 -0.566997 -0.048997 -0.663159 0.409350 -0.668453 -0.288175 -0.534737 0.200383 0.026219 -0.260477 -0.723321 -0.245842 -0.308316 -0.915371 -0.716175 -0.219578 0.535837 -0.048578
-0.835272 0.230075 -0.408313 -0.250887 -0.388061 -0.748075 0.844021 -0.513813 0.048721 -0.440874 -1.776038 -0.488916 0.258563 -1.024421 -0.568817 0.007701 0.207917 -1.372864 0.137263 -0.213748 0.202382 -0.696262 0.047642 -0.328555 0.476319 -0.888405 -0.376267 -0.113544 -0.434912 -0.470676 0.208679 -0.657771
-1.045788 -0.091793 -0.340265 0.216241 -0.220408 0.608056 -0.950426 -0.181976 -1.668092 -0.091241 -1.746024 0.061262 -0.331052 -0.712407 -0.308558 1.606001 -0.313023 0.109276 -0.064370 0.012714 -0.752467 0.797246 -0.217895 0.320833 0.175533 0.596693 0.107638 -0.300321 0.137637 0.037599 -0.362621 -0.238128
-0.311376 -0.212967 -0.149205 -0.122014 0.480541 -0.004272 0.011397 0.031045 0.300919 -0.141177 0.050519 -0.423182 0.197070 -0.115565 0.230924 0.033610 -0.196557 -0.124605 0.053186 0.107803 0.057941 -0.085031 0.293419 0.278002 0.122462 0.246561 0.274750 -0.126847 0.043091 0.135202 0.106942 0.205117
0.119579 -0.385957 -0.321583 0.573424 0.533308 0.096922 0.026124 0.187640 0.081479 -0.207759 -0.129785 -0.191894 -0.103634 -0.303036 -0.261983 0.069119 -0.124717 0.164868 0.096731 0.019052 -0.352246 0.068400 0.188584 -0.238030 -0.341308 0.261945 -0.049515 -0.280686 -0.238406 0.107587 0.285672 -0.524925
0.077972 0.040543 0.027051 -0.168643 0.113588 -0.222184 0.075527 -0.259226 -0.167864 0.222824 -0.063509 -0.151141 -0.017057 0.088434 0.229482 -0.382273 -0.269769 0.271837 -0.139743 -0.173914 -0.058103 -0.215667 -0.264662 0.248749 0.210573 0.228887 -0.195863 -0.398444 -0.084753 -0.164291 -0.247446 0.072419
0.489784 -0.630260 -0.085520 -0.387093 -0.235358 -1.199782 -0.626578 -0.683827 0.101249 0.400277 0.407349 -0.554120 0.150313 -0.630931 -0.455339 -0.698939 -0.663805 0.418970 -0.604732 -0.158250 -0.355826 -0.775486 -0.943605 -0.870077 -0.611169 -1.014687 0.427993 0.137087 -0.128661 -0.401359 -0.408169 -0.021002
-1.276121 -1.097596 -0.225352 -0.418136 -0.550484 -0.208005 0.161997 0.044519 -0.692532 -0.922882 -0.247952 0.179188 0.549007 -0.100588 -0.751546 0.078910 0.277189 1.046839 -0.384319 -0.287438 0.300033 -0.502734 0.111185 -0.587297 -0.355150 -0.223690 -1.482281 -1.018688 -0.031713 -0.818793 -1.276369 -0.025318
0.724158 0.779248 -0.736983 -0.474050 -0.436096 -0.249302 -1.150245 -0.719152 -0.297946 0.668379 0.247031 -0.443352 -1.966145 -0.228338 -1.082455 0.375344 0.160665 -0.299604 -0.442239 -0.086345 -1.064199 -1.314497 -0.815263 -0.284249 -1.513595 -0.369185 -1.496863 -1.128358 0.460482 -1.019832 -1.380694 -0.990532
0.191011 -0.802293 -0.770420 0.032473 -0.206414 -0.246073 -1.481773 -0.522782 0.669884 -0.722383 -0.180605 -0.560861 -0.089346 -0.744970 0.669313 0.290105 -1.526447 0.753553 -0.474864 -0.660299 -0.928575 0.206852 -0.601461 -0.171747 0.665143 -0.428287 -0.955272 -0.885361 -0.860480 0.239790 -0.894204 -0.491663
0.542438 -0.144389 -0.471569 -0.834559 -1.011572 -0.209839 0.941452 0.385251 0.292575 -0.489645 0.103282 -0.452138 0.499631 -0.362166 -0.174015 -0.316771 -0.125477 -0.071083 -1.145140 -0.247325 -0.160549 -0.166982 -0.866767 -0.932891 -0.781055 -1.212254 -1.204542 -0.036905 -0.469998 -0.886043 -1.196668 -0.831442
-1.529535 -0.583029 -0.436985 -0.363083 -0.171331 -0.084022 0.086800 -0.322066 -0.991722 -0.832532 -0.245191 -0.272679 0.521994 -0.098143 -2.051917 -0.345942 -0.187290 0.594281 -1.104200 -0.025502 0.353573 -0.535246 0.328584 -0.811373 -0.877698 -1.064719 -1.304450 -0.558683 0.144754 -1.117465 -0.393017 -0.065348
-1.233951 0.287835 0.289448 -0.029369 -0.064939 -0.126832 1.556111 -0.483871 -1.288321 -0.428212 0.714757 -0.395599 -0.170682 -0.541741 0.168590 -0.367519 -0.559973 -0.252931 0.155963 0.115046 0.984127 -0.203509 -0.140911 -0.562377 -0.472712 0.132533 0.412675 0.690911 -0.663270 0.692524 -1.827609 0.214048
1.512749 -0.640181 -0.639991 -0.475056 -0.620621 -0.806379 -0.978961 -0.564969 0.210470 0.550669 -1.045160 -0.854839 -0.783184 -0.414546 -0.206532 -1.616992 -0.666910 -1.234904 -0.902806 -0.403372 -0.544240 -0.235661 -0.933164 -1.340770 -0.629160 -0.928723 -0.867121 -1.760765 -1.827057 -0.540407 2.930569 -1.163152
