# year,price(label)
6.77 3.01
3.83 3.45
6.81 2.93
5.00 2.93
4.88 2.87
1.51 2.86
6.83 2.90
0.04 2.13
1.77 3.11
3.04 3.57
5.46 2.90
1.38 2.85
6.04 2.77
6.88 2.88
1.15 2.56
4.18 3.26
0.06 2.07
2.71 3.39
0.31 2.04
6.70 2.77
3.05 3.50
6.64 2.96
5.50 2.77
6.06 2.81
1.21 2.77
0.52 2.06
4.21 3.19
1.18 2.86
5.13 3.07
2.86 3.48
3.70 3.34
6.56 2.96
3.65 3.42
0.76 2.53
1.11 2.68
3.82 3.34
3.67 3.38
4.46 3.25
2.81 3.40
4.55 3.18
2.78 3.52
4.37 3.15
5.37 2.80
1.25 2.77
2.63 3.40
3.52 3.15
4.81 3.01
1.78 3.02
3.88 3.29
4.37 2.99
6.27 2.84
2.54 3.43
4.46 2.92
1.34 2.84
3.48 3.35
1.28 2.56
6.43 3.06
3.02 3.54
5.81 2.89
2.92 3.50
6.33 2.96
2.83 3.45
2.32 3.48
4.00 3.34
5.92 2.81
6.03 2.86
4.17 3.20
0.59 2.13
4.18 3.22
1.72 3.11
5.13 3.04
6.26 2.89
3.60 3.29
4.22 3.18
0.46 2.14
3.78 3.09
0.90 2.48
4.30 3.01
2.55 3.59
5.37 2.91
0.34 2.21
0.77 2.43
4.79 2.97
3.60 3.44
4.00 3.09
5.91 2.93
3.41 3.41
5.67 2.66
3.57 3.37
6.49 2.94
4.67 2.97
1.04 2.74
2.55 3.59
6.06 2.80
2.45 3.37
1.32 2.80
3.31 3.40
2.75 3.56
4.33 3.23
3.06 3.55
1.83 3.24
2.89 3.49
2.93 3.48
6.32 2.80
6.86 3.15
4.36 3.21
0.58 2.32
5.13 2.85
4.75 2.85
5.78 2.78
2.43 3.40
0.41 2.13
4.28 3.21
0.87 2.43
5.32 2.94
5.56 2.91
2.86 3.56
6.61 2.89
1.22 2.82
6.60 2.91
3.26 3.48
5.34 2.86
5.27 2.88
6.87 2.95
6.81 2.99
0.28 2.03
0.11 2.01
3.80 3.31
0.24 2.19
4.60 3.04
3.74 3.39
4.67 3.11
3.09 3.49
1.91 3.38
6.65 2.81
5.10 2.78
0.04 1.90
0.70 2.26
4.42 3.04
2.02 3.25
2.85 3.53
5.47 2.82
2.48 3.40
6.48 2.94
5.04 2.91
3.86 3.31
1.27 2.73
2.87 3.37
5.34 2.87
6.94 2.92
0.52 2.26
0.94 2.52
5.18 2.82
5.84 2.99
0.62 2.17
5.81 2.66
5.51 2.79
4.82 2.92
2.38 3.47
3.11 3.42
2.56 3.46
5.88 2.87
2.30 3.46
2.26 3.22
6.55 2.91
6.44 2.75
6.78 3.02
5.65 2.77
0.61 2.21
0.64 2.35
3.90 3.27
5.99 2.84
6.19 2.92
4.46 3.03
6.69 2.84
1.06 2.71
1.55 2.93
2.33 3.42
1.80 3.03
2.19 3.35
0.83 2.40
2.63 3.51
0.21 2.28
3.76 3.13
6.62 2.80
3.12 3.44
4.37 3.12
4.28 2.99
6.53 2.88
5.14 2.82
5.77 2.85
2.35 3.32
6.35 3.14
1.30 2.82
2.86 3.56
5.16 2.67
2.33 3.33
6.20 2.84
6.02 3.02
1.16 2.60
1.62 3.07
0.37 2.04
6.01 2.83
2.37 3.23
2.75 3.30
1.89 3.13
0.86 2.54
3.20 3.55
1.64 3.03
3.94 3.13
1.42 3.00
3.58 3.34
6.64 2.80
2.60 3.43
6.68 2.87
0.40 2.32
3.84 3.29
4.20 3.11
6.73 2.86
6.48 2.72
3.58 3.50
5.32 2.78
6.83 2.93
5.16 2.80
6.68 2.82
6.57 2.67
3.37 3.43
4.62 3.25
1.26 2.94
3.06 3.52
6.06 2.99
4.04 3.14
1.96 3.13
0.86 2.57
1.62 2.97
0.87 2.68
1.64 3.19
2.69 3.37
0.30 2.07
5.87 2.81
2.83 3.57
3.97 3.21
4.45 3.08
0.93 2.36
0.58 2.42
1.10 2.73
6.90 2.93
0.73 2.20
2.96 3.50
6.13 3.15
4.09 3.24
0.12 2.16
6.22 2.64
2.69 3.45
1.17 2.68
2.36 3.52
4.16 3.08
0.26 2.17
4.50 3.17
4.27 3.15
1.60 3.00
2.98 3.53
1.35 2.74
0.15 1.88
4.09 3.03
3.12 3.49
5.89 2.81
1.39 2.85
3.08 3.42
4.67 3.00
0.48 2.38
2.49 3.41
4.80 2.88
1.72 2.97
2.55 3.36
4.04 3.27
2.87 3.46
6.14 2.81
6.02 2.82
5.84 2.69
2.98 3.39
1.33 2.77
4.47 3.02
3.00 3.50
3.54 3.47
4.56 2.97
6.58 2.91
5.66 2.88
0.86 2.39
6.35 2.91
4.74 3.08
2.24 3.20
5.11 2.94
3.32 3.47
3.93 3.28
4.00 3.07
1.06 2.70
2.53 3.44
3.05 3.39
0.40 1.99
5.07 2.95
2.29 3.37
3.34 3.29
6.64 3.05
6.08 2.72
1.91 3.28
2.80 3.39
4.00 3.21
0.84 2.50
5.57 2.82
2.27 3.43
0.81 2.41
4.95 3.09
3.60 3.44
0.19 2.10
3.94 3.18
5.35 2.83
0.22 2.09
4.60 3.20
1.75 3.27
3.05 3.50
0.51 2.33
3.73 3.35
6.57 2.91
2.13 3.34
0.44 2.15
5.94 2.90
6.63 3.21
3.44 3.39
6.36 2.99
6.36 2.96
5.14 2.91
5.82 2.93
1.13 2.63
5.92 2.86
2.91 3.64
2.01 3.43
3.93 3.26
6.00 2.84
3.03 3.36
0.54 2.32
2.01 3.22
2.00 3.18
4.88 2.98
6.69 2.90
3.85 3.15
1.78 3.26
4.92 2.78
1.03 2.43
0.43 2.26
4.54 3.02
2.63 3.30
3.16 3.57
0.52 2.31
3.36 3.41
4.24 3.14
6.88 2.94
0.15 2.12
3.62 3.35
3.41 3.31
4.38 3.09
5.97 2.79
3.49 3.23
4.01 3.18
3.52 3.28
5.58 2.86
6.35 2.98
2.26 3.43
5.07 3.19
4.58 3.08
2.61 3.48
5.62 2.75
4.87 3.04
3.44 3.44
4.00 3.07
6.64 2.83
4.48 3.13
4.44 3.03
2.66 3.52
5.47 2.88
6.11 3.06
2.17 3.19
2.28 3.37
4.71 2.86
2.02 3.19
0.57 2.45
2.02 3.37
4.88 3.02
3.52 3.38
4.06 3.22
4.38 3.31
3.75 3.22
6.73 3.03
5.67 2.96
6.74 2.81
4.85 2.99
5.61 2.78
5.26 2.89
6.59 2.98
2.38 3.45
2.27 3.51
0.08 2.10
0.47 1.97
6.73 2.99
3.32 3.31
0.85 2.16
0.76 2.35
3.62 3.31
4.56 3.26
5.84 2.95
4.00 3.32
2.34 3.42
4.91 3.04
1.31 2.75
2.33 3.52
0.85 2.40
4.76 2.97
3.78 3.34
3.08 3.41
1.61 3.33
5.91 2.87
2.78 3.45
6.39 2.78
1.90 3.15
4.46 3.07
5.16 2.96
1.18 2.56
1.27 2.73
5.35 3.06
0.63 2.32
3.35 3.44
0.58 2.22
6.75 2.89
5.85 2.86
1.63 3.18
5.90 2.98
5.23 2.84
0.76 2.30
1.87 3.25
4.49 3.01
4.95 3.04
2.41 3.54
0.90 2.42
3.46 3.20
5.35 2.73
3.65 3.34
1.36 2.73
2.13 3.36
5.30 2.90
3.22 3.46
5.36 2.86
1.23 2.67
4.79 3.04
5.60 2.66
6.21 2.90
2.09 3.54
6.39 3.00
4.10 3.20
2.06 3.27
0.22 2.10
4.65 3.00
6.65 3.06
4.02 3.17
2.10 3.30
2.31 3.28
3.43 3.47
6.89 2.76
3.01 3.57
2.71 3.54
3.46 3.28
1.55 3.03
2.04 3.26
5.67 2.79
6.25 2.73
2.59 3.30
3.37 3.28
6.32 2.70
4.99 2.93
3.20 3.36
6.71 3.11
6.20 2.89
3.24 3.57
1.35 2.77
5.85 3.00
6.28 2.82
4.70 3.10
5.64 2.88
0.13 2.11
4.34 3.00
5.65 2.75
2.00 3.36
1.09 2.68
6.23 2.80
5.48 2.92
2.51 3.46
4.04 3.16
1.60 3.22
2.32 3.17
4.81 2.95
5.33 2.96
6.16 2.89
4.61 3.23
5.60 2.91
1.33 2.87
5.03 2.86
6.87 3.08
6.36 2.81
5.49 2.82
6.25 2.82
3.19 3.53
2.22 3.31
4.47 3.07
4.10 3.15
0.28 1.92
1.89 3.14
4.09 3.41
0.45 2.14
0.44 2.19
2.63 3.73
0.85 2.37
2.90 3.56
4.72 3.12
3.31 3.35
0.13 2.19
6.50 2.97
1.76 3.01
0.05 2.02
3.10 3.35
5.95 3.13
6.54 3.10
0.93 2.51
0.48 2.13
5.84 2.89
5.91 2.73
6.40 2.85
5.53 2.74
5.85 2.82
5.72 2.89
0.28 2.12
1.23 2.82
0.31 2.05
0.01 2.09
6.84 2.92
7.00 2.97
3.89 3.42
1.04 2.59
0.95 2.43
6.38 2.94
6.42 2.77
4.09 3.21
5.06 2.91
4.20 2.96
4.99 2.79
6.85 2.82
3.04 3.52
0.54 2.32
0.55 2.24
4.58 3.27
0.41 2.24
0.76 2.22
6.18 2.92
6.57 2.79
0.79 2.33
1.55 2.95
6.93 2.90
6.44 2.91
4.40 3.17
3.32 3.55
5.53 2.80
3.41 3.43
6.83 3.03
5.38 2.76
4.46 3.18
0.78 2.47
5.04 2.88
0.82 2.55
1.02 2.62
6.04 2.92
4.01 3.39
3.94 3.25
4.89 2.84
5.92 2.80
6.63 2.78
0.45 2.28
0.28 2.06
0.54 2.19
6.85 2.85
3.74 3.44
2.63 3.50
4.26 3.22
0.85 2.47
2.72 3.41
2.07 3.21
4.72 3.12
1.10 2.61
6.81 2.98
0.29 1.98
0.72 2.32
1.16 2.63
6.93 2.84
1.81 3.21
4.81 3.06
4.75 2.96
2.65 3.68
2.09 3.30
5.22 2.73
0.57 2.30
0.15 1.91
2.84 3.45
2.26 3.41
0.50 2.32
0.60 2.33
3.51 3.32
6.69 3.03
4.90 2.98
1.26 2.89
2.51 3.58
4.77 2.99
0.54 2.16
1.38 2.93
0.49 2.21
3.30 3.44
3.82 3.31
6.04 2.76
0.22 1.97
0.97 2.48
1.94 3.25
2.90 3.46
2.13 3.39
6.93 3.00
2.48 3.49
6.35 2.77
6.95 2.78
2.04 3.19
1.08 2.51
5.97 2.93
0.10 2.10
0.88 2.30
1.37 2.81
0.16 2.03
4.45 2.99
0.12 2.00
1.91 3.13
3.90 3.22
4.70 3.00
0.85 2.48
3.77 3.23
4.97 3.00
0.32 2.02
3.24 3.41
2.59 3.44
0.51 2.12
4.07 3.25
0.54 2.16
4.79 2.88
3.52 3.55
6.05 2.82
3.35 3.39
5.97 2.61
2.50 3.43
3.34 3.58
4.21 3.12
4.84 2.93
2.14 3.40
0.34 2.20
4.89 3.07
5.31 2.94
6.15 2.83
4.25 3.07
5.59 2.91
1.28 2.83
2.40 3.47
2.79 3.42
2.35 3.36
2.29 3.54
4.50 3.02
5.84 2.90
3.68 3.34
5.11 2.74
4.14 3.24
4.94 2.84
4.20 3.32
0.97 2.50
6.03 2.78
1.18 2.68
1.93 3.22
3.74 3.28
4.75 2.95
6.50 2.98
1.02 2.59
0.34 2.19
4.29 3.14
4.01 3.29
5.11 2.84
1.28 2.93
5.48 2.77
0.45 2.00
0.90 2.35
1.25 2.65
0.62 2.25
0.30 2.27
4.53 2.93
6.84 2.98
2.94 3.39
1.06 2.74
2.07 3.35
1.71 3.28
5.01 2.90
4.35 3.19
4.28 3.22
6.89 2.88
1.93 3.22
4.38 3.04
2.77 3.41
5.16 2.83
2.53 3.34
5.80 2.92
1.94 3.22
4.85 2.87
1.47 2.93
5.33 2.90
3.63 3.32
1.66 3.16
5.20 2.86
0.82 2.43
4.99 3.14
5.36 2.81
3.76 3.32
3.73 3.35
5.31 2.75
3.96 3.20
0.52 2.29
0.52 2.37
6.69 2.83
3.45 3.45
4.65 2.98
2.55 3.41
2.50 3.33
4.79 3.01
2.18 3.14
0.71 2.40
2.31 3.42
0.83 2.46
6.83 2.89
5.94 2.71
4.46 2.92
0.51 2.22
3.07 3.53
6.26 2.87
4.31 3.03
2.75 3.57
2.61 3.70
1.23 2.70
0.02 1.90
3.77 3.27
4.67 3.19
1.45 2.83
4.10 3.15
2.86 3.47
0.81 2.38
3.73 3.39
5.81 2.80
4.22 3.03
2.77 3.50
0.16 2.05
1.79 3.34
4.23 3.27
4.81 3.15
2.30 3.40
1.41 2.92
5.39 2.92
0.64 2.30
2.91 3.33
4.31 3.18
3.55 3.40
0.38 2.31
1.46 3.02
1.21 2.68
3.58 3.41
1.44 2.79
5.25 3.00
0.60 2.25
2.76 3.35
6.18 2.64
6.66 2.97
2.18 3.41
1.44 2.81
0.14 2.27
4.89 2.89
0.51 2.37
6.98 2.86
2.10 3.34
6.74 2.85
5.07 3.12
2.89 3.59
2.25 3.40
4.70 3.04
6.51 2.90
1.87 3.21
4.52 2.92
3.04 3.53
0.27 2.23
0.36 2.06
0.32 1.98
0.32 1.97
2.15 3.24
5.58 2.95
6.61 2.93
2.88 3.35
5.43 3.00
6.21 2.82
1.80 3.21
4.39 3.06
6.68 2.79
4.03 3.24
5.06 2.88
0.83 2.45
2.85 3.49
2.50 3.33
5.46 2.90
0.96 2.49
5.37 2.92
3.84 3.38
4.48 3.12
6.52 2.97
5.37 3.04
3.76 3.29
1.91 3.15
2.73 3.38
1.63 3.14
1.81 3.07
4.54 3.11
2.66 3.62
6.80 2.82
1.58 3.15
4.96 2.84
1.89 3.28
6.14 2.85
3.58 3.22
6.22 2.85
6.22 3.01
6.96 2.91
5.35 2.75
4.40 3.19
3.39 3.52
6.13 2.74
3.42 3.43
6.62 2.76
5.24 2.74
3.94 3.33
1.86 3.26
2.30 3.55
1.09 2.71
5.38 2.85
4.67 3.12
5.20 2.80
3.27 3.41
6.69 2.91
1.12 2.61
2.22 3.35
3.19 3.38
0.29 2.19
5.04 3.07
1.98 3.37
1.62 3.22
4.36 3.21
5.98 2.93
0.21 1.93
3.66 3.37
3.10 3.33
6.89 3.03
2.51 3.47
0.70 2.33
6.82 2.87
3.22 3.39
3.38 3.41
3.69 3.31
1.78 3.17
4.54 2.92
5.03 2.88
4.25 3.30
4.12 3.00
2.95 3.44
4.56 2.92
0.50 2.24
2.56 3.53
0.15 2.00
4.02 3.16
6.60 2.86
6.52 2.97
4.99 2.85
3.72 3.30
5.46 2.97
1.63 2.94
2.03 3.15
2.39 3.49
3.14 3.60
6.18 2.93
5.58 3.08
3.60 3.26
3.63 3.30
1.24 2.79
2.59 3.24
4.80 2.93
6.18 3.06
4.25 3.27
4.98 2.83
5.54 3.07
4.66 3.17
5.83 2.87
4.78 2.93
6.09 2.92
6.13 3.00
6.43 2.89
5.26 2.80
0.07 2.07
3.88 3.32
0.66 2.16
6.02 2.71
3.27 3.35
0.09 2.10
2.48 3.33
5.68 2.82
5.65 2.87
6.48 2.78
4.38 3.00
5.03 2.83
0.69 2.30
2.13 3.23
0.78 2.57
4.18 3.22
3.16 3.57
1.36 2.74
4.92 2.84
5.82 2.72
1.17 2.59
6.03 2.91
2.06 3.41
5.73 2.95
4.38 3.19
3.61 3.15
3.08 3.43
6.10 2.88
4.13 3.26
5.56 2.83
6.75 2.94
1.22 2.72
1.77 3.11
4.46 3.13
1.27 2.69
1.04 2.53
6.62 2.92
6.23 2.88
6.17 2.86
1.78 3.22
3.68 3.29
3.41 3.44
0.25 2.19
0.24 2.00
1.10 2.60
2.80 3.61
1.20 2.68
0.31 2.17
2.96 3.40
5.39 2.80
0.23 1.94
4.27 3.00
2.42 3.54
6.80 2.90
5.18 2.83
6.21 2.95
5.46 2.88
4.48 3.11
0.45 2.19
2.98 3.56
0.42 2.02
6.60 2.74
4.26 3.10
1.27 2.78
1.81 3.16
2.40 3.36
4.51 3.11
1.99 3.29
6.61 2.88
1.95 3.22
6.04 2.97
3.83 3.27
0.82 2.30
2.44 3.33
2.14 3.43
6.94 2.90
2.93 3.51
4.42 3.12
2.44 3.43
5.90 2.77
3.43 3.40
3.64 3.42
6.08 2.76
1.51 2.95
2.94 3.49
