1.000000 0.672485 0.326085 0.670045 0.335109
630.000000 0.248731 0.750740 0.271279 0.730808
1260.000000 0.182175 0.817437 0.196338 0.805173
1890.000000 0.117858 0.881891 0.124106 0.876849
2520.000000 0.091501 0.908304 0.092994 0.907722
3150.000000 0.084652 0.915168 0.083986 0.916660
3780.000000 0.077568 0.922267 0.078362 0.922241
4410.000000 0.075886 0.923952 0.075151 0.925427
5040.000000 0.068999 0.930854 0.068049 0.932475
5670.000000 0.066410 0.933449 0.065434 0.935069
6300.000000 0.064085 0.935779 0.065236 0.935266
6930.000000 0.069744 0.930107 0.073705 0.926862
7560.000000 0.063005 0.936861 0.061778 0.938697
8190.000000 0.082541 0.917283 0.089217 0.911469
8820.000000 0.070244 0.929607 0.068878 0.931652
9450.000000 0.056446 0.943434 0.059020 0.941434
10080.000000 0.055703 0.944179 0.057396 0.943045
10710.000000 0.059008 0.940867 0.059167 0.941288
11340.000000 0.058329 0.941547 0.059074 0.941380
11970.000000 0.059909 0.939964 0.063429 0.937059
12600.000000 0.056823 0.943056 0.058107 0.942340
13230.000000 0.060141 0.939731 0.059850 0.940611
13860.000000 0.065274 0.934587 0.063500 0.936988
14490.000000 0.054936 0.944947 0.056587 0.943849
15120.000000 0.056203 0.943678 0.059766 0.940693
15750.000000 0.058124 0.941753 0.062721 0.937762
16380.000000 0.056503 0.943377 0.057432 0.943010
17010.000000 0.056533 0.943347 0.059841 0.940619
17640.000000 0.057697 0.942181 0.058048 0.942399
18270.000000 0.057334 0.942544 0.061744 0.938731
18900.000000 0.056105 0.943776 0.058631 0.941820
19530.000000 0.065383 0.934477 0.070854 0.929691
20160.000000 0.058693 0.941182 0.057500 0.942942
20790.000000 0.055954 0.943927 0.057761 0.942683
21420.000000 0.055136 0.944747 0.058663 0.941789
22050.000000 0.052852 0.947035 0.053998 0.946417
22680.000000 0.071377 0.928471 0.078275 0.922327
23310.000000 0.051985 0.947904 0.056603 0.943833
23940.000000 0.051640 0.948250 0.054580 0.945840
24570.000000 0.054121 0.945764 0.060055 0.940407
25200.000000 0.058390 0.941485 0.064964 0.935536
25830.000000 0.049605 0.950290 0.053124 0.947284
26460.000000 0.052579 0.947309 0.058625 0.941826
27090.000000 0.048456 0.951441 0.052767 0.947639
27720.000000 0.049782 0.950113 0.055597 0.944830
28350.000000 0.047691 0.952208 0.051868 0.948531
28980.000000 0.050535 0.949357 0.056325 0.944108
29610.000000 0.046199 0.953703 0.051121 0.949272
30240.000000 0.045898 0.954004 0.049979 0.950406
30870.000000 0.045577 0.954326 0.051009 0.949383
31500.000000 0.047166 0.952734 0.050829 0.949562
