1.000000 0.574425 0.424354 0.590727 0.413817
630.000000 0.136097 0.863613 0.141794 0.859296
1260.000000 0.056708 0.943171 0.062709 0.937774
1890.000000 0.056397 0.943483 0.060993 0.939476
2520.000000 0.055218 0.944665 0.060278 0.940186
3150.000000 0.057666 0.942211 0.062921 0.937563
3780.000000 0.048473 0.951424 0.054982 0.945441
4410.000000 0.064563 0.935300 0.069094 0.931438
5040.000000 0.047450 0.952449 0.052453 0.947951
5670.000000 0.050842 0.949050 0.054544 0.945876
6300.000000 0.048855 0.951041 0.053193 0.947216
6930.000000 0.047575 0.952323 0.051959 0.948441
7560.000000 0.050267 0.949626 0.054166 0.946250
8190.000000 0.052048 0.947841 0.056669 0.943767
8820.000000 0.042003 0.957908 0.045177 0.955170
9450.000000 0.043208 0.956700 0.045901 0.954452
10080.000000 0.055424 0.944458 0.059442 0.941015
10710.000000 0.052351 0.947537 0.053748 0.946666
11340.000000 0.043497 0.956411 0.045147 0.955200
11970.000000 0.046980 0.952921 0.047999 0.952370
12600.000000 0.043379 0.956529 0.046641 0.953718
13230.000000 0.043600 0.956307 0.045857 0.954496
13860.000000 0.043656 0.956251 0.045988 0.954366
14490.000000 0.048599 0.951298 0.048711 0.951663
15120.000000 0.040137 0.959777 0.043211 0.957121
15750.000000 0.041560 0.958352 0.042421 0.957906
16380.000000 0.048357 0.951540 0.050633 0.949756
17010.000000 0.051612 0.948279 0.055055 0.945368
17640.000000 0.040615 0.959299 0.042701 0.957627
18270.000000 0.044337 0.955569 0.044964 0.955382
18900.000000 0.045304 0.954599 0.046083 0.954272
19530.000000 0.043726 0.956181 0.044584 0.955759
20160.000000 0.044943 0.954961 0.046793 0.953566
20790.000000 0.042999 0.956910 0.046887 0.953474
21420.000000 0.050249 0.949644 0.052175 0.948227
22050.000000 0.046339 0.953563 0.048160 0.952210
22680.000000 0.047791 0.952107 0.048400 0.951972
23310.000000 0.041392 0.958520 0.042547 0.957781
23940.000000 0.042792 0.957117 0.044604 0.955739
24570.000000 0.043067 0.956841 0.044660 0.955684
25200.000000 0.049775 0.950119 0.051382 0.949014
25830.000000 0.045939 0.953963 0.046335 0.954021
26460.000000 0.043560 0.956347 0.044042 0.956296
27090.000000 0.046753 0.953147 0.050035 0.950350
27720.000000 0.050154 0.949739 0.050830 0.949561
28350.000000 0.041475 0.958436 0.042067 0.958257
28980.000000 0.040333 0.959581 0.043134 0.957198
29610.000000 0.050577 0.949316 0.050812 0.949579
30240.000000 0.046195 0.953706 0.045470 0.954880
30870.000000 0.040049 0.959866 0.041053 0.959263
31500.000000 0.041748 0.958163 0.043194 0.957138
