630.000000 0.243348 0.759177 0.255929 0.732527
1260.000000 0.123633 0.877650 0.128463 0.865742
1890.000000 0.094875 0.906109 0.097287 0.898325
2520.000000 0.083394 0.917471 0.086826 0.909258
3150.000000 0.083526 0.917341 0.089394 0.906574
3780.000000 0.074751 0.926024 0.083340 0.912901
4410.000000 0.073249 0.927511 0.082291 0.913997
5040.000000 0.074723 0.926052 0.082328 0.913958
5670.000000 0.063235 0.937421 0.067875 0.929064
6300.000000 0.067964 0.932741 0.073274 0.923421
6930.000000 0.058330 0.942275 0.063081 0.934074
7560.000000 0.053121 0.947430 0.056443 0.941011
8190.000000 0.051502 0.949032 0.056506 0.940945
8820.000000 0.055774 0.944805 0.062044 0.935157
9450.000000 0.050252 0.950269 0.053679 0.943900
10080.000000 0.046641 0.953842 0.051823 0.945839
10710.000000 0.048696 0.951809 0.052863 0.944753
11340.000000 0.047149 0.953340 0.051477 0.946202
11970.000000 0.048493 0.952010 0.053198 0.944402
12600.000000 0.050453 0.950070 0.054117 0.943442
13230.000000 0.049087 0.951423 0.053018 0.944591
13860.000000 0.054918 0.945652 0.060786 0.936472
14490.000000 0.045851 0.954625 0.050436 0.947290
15120.000000 0.053212 0.947340 0.058810 0.938538
15750.000000 0.049649 0.950866 0.053587 0.943996
16380.000000 0.043501 0.956950 0.048033 0.949800
17010.000000 0.050308 0.950214 0.054484 0.943058
17640.000000 0.043522 0.956930 0.048081 0.949750
18270.000000 0.042254 0.958185 0.046480 0.951424
18900.000000 0.044103 0.956355 0.047818 0.950025
19530.000000 0.049545 0.950970 0.053715 0.943862
20160.000000 0.040514 0.959907 0.045619 0.952323
20790.000000 0.045272 0.955198 0.049122 0.948662
21420.000000 0.041742 0.958691 0.046725 0.951167
22050.000000 0.042149 0.958288 0.046637 0.951259
22680.000000 0.039293 0.961114 0.043826 0.954197
23310.000000 0.040234 0.960183 0.045489 0.952459
23940.000000 0.043179 0.957269 0.047114 0.950761
24570.000000 0.043807 0.956647 0.049753 0.948003
25200.000000 0.039027 0.961378 0.043110 0.954946
25830.000000 0.041952 0.958484 0.047395 0.950467
26460.000000 0.041871 0.958564 0.048091 0.949740
27090.000000 0.039422 0.960987 0.044783 0.953197
27720.000000 0.043590 0.956862 0.049493 0.948275
28350.000000 0.038901 0.961503 0.044406 0.953591
28980.000000 0.036891 0.963492 0.041096 0.957051
29610.000000 0.046810 0.953676 0.053295 0.944301
30240.000000 0.036728 0.963653 0.040898 0.957258
30870.000000 0.040019 0.960397 0.045248 0.952711
31500.000000 0.039427 0.960982 0.044310 0.953691
32130.000000 0.040168 0.960248 0.046028 0.951896
32760.000000 0.038302 0.962095 0.043960 0.954057
33390.000000 0.037513 0.962877 0.043188 0.954864
34020.000000 0.036471 0.963907 0.040892 0.957264
34650.000000 0.036718 0.963663 0.040417 0.957760
35280.000000 0.041221 0.959206 0.046773 0.951117
35910.000000 0.038517 0.961883 0.043471 0.954568
36540.000000 0.048314 0.952187 0.054219 0.943336
37170.000000 0.035120 0.965244 0.039432 0.958789
37800.000000 0.036929 0.963454 0.041671 0.956450
38430.000000 0.035628 0.964742 0.039986 0.958211
39060.000000 0.036008 0.964366 0.041608 0.956515
39690.000000 0.037152 0.963234 0.041783 0.956332
40320.000000 0.035677 0.964693 0.039802 0.958402
40950.000000 0.039502 0.960907 0.043764 0.954262
41580.000000 0.035925 0.964448 0.040506 0.957667
42210.000000 0.038213 0.962184 0.041352 0.956783
42840.000000 0.036120 0.964254 0.041257 0.956882
43470.000000 0.037656 0.962735 0.041571 0.956554
44100.000000 0.035499 0.964870 0.038944 0.959300
44730.000000 0.037539 0.962850 0.040598 0.957571
45360.000000 0.036147 0.964228 0.041591 0.956533
45990.000000 0.034700 0.965660 0.039597 0.958617
46620.000000 0.036503 0.963876 0.040762 0.957400
47250.000000 0.037993 0.962401 0.041184 0.956958
47880.000000 0.041962 0.958474 0.047459 0.950400
48510.000000 0.036194 0.964181 0.040299 0.957883
49140.000000 0.034552 0.965806 0.038903 0.959343
49770.000000 0.034968 0.965395 0.040476 0.957699
50400.000000 0.037170 0.963215 0.040460 0.957715
51030.000000 0.033705 0.966645 0.038244 0.960031
51660.000000 0.034188 0.966167 0.039012 0.959228
52290.000000 0.039120 0.961286 0.043999 0.954017
52920.000000 0.034172 0.966183 0.039866 0.958336
53550.000000 0.035312 0.965054 0.040084 0.958108
54180.000000 0.035276 0.965090 0.039434 0.958787
54810.000000 0.034287 0.966068 0.037412 0.960900
55440.000000 0.035245 0.965121 0.040176 0.958012
56070.000000 0.034858 0.965503 0.039594 0.958620
56700.000000 0.033891 0.966460 0.038099 0.960183
57330.000000 0.035921 0.964451 0.040273 0.957911
57960.000000 0.034929 0.965434 0.038185 0.960092
58590.000000 0.035954 0.964419 0.041628 0.956495
59220.000000 0.033717 0.966633 0.037710 0.960589
59850.000000 0.033517 0.966831 0.038662 0.959594
60480.000000 0.034244 0.966112 0.038766 0.959485
61110.000000 0.034068 0.966285 0.039231 0.959000
61740.000000 0.036254 0.964123 0.041651 0.956471
62370.000000 0.033662 0.966688 0.037537 0.960770
63000.000000 0.035033 0.965330 0.040193 0.957994
63630.000000 0.033382 0.966965 0.038227 0.960048
64260.000000 0.034475 0.965883 0.038084 0.960198
64890.000000 0.034754 0.965607 0.040490 0.957684
65520.000000 0.033913 0.966439 0.038643 0.959614
66150.000000 0.034479 0.965879 0.039130 0.959105
66780.000000 0.033342 0.967004 0.037996 0.960290
67410.000000 0.032875 0.967466 0.038044 0.960240
68040.000000 0.033276 0.967069 0.038528 0.959735
68670.000000 0.032764 0.967575 0.036988 0.961344
69300.000000 0.032589 0.967749 0.037822 0.960472
69930.000000 0.036111 0.964264 0.039226 0.959005
70560.000000 0.032496 0.967841 0.036342 0.962019
71190.000000 0.034187 0.966168 0.038535 0.959726
71820.000000 0.033287 0.967058 0.037414 0.960899
72450.000000 0.033554 0.966794 0.038455 0.959810
73080.000000 0.033548 0.966800 0.038348 0.959923
73710.000000 0.036527 0.963852 0.042377 0.955712
74340.000000 0.033694 0.966655 0.037644 0.960658
74970.000000 0.036307 0.964070 0.041066 0.957082
75600.000000 0.033298 0.967047 0.037985 0.960302
76230.000000 0.032771 0.967569 0.037494 0.960815
76860.000000 0.032862 0.967479 0.036698 0.961647
77490.000000 0.032773 0.967567 0.037046 0.961284
78120.000000 0.040984 0.959441 0.044998 0.952972
78750.000000 0.032919 0.967423 0.038309 0.959963
79380.000000 0.033074 0.967269 0.037306 0.961011
80010.000000 0.032575 0.967763 0.037323 0.960993
80640.000000 0.034642 0.965717 0.038844 0.959404
81270.000000 0.032830 0.967510 0.037783 0.960513
81900.000000 0.033945 0.966407 0.039311 0.958916
82530.000000 0.032992 0.967350 0.038155 0.960124
83160.000000 0.037515 0.962875 0.042250 0.955845
83790.000000 0.032590 0.967748 0.037032 0.961297
84420.000000 0.036790 0.963591 0.038683 0.959572
85050.000000 0.038723 0.961679 0.044995 0.952976
85680.000000 0.034655 0.965705 0.038630 0.959628
86310.000000 0.034149 0.966206 0.039916 0.958283
86940.000000 0.033079 0.967264 0.037936 0.960353
87570.000000 0.033366 0.966980 0.037654 0.960647
88200.000000 0.035226 0.965140 0.038691 0.959564
88830.000000 0.032157 0.968176 0.037252 0.961068
89460.000000 0.034311 0.966045 0.039503 0.958715
90090.000000 0.032153 0.968181 0.037005 0.961326
90720.000000 0.034191 0.966163 0.038455 0.959810
91350.000000 0.032069 0.968263 0.036989 0.961342
91980.000000 0.033717 0.966633 0.037962 0.960325
92610.000000 0.032544 0.967794 0.036612 0.961736
93240.000000 0.032627 0.967711 0.036761 0.961581
93870.000000 0.034097 0.966257 0.038504 0.959759
94500.000000 0.033093 0.967250 0.036735 0.961608
95130.000000 0.032208 0.968126 0.037252 0.961068
95760.000000 0.035408 0.964960 0.039252 0.958978
96390.000000 0.035332 0.965035 0.041334 0.956801
97020.000000 0.035729 0.964642 0.040402 0.957775
97650.000000 0.034492 0.965865 0.038721 0.959533
98280.000000 0.032691 0.967649 0.038298 0.959975
98910.000000 0.033589 0.966760 0.038141 0.960139
99540.000000 0.033985 0.966368 0.038899 0.959347
100170.000000 0.034562 0.965796 0.039908 0.958292
100800.000000 0.036548 0.963831 0.042274 0.955819
101430.000000 0.032535 0.967803 0.037411 0.960901
102060.000000 0.033244 0.967101 0.038189 0.960089
102690.000000 0.034797 0.965564 0.039852 0.958351
103320.000000 0.032970 0.967372 0.037518 0.960790
103950.000000 0.033737 0.966613 0.038055 0.960228
104580.000000 0.031828 0.968502 0.036965 0.961368
105210.000000 0.033961 0.966392 0.039463 0.958757
105840.000000 0.032762 0.967578 0.038433 0.959833
106470.000000 0.032118 0.968215 0.037193 0.961129
107100.000000 0.032972 0.967370 0.037967 0.960321
107730.000000 0.032521 0.967816 0.037403 0.960910
108360.000000 0.040182 0.960235 0.046494 0.951409
108990.000000 0.033205 0.967140 0.039124 0.959112
109620.000000 0.033083 0.967260 0.038983 0.959259
110250.000000 0.032734 0.967605 0.037478 0.960832
110880.000000 0.035394 0.964973 0.040213 0.957973
111510.000000 0.032828 0.967513 0.038323 0.959948
112140.000000 0.034842 0.965519 0.038707 0.959547
112770.000000 0.034885 0.965477 0.040284 0.957899
113400.000000 0.032231 0.968103 0.037850 0.960443
114030.000000 0.032120 0.968214 0.036796 0.961545
114660.000000 0.032041 0.968292 0.037148 0.961176
115290.000000 0.032093 0.968240 0.036681 0.961665
115920.000000 0.032638 0.967701 0.038243 0.960032
116550.000000 0.033383 0.966964 0.038203 0.960074
117180.000000 0.031723 0.968606 0.036626 0.961722
117810.000000 0.032108 0.968226 0.038086 0.960196
118440.000000 0.031899 0.968432 0.036734 0.961609
119070.000000 0.032444 0.967892 0.038047 0.960237
119700.000000 0.033806 0.966545 0.038539 0.959723
120330.000000 0.036952 0.963431 0.040647 0.957520
120960.000000 0.033732 0.966618 0.039424 0.958797
121590.000000 0.032776 0.967564 0.037600 0.960704
122220.000000 0.031876 0.968455 0.037274 0.961045
122850.000000 0.037657 0.962734 0.042390 0.955698
123480.000000 0.031933 0.968399 0.036780 0.961561
124110.000000 0.033275 0.967070 0.038874 0.959373
124740.000000 0.032276 0.968059 0.038155 0.960124
125370.000000 0.032985 0.967357 0.038401 0.959867
126000.000000 0.035599 0.964771 0.039766 0.958440
