-0.35 -0.02 0.53
0.41 1.02 0.64
-0.17 0.63 0.19
-0.57 -1.48 0.23
0.29 1.72 1.44
-2.03 2.27 0.01
-1.26 0.12 -0.59
-1.25 3.15 0.01
-0.34 -0.59 1.21
-0.53 0.97 0.46
-0.22 -0.14 0.63
0.43 1.04 0.69
0.81 0.91 0.45
0.49 -0.13 0.10
-0.64 -1.81 -0.06
0.71 0.20 0.25
-0.17 0.03 0.42
1.87 -1.75 -0.02
0.80 1.05 0.57
0.03 0.35 0.09
-0.09 2.56 0.31
-1.12 1.58 0.39
0.15 0.04 0.13
-1.30 1.66 0.24
0.42 -2.60 -0.21
-2.14 0.28 -0.21
-1.34 1.14 -0.06
1.66 0.30 0.49
1.75 1.60 0.11
1.51 0.25 0.61
-2.08 -1.20 0.04
-1.72 -1.19 0.16
-1.67 2.57 0.02
-1.95 2.08 0.02
0.28 -1.10 -0.45
-0.55 2.26 0.52
0.01 -0.29 0.51
-0.55 -0.23 0.74
-0.90 1.28 0.47
2.39 -1.54 0.01
0.71 -0.28 0.26
-1.14 -0.68 0.52
1.42 1.34 0.30
-0.76 2.68 0.12
-0.30 -0.91 1.00
1.65 1.52 0.16
-0.89 0.82 -0.11
-0.28 -1.32 0.04
-0.34 1.64 1.43
2.02 -0.67 0.18
2.30 -0.80 0.07
0.27 1.69 1.47
2.21 3.53 0.00
-1.57 1.51 0.06
-0.21 1.27 1.26
1.50 1.23 0.27
-0.27 -1.71 -0.55
0.41 -0.58 0.13
0.27 -1.85 -1.08
0.80 0.54 0.31
0.31 -0.41 0.21
-1.70 -0.35 -0.29
-0.43 -0.12 0.65
-0.84 -0.70 1.06
0.69 0.04 0.25
-2.00 0.72 -0.20
-0.94 1.14 0.25
1.38 0.65 0.48
0.43 -1.73 -1.14
2.84 1.58 0.00
-0.03 -0.60 0.75
-3.13 2.07 -0.00
1.16 0.30 0.63
0.24 0.60 0.07
-0.39 0.96 0.54
-1.54 2.38 0.05
-0.20 2.35 0.55
0.70 -1.00 -0.31
0.41 1.06 0.72
0.11 0.18 0.10
0.72 0.38 0.24
0.21 3.12 0.03
-1.19 0.02 -0.48
0.34 -1.92 -1.00
0.60 -2.72 -0.12
2.25 0.72 0.08
0.07 -0.12 0.31
-1.20 0.33 -0.61
1.36 -1.10 0.08
0.87 0.22 0.42
-0.64 -0.43 0.98
-1.39 0.61 -0.52
1.81 -2.23 -0.02
-1.95 1.42 -0.02
-0.72 0.42 -0.13
0.35 2.52 0.32
-1.20 0.72 -0.42
-0.20 -1.68 -0.66
0.59 2.67 0.15
-0.45 1.90 1.09
-1.47 -0.79 0.19
-0.70 -1.45 0.43
-0.11 2.68 0.21
1.33 -1.10 0.07
-1.19 2.13 0.22
1.76 1.34 0.14
-0.99 2.04 0.40
1.63 1.47 0.18
2.53 0.36 0.05
1.52 0.16 0.63
-0.20 -1.12 0.39
1.95 -0.23 0.31
1.35 -0.80 0.34
0.57 0.55 0.13
-0.19 2.27 0.67
-0.43 1.44 1.28
-0.14 -0.60 0.94
2.75 0.99 0.01
0.61 0.65 0.20
0.53 1.21 0.92
-0.54 0.72 0.12
0.39 -0.27 0.13
-0.31 0.73 0.26
-0.82 -0.30 0.50
0.12 -1.23 -0.51
-0.53 -0.09 0.54
0.16 1.59 1.57
-0.11 0.03 0.38
-0.80 0.04 0.01
0.61 -0.68 0.05
0.69 0.22 0.23
-3.25 0.19 -0.00
-0.28 0.50 0.16
-0.19 -0.84 0.91
-0.28 3.12 0.03
1.49 0.87 0.36
0.11 -1.14 -0.30
-0.47 -2.63 -0.08
-0.87 -0.52 0.77
0.75 3.11 0.02
-1.87 2.84 0.00
-0.35 -1.38 0.06
-0.70 -0.73 1.25
-0.45 0.48 0.11
-0.35 -1.79 -0.45
-1.35 1.05 -0.15
-1.34 0.26 -0.64
-0.05 -1.85 -0.88
-0.97 -2.21 0.03
1.65 0.83 0.30
0.40 2.15 0.77
-1.27 -1.04 0.55
0.61 -0.64 0.08
-0.25 -0.52 1.08
0.28 0.03 0.06
1.80 -1.77 -0.03
1.08 -1.91 -0.40
-1.04 -1.32 0.65
0.60 2.32 0.44
-0.48 1.24 0.97
1.20 0.89 0.44
-0.02 2.85 0.11
-1.83 -0.84 0.01
-4.00 -1.03 -0.00
-0.77 1.50 0.83
-0.95 -1.75 0.22
-0.90 1.30 0.49
2.53 0.28 0.05
0.15 0.49 0.04
1.02 3.40 0.00
-1.09 -0.28 0.00
0.77 0.62 0.30
-0.63 -1.42 0.41
-1.81 0.26 -0.43
-0.36 0.27 0.24
-0.05 1.48 1.58
-1.24 0.80 -0.36
1.67 1.46 0.16
0.07 -0.50 0.55
-1.78 0.63 -0.35
-2.83 -1.86 0.00
0.90 1.69 0.74
0.93 2.30 0.28
0.75 0.54 0.27
-1.05 0.69 -0.37
-1.03 0.38 -0.49
0.69 -1.55 -0.94
-0.46 0.84 0.32
0.02 1.98 1.21
0.80 -0.70 0.13
1.31 1.77 0.30
-0.87 0.81 -0.11
-0.16 1.75 1.50
0.33 0.20 0.01
-0.69 -0.04 0.29
1.15 0.28 0.64
-1.19 1.28 0.16
0.56 0.29 0.10
-0.47 0.94 0.45
1.51 -0.26 0.62
0.18 2.21 0.76
-0.71 0.85 0.10
-0.30 -1.70 -0.50
-1.43 0.40 -0.61
0.86 2.72 0.09
-0.15 -0.48 0.91
-0.23 -0.50 1.03
0.56 -0.36 0.15
0.66 1.48 1.05
-0.42 -1.20 0.60
-1.29 0.49 -0.59
1.37 0.61 0.50
0.54 0.72 0.21
0.22 -0.18 0.19
1.03 0.65 0.45
-0.27 1.24 1.18
1.87 0.20 0.36
-0.17 -0.47 0.93
-0.22 0.40 0.18
0.23 0.68 0.14
-0.34 -1.19 0.49
-0.12 0.64 0.19
0.22 -0.02 0.12
-0.74 -1.51 0.37
0.57 0.90 0.42
0.12 -0.34 0.39
2.31 0.74 0.07
-0.30 0.41 0.18
-0.81 1.19 0.47
-0.97 0.65 -0.33
0.54 -0.93 -0.26
0.39 0.70 0.15
-1.02 1.45 0.45
1.04 -0.71 0.30
-1.81 0.52 -0.37
-1.02 0.50 -0.46
-0.48 0.36 0.13
-0.02 0.21 0.18
-0.97 -0.87 0.95
1.64 -0.44 0.47
1.36 0.81 0.42
0.21 0.58 0.06
0.19 -0.38 0.32
0.03 0.57 0.11
0.11 0.88 0.46
0.95 -0.70 0.24
1.04 0.37 0.54
0.62 1.32 0.98
-0.36 -0.50 1.15
-1.67 1.55 0.04
-1.90 -1.57 0.08
0.30 0.80 0.28
-1.60 -0.38 -0.27
-0.60 2.37 0.38
1.33 1.24 0.37
0.46 1.25 1.03
0.14 1.13 0.98
0.20 0.82 0.34
0.80 0.09 0.37
0.80 -1.59 -0.81
-1.05 -0.26 0.03
-1.31 1.66 0.23
-0.95 0.97 0.01
-0.08 0.30 0.17
2.55 0.96 0.02
0.23 0.61 0.08
0.11 -1.06 -0.11
1.22 -0.20 0.69
1.08 1.94 0.41
-0.82 -0.78 1.13
-2.46 2.06 0.00
3.02 0.11 0.01
-0.45 1.36 1.18
-0.63 2.39 0.35
1.40 2.01 0.18
-1.20 0.41 -0.60
-0.41 1.66 1.34
-1.74 0.38 -0.46
1.08 1.69 0.53
-0.89 0.55 -0.32
0.07 0.30 0.08
0.89 3.35 0.01
-0.27 -0.63 1.14
2.65 0.44 0.03
-0.20 1.12 0.98
-1.93 0.17 -0.34
0.87 0.26 0.42
0.94 0.58 0.41
1.00 -1.33 -0.42
-0.93 -0.75 0.95
-0.71 0.27 -0.06
-0.22 0.42 0.17
0.94 -1.35 -0.51
-0.29 2.37 0.50
1.40 -1.81 -0.17
0.81 -0.03 0.38
0.60 1.08 0.68
-1.08 0.40 -0.53
-2.36 -0.40 -0.08
0.01 1.56 1.62
1.46 -0.61 0.47
0.89 1.99 0.55
-1.19 -0.43 0.10
0.72 0.45 0.24
-0.08 0.89 0.51
0.47 -0.49 0.13
-1.54 -0.30 -0.34
-1.30 -0.07 -0.49
-0.40 0.40 0.16
1.24 -0.10 0.71
-0.54 0.61 0.06
-0.00 1.16 1.09
1.43 -1.39 -0.08
-0.69 -1.95 -0.07
-0.66 2.16 0.56
-0.87 0.35 -0.31
1.30 -0.21 0.69
-0.66 2.09 0.65
-1.69 0.70 -0.36
-0.84 0.21 -0.20
0.21 0.78 0.26
0.12 2.11 0.96
0.60 0.46 0.13
1.34 -0.45 0.59
0.26 -0.35 0.23
-0.63 0.95 0.32
-2.28 -1.59 0.02
0.21 1.84 1.37
0.83 -1.55 -0.77
0.51 0.67 0.16
0.60 1.52 1.13
-0.82 1.42 0.71
0.63 -0.04 0.19
-2.11 -0.49 -0.13
-1.76 0.06 -0.46
-2.15 1.60 -0.00
0.92 -0.67 0.25
0.76 1.93 0.73
0.75 -0.78 0.02
1.98 -0.29 0.28
-1.43 0.16 -0.63
0.31 -0.55 0.21
-0.46 0.76 0.21
-0.82 -0.54 0.89
0.91 2.59 0.12
-0.45 1.43 1.25
-1.26 -0.44 0.02
0.86 0.94 0.47
-0.56 0.00 0.39
-0.15 0.64 0.20
0.97 1.55 0.68
-0.37 0.88 0.43
-0.43 -0.26 0.85
0.45 -0.39 0.14
1.88 1.04 0.15
-1.88 0.96 -0.16
1.92 1.04 0.13
1.16 2.64 0.06
0.53 -0.45 0.14
0.69 0.72 0.28
-1.41 0.35 -0.63
0.46 -1.20 -0.74
1.27 1.04 0.41
0.15 -0.55 0.43
-1.80 -1.86 0.07
-0.36 1.80 1.30
-1.64 0.09 -0.54
-1.46 -0.32 -0.30
-1.29 -0.31 -0.20
0.93 0.73 0.41
1.78 1.17 0.16
-0.22 1.15 1.02
1.26 0.33 0.64
-0.68 -0.15 0.47
-0.49 1.13 0.78
1.42 1.03 0.34
2.52 -0.16 0.05
1.45 0.19 0.66
-2.92 0.40 -0.01
-0.51 1.38 1.13
0.22 2.62 0.24
0.21 1.15 1.01
-1.15 0.65 -0.46
3.11 0.38 0.00
-2.29 -0.77 -0.04
-0.09 0.67 0.21
-1.15 -1.03 0.71
-0.47 0.85 0.31
-0.08 -1.41 -0.56
-0.89 -0.09 0.05
0.10 -0.79 0.39
-2.03 1.48 -0.01
-1.26 -1.50 0.39
0.31 -0.29 0.17
-1.63 1.22 -0.07
0.37 -1.66 -1.18
-0.79 1.06 0.31
-1.50 1.88 0.12
-0.06 -0.39 0.71
-0.94 0.44 -0.40
1.97 -1.00 0.12
0.06 0.01 0.23
1.88 -1.27 0.05
-1.11 1.00 -0.08
1.25 0.93 0.42
-0.05 1.57 1.61
0.80 1.00 0.52
-0.65 1.32 0.86
1.33 -0.18 0.70
2.42 2.40 0.00
-0.92 -1.08 0.96
-1.06 0.91 -0.15
2.41 -0.30 0.08
-1.37 -0.20 -0.39
-0.26 0.46 0.17
-0.82 -1.73 0.17
-1.90 -0.19 -0.31
-0.59 -1.12 0.97
-0.24 0.83 0.40
-2.69 -0.23 -0.03
1.21 0.88 0.44
0.06 1.05 0.82
-3.15 1.63 -0.00
-0.05 0.76 0.30
2.48 -1.40 0.01
-1.21 0.06 -0.53
0.03 1.73 1.54
1.93 -0.24 0.32
-2.83 2.20 0.00
1.44 2.91 0.01
2.18 0.68 0.11
1.75 0.03 0.48
-1.51 3.14 0.00
0.87 0.06 0.45
-0.25 2.50 0.35
1.77 0.60 0.32
1.32 0.17 0.70
-0.51 3.46 0.00
-0.08 1.44 1.54
-1.10 0.52 -0.51
-0.48 -0.39 1.03
-0.38 2.14 0.80
-0.01 0.14 0.21
-0.33 0.03 0.48
-0.97 0.59 -0.38
0.05 2.28 0.68
-0.58 1.16 0.72
-0.10 2.58 0.29
-0.99 0.58 -0.40
1.58 1.98 0.11
1.41 0.11 0.69
1.35 0.26 0.67
-1.28 2.31 0.12
0.24 2.28 0.65
-0.42 -0.36 1.00
0.02 1.39 1.49
0.57 1.62 1.18
0.95 -1.56 -0.61
-1.01 0.41 -0.47
1.43 0.20 0.66
1.50 0.91 0.34
1.37 -0.62 0.48
-0.78 -1.86 0.04
0.25 0.10 0.05
0.01 -1.67 -0.98
-0.87 -1.45 0.53
-0.98 0.84 -0.17
-0.07 2.08 1.03
-1.22 0.30 -0.62
-1.64 1.61 0.06
-0.32 0.76 0.28
-0.09 0.14 0.27
1.01 0.93 0.46
1.87 -0.02 0.38
-1.49 0.91 -0.28
0.30 2.18 0.79
0.71 1.48 0.98
-1.19 1.06 -0.06
-0.48 -0.45 1.12
0.07 1.60 1.61
-0.33 -1.15 0.57
0.83 1.12 0.62
1.93 1.87 0.04
2.26 -2.48 -0.00
-0.20 1.16 1.06
-0.47 1.17 0.88
1.14 1.34 0.50
-0.27 -0.55 1.12
-0.09 2.75 0.16
0.88 1.97 0.57
-1.03 2.08 0.35
1.74 0.38 0.41
-0.40 0.75 0.25
0.40 -0.26 0.12
-0.73 -1.35 0.62
0.35 -0.71 0.11
-0.99 2.47 0.16
-2.12 1.27 -0.04
-0.76 0.03 0.10
0.54 -1.36 -0.94
-1.84 0.96 -0.17
0.62 2.57 0.20
1.95 -0.04 0.32
-0.35 1.05 0.75
0.91 0.90 0.45
-0.35 3.27 0.01
1.12 0.25 0.63
-0.26 0.94 0.58
-2.56 0.11 -0.06
-0.59 0.61 0.01
1.45 1.19 0.30
-0.18 2.47 0.39
-0.89 0.84 -0.09
0.32 1.81 1.32
-1.70 -0.79 0.03
1.98 1.18 0.10
-1.16 2.21 0.20
0.61 -2.86 -0.07
0.34 -1.61 -1.18
-0.42 0.57 0.13
-1.50 -0.43 -0.20
0.08 2.22 0.77
-0.06 0.53 0.13
-0.08 2.13 0.94
-2.21 2.30 0.00
0.01 1.93 1.29
-0.18 1.83 1.39
-0.06 2.23 0.76
-0.06 -2.67 -0.15
-0.81 1.31 0.63
-1.58 -1.11 0.24
0.34 1.25 1.13
-1.35 -1.57 0.30
-1.11 0.35 -0.55
-0.02 2.32 0.61
1.95 2.07 0.03
0.63 -0.58 0.12
1.21 0.26 0.66
-0.37 0.11 0.38
-0.31 -1.83 -0.53
0.54 2.03 0.84
0.33 -1.01 -0.31
0.29 -2.12 -0.75
0.49 -0.19 0.12
-0.38 -0.54 1.20
-0.03 -0.32 0.60
0.00 0.20 0.17
1.91 -1.46 0.02
-0.10 0.17 0.26
0.11 0.45 0.04
0.94 2.01 0.49
0.93 0.90 0.45
0.91 -0.56 0.33
-2.00 1.12 -0.08
-0.14 1.21 1.17
-0.29 0.32 0.22
-0.21 -3.59 -0.00
0.33 -0.42 0.19
0.98 -1.88 -0.51
0.39 1.08 0.78
-0.62 -2.02 -0.15
-0.34 -0.39 1.02
-1.89 0.45 -0.34
-1.12 -0.27 -0.05
1.53 0.46 0.52
0.01 0.87 0.46
-1.79 2.59 0.01
-0.38 -0.02 0.53
0.27 -1.63 -1.18
0.40 2.26 0.61
-1.45 -0.67 0.10
-0.56 -1.00 1.15
1.59 0.95 0.29
3.45 0.23 0.00
0.02 0.38 0.09
-1.44 -1.74 0.20
-0.88 -0.19 0.21
-0.89 1.30 0.51
-0.30 0.98 0.63
1.13 -0.65 0.41
2.10 -1.01 0.08
-2.33 -0.08 -0.12
-0.16 1.36 1.43
0.40 0.81 0.29
-0.30 1.62 1.48
-0.30 1.09 0.86
-0.31 1.44 1.41
1.74 0.20 0.46
0.53 0.86 0.36
-0.73 2.79 0.08
2.18 -1.16 0.05
1.09 -0.02 0.65
-1.50 0.08 -0.59
-1.34 -0.60 0.15
0.12 -0.46 0.45
0.54 -1.02 -0.41
-1.39 0.92 -0.27
1.50 1.29 0.27
0.55 -0.36 0.15
1.10 -1.76 -0.43
-1.59 0.64 -0.44
-1.92 -0.30 -0.25
0.44 0.26 0.03
-0.08 -1.03 0.34
1.06 1.11 0.50
-0.92 0.24 -0.33
0.47 -0.05 0.08
-3.08 1.48 -0.00
-1.17 0.26 -0.58
0.53 -0.83 -0.11
-1.89 -1.44 0.09
-1.25 -0.20 -0.30
-0.38 0.63 0.16
0.67 -0.30 0.22
1.45 -0.37 0.60
-1.05 -0.98 0.85
-1.09 0.66 -0.42
2.13 1.85 0.02
3.02 -0.15 0.01
-0.34 1.77 1.35
-0.44 0.53 0.11
0.94 0.33 0.47
1.15 1.62 0.48
-1.39 0.46 -0.60
1.80 -1.90 -0.03
-1.72 3.42 0.00
-0.42 -0.51 1.19
-2.32 0.90 -0.06
1.39 0.52 0.54
0.91 1.73 0.71
0.99 0.82 0.44
-1.04 -0.27 0.07
0.57 -0.02 0.13
-1.55 -0.00 -0.55
0.29 0.26 0.00
1.93 2.91 0.00
0.80 1.51 0.89
-0.88 -0.70 0.98
1.78 -0.01 0.46
-0.55 2.46 0.32
-0.12 0.15 0.29
1.30 0.05 0.72
-1.30 -1.62 0.30
0.55 3.28 0.01
0.22 1.19 1.08
-1.23 -1.10 0.60
0.10 -2.27 -0.53
0.34 1.80 1.31
0.57 2.14 0.66
0.35 -0.93 -0.18
1.39 0.32 0.63
0.72 0.88 0.41
-0.25 -0.14 0.65
0.01 -0.42 0.61
0.89 1.36 0.73
-1.13 -0.89 0.72
0.75 1.60 0.95
-0.44 -0.51 1.19
0.04 -0.32 0.49
-1.88 -1.55 0.09
1.17 -2.04 -0.27
-1.56 0.47 -0.54
0.08 -1.58 -1.02
-0.23 0.46 0.16
1.35 0.32 0.64
0.11 1.42 1.51
1.20 -0.11 0.70
-0.15 -0.26 0.69
-0.59 0.98 0.41
1.13 0.97 0.45
-0.95 0.89 -0.08
-2.16 -0.60 -0.09
-2.76 0.87 -0.01
1.15 1.09 0.46
0.57 0.08 0.13
-0.58 1.10 0.62
1.10 -1.06 -0.05
1.72 -0.58 0.37
0.18 0.48 0.03
-0.72 -1.23 0.82
3.39 -1.16 0.00
-0.81 0.36 -0.23
0.53 0.33 0.08
-0.78 0.40 -0.21
-2.51 0.82 -0.04
-0.30 0.33 0.22
-0.53 -0.89 1.26
0.78 2.92 0.05
-0.11 -0.71 0.86
-0.62 2.49 0.26
1.50 -0.94 0.23
-0.68 0.30 -0.04
-1.58 0.79 -0.35
-1.25 1.06 -0.10
-1.60 0.94 -0.24
-1.62 1.15 -0.10
0.51 1.65 1.24
-0.63 -1.07 1.08
0.43 0.18 0.03
0.22 0.20 0.04
-2.00 0.14 -0.30
-0.54 0.98 0.46
-1.15 1.00 -0.11
-0.89 1.43 0.62
1.59 0.40 0.51
1.92 -0.51 0.27
0.98 -1.03 -0.12
-2.61 1.31 -0.01
1.08 2.03 0.36
0.95 0.04 0.53
1.58 -0.67 0.39
-0.66 -1.29 0.69
-1.96 -1.37 0.07
-1.54 0.04 -0.57
1.20 -0.36 0.62
1.58 0.20 0.58
1.20 -0.02 0.71
-0.83 -0.83 1.13
0.52 0.61 0.13
0.97 0.18 0.54
-0.78 -0.58 1.00
1.01 -0.45 0.48
-0.36 2.97 0.06
-0.10 -0.59 0.87
-1.02 0.92 -0.11
1.12 2.27 0.20
-1.09 -0.88 0.77
0.51 -0.43 0.14
-1.03 0.50 -0.46
-1.34 -0.98 0.45
-0.53 0.94 0.41
0.97 -0.63 0.33
-0.13 -2.05 -0.64
0.03 -0.32 0.51
0.47 -0.16 0.10
0.80 1.96 0.67
0.25 -3.00 -0.05
0.15 0.92 0.52
-0.54 -1.21 0.74
1.74 -0.52 0.38
-2.05 -0.82 -0.03
-1.82 -2.18 0.04
0.10 -0.90 0.22
0.08 0.99 0.69
-0.73 0.33 -0.12
0.92 -1.08 -0.23
-1.43 -0.47 -0.10
-1.07 1.45 0.39
1.11 0.20 0.64
-1.58 -0.77 0.09
1.01 -1.31 -0.40
-0.04 0.70 0.22
0.37 -0.92 -0.17
-0.17 -1.44 -0.42
0.46 0.27 0.04
0.93 1.33 0.68
-1.65 -1.54 0.17
-1.67 1.13 -0.11
0.99 -0.46 0.45
-0.31 -0.85 1.11
-1.31 -0.61 0.19
1.38 0.04 0.70
-0.97 1.77 0.57
0.40 0.09 0.04
-0.68 2.23 0.48
0.35 2.50 0.33
-1.88 1.72 0.02
-1.70 1.95 0.06
1.17 -0.11 0.69
-1.49 0.42 -0.59
1.60 -0.86 0.27
2.12 0.23 0.20
-0.68 0.46 -0.10
0.16 2.49 0.38
0.77 0.82 0.38
-0.52 -0.85 1.29
0.97 1.64 0.67
-0.97 1.49 0.55
-0.89 1.39 0.58
1.86 0.29 0.35
1.24 1.04 0.42
-0.62 -0.02 0.36
-0.77 2.18 0.47
0.31 0.71 0.17
0.92 2.04 0.49
0.70 0.76 0.31
0.97 0.35 0.49
-0.51 1.38 1.13
0.04 -1.32 -0.60
-0.00 -0.57 0.70
2.00 -1.06 0.09
1.26 -0.85 0.27
-0.76 2.29 0.37
0.12 1.70 1.55
0.80 -0.96 -0.18
0.25 0.42 0.00
-0.10 0.56 0.15
0.76 2.18 0.48
-0.04 1.75 1.53
-0.17 1.37 1.43
1.82 0.15 0.41
-0.93 0.21 -0.33
0.79 -1.36 -0.70
0.08 1.07 0.86
-0.15 -0.13 0.57
-0.40 -0.52 1.19
0.59 0.55 0.14
1.29 -0.46 0.58
-0.47 1.57 1.29
0.12 3.14 0.03
0.61 0.38 0.14
-0.40 2.60 0.24
-0.99 1.53 0.53
-0.14 0.90 0.53
1.88 1.04 0.15
-1.74 1.23 -0.07
-0.54 -1.22 0.72
-0.97 0.23 -0.38
-0.02 1.07 0.89
-1.54 -1.10 0.28
0.36 -0.45 0.18
-2.24 0.42 -0.15
1.53 3.82 0.00
-0.49 2.32 0.49
1.42 2.85 0.01
-0.98 3.03 0.02
-0.68 -0.65 1.21
0.12 -1.51 -1.01
0.21 2.42 0.46
-0.58 1.07 0.56
1.28 -2.75 -0.03
-0.47 1.60 1.29
-0.52 1.93 0.97
-0.50 2.43 0.36
-0.92 -0.48 0.62
1.99 -0.85 0.15
0.05 1.15 1.06
0.56 0.59 0.14
-1.24 1.94 0.26
-1.18 2.42 0.12
-0.62 -0.06 0.42
-1.23 0.14 -0.59
0.44 1.85 1.16
0.52 -1.59 -1.11
0.99 0.88 0.45
-1.65 1.66 0.06
2.36 2.05 0.01
0.62 -0.06 0.18
0.49 -1.03 -0.43
0.79 1.54 0.90
0.35 -0.42 0.18
0.06 -0.15 0.34
-0.17 3.17 0.03
1.20 1.13 0.44
-1.55 0.60 -0.48
-3.49 -1.89 0.00
-1.72 -0.14 -0.42
-1.24 0.51 -0.57
-0.58 -1.26 0.68
0.97 2.25 0.29
-0.52 0.93 0.40
-1.10 -1.01 0.78
2.14 0.33 0.17
1.05 1.76 0.53
0.85 0.79 0.39
-0.63 0.92 0.27
0.72 -0.83 -0.07
1.32 -1.39 -0.15
-1.70 2.13 0.04
-1.06 1.44 0.40
-1.63 0.95 -0.23
0.75 0.31 0.28
-0.77 -0.17 0.36
-0.74 0.96 0.21
-1.61 2.64 0.02
0.42 -2.33 -0.45
0.03 -0.63 0.64
0.65 0.43 0.17
1.85 -1.09 0.11
0.59 2.18 0.60
0.72 0.40 0.24
-0.62 0.66 0.01
-0.83 -1.83 0.10
-0.52 0.75 0.17
-0.64 1.32 0.88
1.13 0.51 0.54
0.12 1.40 1.48
-0.66 1.41 0.95
-1.95 1.35 -0.03
0.64 -1.38 -0.89
-1.66 -0.25 -0.37
0.54 -0.43 0.14
0.60 -1.41 -0.96
-1.37 -0.36 -0.20
-1.41 1.35 0.07
-0.28 1.41 1.41
0.99 -0.26 0.54
-1.16 0.52 -0.54
-0.93 0.79 -0.19
-0.75 1.10 0.42
0.64 1.26 0.90
1.40 -0.15 0.69
1.55 -1.31 0.01
1.82 1.62 0.09
-1.57 -0.58 -0.07
-1.16 0.15 -0.54
0.73 -0.39 0.26
1.31 -0.22 0.69
0.35 0.93 0.49
-1.34 0.36 -0.63
-1.32 -1.77 0.22
-2.14 -1.53 0.04
0.92 -0.01 0.51
-0.03 1.54 1.61
0.36 2.14 0.81
0.13 0.09 0.13
-0.40 1.69 1.35
0.13 2.24 0.74
1.91 0.30 0.32
1.94 -1.30 0.05
0.18 0.50 0.03
0.47 0.06 0.07
-0.07 0.90 0.53
0.53 -1.37 -0.96
-0.68 1.04 0.41
1.30 0.27 0.67
0.35 3.30 0.01
0.92 2.13 0.41
-1.66 1.90 0.07
-0.97 -0.39 0.40
0.29 -0.13 0.12
2.39 3.09 0.00
-1.86 1.96 0.03
-0.58 -1.39 0.42
-0.11 0.52 0.14
-1.15 0.71 -0.41
0.34 0.44 0.00
-0.42 0.51 0.12
0.25 0.62 0.08
0.14 -0.04 0.19
-1.62 -1.72 0.15
0.40 2.19 0.71
-1.52 -0.37 -0.26
1.30 2.62 0.05
-0.49 -1.15 0.82
0.68 1.90 0.85
1.25 -0.53 0.54
1.28 1.34 0.40
-1.06 2.61 0.09
-1.33 -0.14 -0.44
0.15 -0.11 0.21
-0.44 0.89 0.40
0.28 0.66 0.11
0.35 0.47 0.01
-0.14 2.88 0.10
2.10 1.26 0.06
-2.83 -0.15 -0.02
-1.00 0.71 -0.32
1.04 0.67 0.45
-1.02 1.12 0.13
1.07 0.48 0.52
-1.34 -0.35 -0.19
0.86 1.43 0.79
2.20 -1.11 0.05
-0.33 -2.71 -0.08
1.41 0.02 0.70
-1.54 1.01 -0.20
0.23 2.15 0.86
-0.73 -0.96 1.18
1.62 0.45 0.47
0.28 -2.08 -0.80
0.16 0.55 0.06
-2.26 1.09 -0.05
0.93 -0.15 0.50
1.17 1.18 0.46
1.19 0.25 0.66
0.65 -0.51 0.16
0.70 2.27 0.43
0.19 -0.93 0.00
2.23 -0.35 0.14
0.02 -2.65 -0.17
0.71 0.84 0.37
-0.41 -0.48 1.15
2.25 -0.64 0.10
1.01 1.13 0.54
0.32 -0.61 0.19
-1.43 0.32 -0.63
-2.10 0.44 -0.21
0.53 1.33 1.08
-0.08 -1.06 0.27
1.84 -1.25 0.06
-1.10 -0.84 0.73
-0.88 0.26 -0.28
0.65 -0.96 -0.28
-0.34 2.22 0.69
-0.17 2.30 0.64
-1.40 3.13 0.00
-1.29 -1.59 0.32
1.35 -1.40 -0.13
1.04 0.78 0.44
1.32 -1.03 0.13
-1.15 0.20 -0.56
-0.36 0.40 0.17
0.63 1.00 0.56
-0.07 0.71 0.24
-0.91 0.56 -0.33
0.19 0.42 0.01
0.49 -1.24 -0.79
-0.18 2.21 0.78
1.40 -0.75 0.38
1.49 1.55 0.23
1.22 1.59 0.43
0.62 2.71 0.13
-0.75 1.03 0.31
-2.66 0.44 -0.03
2.66 0.42 0.03
0.16 0.68 0.15
1.29 2.86 0.02
1.19 0.08 0.70
1.98 2.14 0.02
0.84 -0.68 0.19
0.11 1.09 0.90
-0.26 -0.13 0.65
-1.63 -0.91 0.14
-0.72 0.73 -0.04
-0.05 1.45 1.56
-1.50 -0.27 -0.36
0.97 -0.52 0.40
0.35 2.24 0.66
0.37 -1.42 -1.06
-0.94 0.54 -0.37
-0.16 1.91 1.29
0.57 1.59 1.18
0.05 -0.46 0.57
1.48 -0.40 0.58
-0.82 -4.00 0.00
-0.81 0.98 0.18
0.94 0.44 0.44
1.18 0.63 0.50
1.09 1.87 0.44
0.13 0.35 0.04
0.61 2.79 0.10
1.45 -0.32 0.62
1.10 -0.33 0.59
-1.52 0.81 -0.35
0.07 -1.16 -0.27
1.02 0.94 0.46
-0.55 0.44 0.05
-0.28 0.09 0.40
0.15 -0.05 0.18
1.18 1.12 0.45
-0.42 1.32 1.16
1.05 0.04 0.62
-0.01 -0.80 0.58
-1.99 1.05 -0.10
-1.33 1.57 0.20
-2.11 -0.60 -0.09
0.91 0.89 0.45
-1.62 -1.15 0.22
2.46 -0.75 0.04
0.80 -0.57 0.24
-0.61 0.60 -0.01
-0.03 1.06 0.87
1.06 1.21 0.54
1.81 1.36 0.12
-1.16 1.00 -0.11
-0.14 0.01 0.42
0.45 0.05 0.06
0.88 0.29 0.43
-0.21 -1.81 -0.68
-0.71 -0.03 0.24
1.26 2.46 0.09
-3.43 1.91 -0.00
2.46 0.68 0.04
1.05 -0.12 0.62
1.04 -1.95 -0.42
-1.12 0.34 -0.56
-1.47 -0.45 -0.16
-0.02 2.49 0.39
-0.39 -1.35 0.22
-1.23 1.50 0.26
-0.48 -0.42 1.08
0.73 0.50 0.25
-1.28 0.29 -0.64
-0.89 -2.00 0.05
-0.05 1.74 1.54
-0.71 -2.48 -0.05
-0.15 0.60 0.18
1.05 -1.50 -0.47
-0.47 -1.74 -0.25
0.70 0.86 0.39
1.91 1.71 0.06
0.07 -0.40 0.50
-0.03 -1.74 -0.94
0.67 1.78 0.97
4.00 0.56 0.00
-2.31 1.35 -0.02
0.95 -0.23 0.51
-1.61 0.68 -0.40
-0.48 -1.08 0.95
-0.66 -0.79 1.29
1.10 -1.38 -0.35
0.51 0.28 0.06
1.19 -1.89 -0.30
0.25 3.15 0.03
1.95 0.69 0.20
1.35 -1.77 -0.20
-1.60 1.02 -0.19
-1.38 1.14 -0.07
-0.66 -1.21 0.84
0.76 0.53 0.27
1.54 0.94 0.31
-0.95 -0.47 0.56
0.67 0.48 0.20
0.92 3.48 0.00
2.11 0.96 0.09
-0.73 0.10 0.06
1.91 0.08 0.35
0.13 1.15 1.03
0.15 1.71 1.53
-0.31 1.81 1.33
-0.16 1.39 1.47
-0.41 -2.42 -0.18
2.61 -1.98 0.00
-2.86 -1.38 0.00
-1.09 -0.49 0.33
-0.90 0.00 -0.10
1.23 0.01 0.71
-1.14 -1.69 0.30
2.39 -0.82 0.05
0.36 -1.42 -1.06
1.91 2.20 0.02
1.48 -1.74 -0.12
-0.21 -0.23 0.73
-0.16 0.46 0.15
-0.02 1.22 1.22
0.04 0.39 0.08
1.32 1.20 0.38
0.79 0.98 0.51
-0.40 0.03 0.47
-1.93 -0.82 -0.02
0.29 1.16 0.98
2.65 0.32 0.03
-0.47 1.34 1.12
0.21 2.04 1.05
-1.47 0.37 -0.61
-2.33 0.33 -0.12
0.59 0.40 0.12
-1.53 0.49 -0.54
1.37 0.15 0.69
0.33 1.72 1.40
-1.08 0.14 -0.46
0.49 -0.28 0.13
0.54 0.34 0.08
0.95 2.26 0.29
-1.44 0.45 -0.59
0.51 1.79 1.15
-0.48 0.51 0.08
0.57 1.50 1.17
1.68 0.57 0.38
-1.94 0.26 -0.33
0.18 1.12 0.95
-1.39 0.31 -0.64
-0.74 -0.86 1.23
1.67 1.83 0.11
-0.30 -1.07 0.69
-0.49 -1.63 -0.10
0.73 0.33 0.26
-0.56 1.72 1.14
-0.67 1.94 0.81
-1.02 -1.57 0.40
-1.51 -0.50 -0.12
-0.12 -0.71 0.89
-0.94 0.08 -0.24
-1.30 1.14 -0.05
0.05 0.46 0.07
-0.90 2.56 0.14
2.72 0.67 0.02
-1.90 0.25 -0.36
0.10 -0.86 0.28
0.75 -1.08 -0.40
-0.17 1.43 1.50
1.02 2.54 0.12
-0.51 2.15 0.70
-1.03 0.16 -0.42
-3.00 -0.28 -0.01
0.95 0.19 0.52
0.04 0.68 0.18
-0.02 -0.35 0.61
-0.58 -0.76 1.32
0.97 0.99 0.49
0.45 -3.41 -0.01
1.22 1.16 0.43
-0.07 0.12 0.27
1.89 -0.02 0.37
-0.19 -0.48 0.97
1.66 0.92 0.27
2.17 0.13 0.18
-0.73 0.05 0.11
-0.51 1.01 0.54
-0.06 0.01 0.35
0.57 1.98 0.88
1.09 -0.67 0.37
-0.05 1.35 1.44
-0.30 0.44 0.17
0.60 1.65 1.14
-1.57 0.37 -0.57
-0.87 -0.59 0.88
-0.30 0.12 0.38
0.23 -0.50 0.31
1.19 -0.49 0.55
0.07 1.13 1.00
-0.07 -0.67 0.82
0.66 -1.27 -0.75
-0.76 0.09 0.02
1.33 -2.30 -0.10
-0.67 -0.61 1.18
0.14 1.41 1.48
1.68 0.67 0.34
-0.59 -0.22 0.69
1.74 -1.96 -0.04
0.15 -1.88 -1.02
-0.58 0.48 0.00
0.04 -0.16 0.37
-0.37 -0.06 0.58
0.63 -2.69 -0.13
-0.06 1.34 1.43
0.30 0.34 -0.00
0.40 0.13 0.03
0.03 1.02 0.77
-1.89 2.35 0.01
0.70 -0.05 0.26
-3.67 1.14 -0.00
1.13 1.70 0.48
1.06 -0.57 0.43
0.76 2.09 0.57
0.72 2.36 0.33
0.14 -1.57 -1.08
1.36 1.02 0.37
-0.61 0.99 0.42
-1.51 -0.08 -0.52
0.10 1.36 1.44
-0.14 0.61 0.18
0.58 -0.07 0.15
-0.75 -0.38 0.76
1.31 1.69 0.33
2.01 0.55 0.20
-0.97 -1.74 0.24
1.14 -0.34 0.61
1.76 1.57 0.11
-1.61 0.22 -0.56
-1.42 0.05 -0.59
1.01 -0.27 0.55
0.02 0.43 0.09
-0.65 1.32 0.86
-0.92 -1.99 0.07
1.37 1.38 0.33
-0.68 -0.19 0.53
-0.04 2.08 1.04
-1.44 1.29 0.01
-0.75 0.38 -0.16
1.88 0.42 0.31
0.46 0.06 0.06
-0.13 -0.24 0.66
-0.58 1.70 1.11
-0.42 2.00 0.97
0.09 0.33 0.06
0.22 1.19 1.09
-0.51 0.14 0.27
0.88 -1.80 -0.66
-0.11 1.62 1.60
1.03 -1.36 -0.41
-0.87 -0.57 0.86
0.99 -0.65 0.32
-2.02 3.40 0.00
-1.60 0.43 -0.53
0.54 0.94 0.48
-1.32 3.08 0.01
-1.91 0.34 -0.35
-0.71 0.29 -0.08
0.26 -0.06 0.11
-0.46 -0.11 0.62
-1.02 -0.63 0.67
1.11 2.63 0.07
1.66 1.11 0.22
-0.79 0.43 -0.22
-0.25 -0.86 0.99
-0.39 -0.14 0.69
1.18 2.52 0.09
-1.41 2.23 0.10
0.29 -0.59 0.23
-0.92 0.11 -0.25
0.15 2.86 0.10
-0.26 0.64 0.20
-1.35 1.71 0.21
-1.58 0.80 -0.34
-0.56 0.45 0.03
0.30 -1.73 -1.16
1.25 -1.68 -0.29
0.42 1.60 1.36
-0.08 0.51 0.13
2.01 -0.53 0.22
0.52 0.90 0.42
1.82 0.41 0.35
0.22 -0.99 -0.15
0.40 -1.74 -1.14
-1.45 0.27 -0.63
-0.45 -0.74 1.31
0.36 -0.86 -0.08
0.14 0.07 0.13
2.02 -1.64 0.00
1.76 -1.10 0.12
-0.09 0.75 0.29
-0.46 1.16 0.86
-1.96 0.47 -0.29
1.14 0.43 0.57
-0.48 2.64 0.19
0.18 2.03 1.08
-1.09 -0.17 -0.17
0.13 -0.42 0.43
0.47 0.48 0.05
0.46 2.06 0.87
0.27 1.20 1.08
-2.17 1.37 -0.02
0.07 -1.74 -1.04
-0.18 0.71 0.25
1.19 1.01 0.44
0.39 0.95 0.52
0.68 -0.70 0.06
0.62 -0.53 0.14
0.87 0.40 0.39
0.36 0.18 0.02
-1.04 -2.41 0.02
-2.28 1.58 -0.00
-0.19 0.30 0.22
0.97 0.72 0.42
0.45 -0.26 0.12
-0.19 0.79 0.35
-0.58 2.55 0.23
1.08 -0.23 0.61
0.34 1.91 1.18
-1.49 -1.15 0.32
0.04 -0.71 0.58
0.62 0.44 0.14
0.93 0.01 0.52
2.25 -0.42 0.12
0.20 -0.87 0.10
2.42 -1.84 0.00
0.21 1.57 1.54
-2.82 2.21 0.00
-1.14 -0.89 0.70
-0.80 -0.22 0.41
-2.75 0.09 -0.03
1.45 1.70 0.23
0.51 1.61 1.25
0.65 -1.12 -0.54
-0.32 -0.24 0.82
1.97 -0.41 0.26
1.48 -0.85 0.30
-0.34 -0.23 0.82
0.37 -0.26 0.13
-2.34 1.95 0.00
0.52 1.22 0.94
1.63 -0.21 0.56
0.24 1.59 1.53
0.25 -0.75 0.19
-0.31 1.30 1.24
0.22 1.35 1.36
-1.95 1.49 -0.01
-0.49 0.51 0.07
-0.45 1.36 1.19
-0.29 -1.26 0.21
0.26 -1.00 -0.21
-0.68 0.88 0.17
-0.62 0.39 -0.02
1.77 0.36 0.40
-2.06 -0.15 -0.23
1.69 0.61 0.36
0.27 0.19 0.02
-0.54 -1.16 0.84
-0.93 0.21 -0.33
-0.18 0.89 0.50
1.56 1.67 0.18
-1.03 -0.55 0.53
0.61 0.77 0.28
-0.06 -0.39 0.71
-0.78 2.92 0.05
0.24 0.99 0.64
1.23 1.46 0.43
1.64 1.22 0.21
2.96 0.20 0.01
-0.02 1.07 0.89
1.73 2.09 0.06
0.77 0.07 0.33
1.67 1.13 0.21
0.75 0.77 0.34
0.13 0.45 0.04
0.16 -1.09 -0.26
0.60 -0.20 0.18
-1.26 -2.00 0.13
0.63 -0.42 0.18
-1.21 -0.47 0.13
-0.09 -1.14 0.11
-0.44 -0.26 0.86
-0.54 -1.95 -0.22
-2.55 0.46 -0.05
1.64 1.14 0.22
-2.00 0.45 -0.27
-0.39 -1.06 0.86
-0.79 1.49 0.80
0.88 2.40 0.23
0.78 2.25 0.40
-0.91 -0.53 0.72
-0.75 -0.17 0.38
-1.64 0.35 -0.53
-1.01 0.88 -0.14
0.48 1.16 0.87
-0.98 -0.20 0.06
0.57 0.95 0.49
-0.47 -0.62 1.29
-2.45 -0.75 -0.03
-0.26 0.65 0.21
1.27 0.24 0.68
0.15 2.97 0.07
-0.92 1.27 0.43
0.99 0.01 0.57
2.31 0.56 0.09
0.81 -1.56 -0.79
-0.28 -0.60 1.15
1.26 3.11 0.01
-0.34 -1.20 0.45
-1.08 0.86 -0.22
-0.18 -0.89 0.82
-2.00 -1.09 0.04
-2.51 0.56 -0.05
-1.64 -0.95 0.15
-0.51 -1.31 0.49
-1.92 1.10 -0.10
-0.93 -0.39 0.44
0.65 -1.00 -0.34
-0.30 0.72 0.26
0.84 2.48 0.20
-1.77 2.10 0.04
-0.48 -0.18 0.72
0.66 -0.05 0.22
-2.53 -0.60 -0.03
0.45 1.16 0.88
1.43 0.75 0.42
-2.07 0.00 -0.25
-0.01 -1.93 -0.86
1.63 1.33 0.20
0.67 -1.33 -0.81
-0.09 -1.60 -0.78
-0.87 -0.13 0.13
1.92 -0.06 0.34
-0.00 -1.73 -0.97
-0.75 -0.53 0.98
-2.30 -0.75 -0.04
1.99 1.52 0.06
1.29 0.25 0.67
0.11 1.54 1.59
1.06 0.94 0.46
0.09 0.96 0.62
-0.30 1.46 1.43
3.08 2.62 0.00
-1.51 -0.08 -0.52
-0.72 2.55 0.19
-0.07 1.41 1.51
-1.05 -1.24 0.72
-0.77 1.72 0.84
-0.07 0.58 0.14
-0.09 0.39 0.14
0.32 -0.65 0.17
0.51 -0.60 0.09
-0.87 -0.28 0.39
-0.76 2.28 0.37
-1.22 1.38 0.20
-2.40 0.96 -0.04
-1.24 1.51 0.25
-1.69 -1.66 0.14
0.48 -0.29 0.13
-0.01 -1.53 -0.85
0.45 1.12 0.82
0.97 2.20 0.32
-1.62 -1.77 0.14
0.82 -1.00 -0.21
-0.71 0.94 0.23
1.93 0.57 0.24
-0.65 -2.81 -0.02
0.03 0.10 0.20
0.03 0.21 0.14
-1.76 -0.50 -0.18
0.72 -0.39 0.25
1.57 1.16 0.25
1.87 -0.47 0.31
0.59 -0.04 0.16
0.23 0.74 0.20
0.45 2.22 0.64
-0.10 -1.15 0.10
-1.65 -0.64 -0.05
-0.60 -0.39 0.96
-1.07 -1.49 0.47
-0.76 0.62 -0.15
0.28 2.92 0.08
-0.17 2.02 1.09
0.17 2.65 0.23
0.12 0.58 0.08
0.15 1.85 1.38
-0.49 1.34 1.10
1.26 0.57 0.53
0.80 1.12 0.63
0.66 1.95 0.83
1.21 1.07 0.43
-0.07 1.68 1.58
0.35 -1.79 -1.13
1.49 -0.25 0.63
0.96 0.84 0.43
1.15 1.56 0.49
-0.14 -2.10 -0.59
-0.52 -0.16 0.66
0.85 0.58 0.35
-1.63 2.00 0.07
-1.67 0.13 -0.52
-0.61 -1.18 0.86
0.49 1.38 1.17
-0.82 3.57 0.00
-0.02 -1.09 0.05
-1.21 -0.02 -0.47
-0.11 0.16 0.27
0.99 -0.25 0.54
-1.23 1.10 -0.04
-1.20 2.21 0.18
0.35 1.45 1.37
-1.71 1.19 -0.09
1.80 2.64 0.01
-2.91 0.42 -0.01
-0.79 0.29 -0.18
1.31 0.73 0.46
0.54 2.28 0.51
-1.81 -0.03 -0.41
0.46 2.64 0.19
-0.41 -0.72 1.29
-0.47 1.55 1.29
-0.11 -0.55 0.89
1.62 -0.90 0.24
-0.94 0.62 -0.34
3.09 -0.00 0.00
-1.62 1.55 0.06
-0.12 -0.47 0.86
1.83 -0.72 0.26
-0.07 1.89 1.35
1.04 1.40 0.60
-1.10 0.39 -0.55
-1.43 -0.48 -0.09
-0.39 0.97 0.56
-0.81 -2.09 -0.02
0.72 -3.00 -0.03
-1.74 -0.47 -0.20
1.40 -0.36 0.62
-0.25 0.49 0.16
-1.76 -0.59 -0.12
-3.02 -1.40 0.00
1.25 1.43 0.41
-1.02 3.06 0.02
0.99 1.31 0.63
1.06 1.80 0.50
-0.93 -0.04 -0.10
0.56 0.80 0.30
-1.14 0.14 -0.52
1.22 1.10 0.43
-0.81 -0.74 1.12
1.56 -1.50 -0.05
0.54 -2.26 -0.51
-0.03 0.57 0.13
0.76 -0.24 0.31
0.13 -0.49 0.45
-1.29 -0.69 0.30
-0.53 -2.93 -0.02
0.43 -0.17 0.10
-0.81 -0.77 1.14
-0.55 -0.86 1.29
1.11 3.44 0.00
-0.60 -1.62 0.06
1.45 -0.02 0.68
-1.62 2.37 0.04
0.49 3.14 0.03
-2.39 0.40 -0.09
2.26 -1.63 0.01
-1.40 0.73 -0.43
1.15 -0.48 0.54
-0.09 0.94 0.61
-0.48 2.54 0.27
-1.05 0.40 -0.50
-0.12 -1.08 0.30
-1.67 -0.97 0.14
1.15 1.68 0.46
-0.30 -1.69 -0.50
-2.68 1.12 -0.01
0.50 -0.22 0.12
0.40 1.41 1.29
-0.68 0.54 -0.10
0.31 1.43 1.39
-0.30 0.50 0.16
-2.42 1.54 -0.01
1.05 0.81 0.45
0.76 -1.10 -0.42
0.17 2.00 1.13
-1.02 -1.89 0.15
-0.23 1.24 1.19
-0.32 2.67 0.19
0.49 3.00 0.05
0.01 -1.13 -0.09
-0.85 0.69 -0.20
-1.04 -0.63 0.63
-1.13 0.11 -0.49
-0.33 2.21 0.71
-0.10 -1.61 -0.78
-0.94 0.58 -0.35
-1.11 2.24 0.21
0.21 -0.16 0.19
-0.81 1.03 0.25
-0.13 1.43 1.52
-0.33 -0.43 1.06
0.56 2.35 0.42
0.76 -0.27 0.31
-1.38 1.28 0.03
0.20 0.98 0.64
1.10 -1.87 -0.40
-0.22 -0.44 0.97
-0.69 2.49 0.24
-1.61 -2.14 0.06
-1.88 1.23 -0.06
3.67 0.93 0.00
-0.49 2.88 0.08
-0.59 0.88 0.26
0.71 0.06 0.26
-1.28 -0.16 -0.38
-1.05 1.67 0.48
-0.81 0.96 0.15
0.69 1.51 1.02
1.18 0.04 0.70
-1.59 0.90 -0.27
0.33 -0.48 0.20
0.12 1.69 1.56
-0.03 -0.45 0.70
0.69 -1.26 -0.70
0.38 -0.03 0.06
0.89 0.74 0.39
-1.39 -0.75 0.25
0.19 -0.39 0.33
1.82 1.12 0.15
0.97 1.04 0.51
0.45 1.63 1.32
-1.14 0.63 -0.47
0.25 1.25 1.19
-1.27 -0.25 -0.26
-1.26 1.99 0.23
1.92 -0.10 0.34
0.23 0.03 0.08
2.26 1.14 0.04
3.03 0.02 0.01
1.52 0.40 0.54
-2.11 1.25 -0.04
-1.39 0.39 -0.63
0.49 2.45 0.34
-0.01 -1.31 -0.48
-1.10 -0.96 0.77
-0.08 1.83 1.43
-0.72 -0.82 1.25
-0.92 -0.19 0.13
1.49 1.44 0.25
-1.71 -0.77 0.01
-0.28 0.99 0.66
0.16 3.42 0.01
-0.06 -1.63 -0.85
0.33 1.55 1.44
1.56 0.98 0.30
-0.85 -2.13 -0.00
-0.47 -1.45 0.14
1.09 2.37 0.17
-1.62 1.29 -0.03
0.16 -1.34 -0.79
-0.08 -0.05 0.41
0.26 0.57 0.05
2.27 -0.24 0.13
-0.25 0.50 0.16
0.43 1.94 1.06
-3.37 -1.29 -0.00
-1.22 -0.26 -0.19
-0.68 0.91 0.21
-0.10 1.78 1.49
1.95 -0.21 0.31
-0.37 -0.40 1.05
-0.23 2.32 0.59
-0.45 -1.26 0.53
-1.51 -0.61 -0.01
0.48 0.46 0.06
0.08 -0.30 0.43
-0.24 -0.31 0.86
0.35 -3.48 -0.00
2.18 1.85 0.02
-0.66 2.80 0.09
-2.25 0.83 -0.09
0.68 0.34 0.21
-0.36 1.79 1.30
-1.67 1.19 -0.08
-0.33 0.48 0.16
-1.20 -0.53 0.22
1.70 0.49 0.41
-0.07 -0.22 0.57
-0.88 0.25 -0.28
-0.99 0.09 -0.32
0.52 0.26 0.07
1.17 0.13 0.69
-0.07 -0.05 0.41
-2.41 -1.26 0.01
-0.92 0.08 -0.22
0.51 2.51 0.28
1.70 1.05 0.21
0.44 2.18 0.69
-0.30 0.85 0.41
-1.35 1.79 0.21
-0.28 -2.67 -0.11
-0.21 0.45 0.16
1.69 0.87 0.27
-0.60 -0.83 1.31
-0.17 -1.77 -0.74
0.25 0.72 0.18
-0.74 0.16 -0.01
0.61 -0.24 0.18
-1.50 0.95 -0.25
-0.22 0.63 0.20
-2.20 -1.37 0.03
0.79 1.79 0.81
-0.69 0.20 0.02
0.44 1.05 0.70
-0.35 0.09 0.41
0.66 -0.90 -0.19
0.62 -0.69 0.04
-0.48 -0.19 0.74
-0.29 0.81 0.36
1.46 0.95 0.34
-0.80 1.65 0.81
-0.56 -0.41 1.03
2.73 4.00 0.00
0.39 -1.96 -0.94
-0.31 1.31 1.26
-0.63 0.85 0.18
-0.55 0.42 0.05
-1.34 1.36 0.10
-0.81 1.22 0.51
0.97 -2.16 -0.34
0.41 0.36 0.01
-1.68 1.85 0.06
-1.81 2.70 0.01
0.31 -2.81 -0.10
-1.19 1.64 0.33
-1.14 1.35 0.26
0.61 -0.65 0.07
1.20 0.49 0.57
-0.03 2.01 1.16
-0.55 0.80 0.19
0.55 0.92 0.45
0.37 1.07 0.77
-0.65 -0.53 1.12
1.43 1.53 0.27
1.84 0.06 0.41
-0.91 -0.16 0.11
-1.04 -0.31 0.13
0.14 0.38 0.03
1.03 -0.20 0.59
0.58 1.34 1.04
-0.52 -0.74 1.33
1.29 -1.17 -0.01
-1.09 0.76 -0.33
-0.73 -0.21 0.49
2.04 1.86 0.03
-1.89 -1.23 0.09
-0.80 -1.32 0.71
-1.24 0.86 -0.30
-1.18 -0.87 0.62
0.60 0.41 0.13
2.51 -0.24 0.06
-2.38 1.95 0.00
0.10 0.59 0.09
1.34 -1.49 -0.17
-0.66 0.05 0.22
1.15 1.68 0.46
-0.23 -1.23 0.17
1.33 -0.16 0.70
-0.28 -1.36 -0.03
0.24 -2.18 -0.67
2.78 -1.17 0.01
0.95 -0.80 0.14
-1.83 1.72 0.03
-0.24 -1.26 0.13
-0.53 -0.74 1.33
-1.09 -1.61 0.36
-2.33 0.12 -0.13
-0.20 1.13 0.99
-0.17 0.92 0.57
1.33 -0.76 0.37
2.24 1.74 0.02
0.19 2.37 0.53
0.55 -1.52 -1.06
0.05 2.02 1.13
-0.02 -0.10 0.40
0.51 -1.07 -0.49
0.80 1.59 0.89
0.19 -0.14 0.19
-0.05 0.02 0.33
0.98 -2.06 -0.40
0.37 0.92 0.47
-0.46 -0.02 0.51
0.44 0.47 0.04
0.65 -0.36 0.20
0.84 0.74 0.36
1.79 2.17 0.04
0.60 -1.96 -0.82
-0.78 0.88 0.07
-3.42 0.79 -0.00
-1.17 -0.32 -0.05
-0.22 1.22 1.16
0.34 0.16 0.02
0.36 -0.65 0.14
0.35 0.80 0.27
-2.00 0.39 -0.28
0.09 0.10 0.15
0.26 0.31 0.00
-0.13 1.10 0.94
-1.07 -0.57 0.49
1.50 -0.13 0.65
-2.23 0.20 -0.17
-2.48 -0.18 -0.07
1.05 0.68 0.46
-0.09 0.30 0.17
-0.01 1.68 1.59
1.55 -3.08 -0.00
-0.33 1.55 1.45
0.47 0.91 0.44
0.87 1.48 0.79
2.32 1.64 0.01
-1.59 0.48 -0.52
0.48 1.17 0.88
-0.21 1.22 1.18
-0.33 0.33 0.21
0.80 1.32 0.80
-0.97 1.31 0.42
0.10 0.23 0.08
1.60 0.15 0.58
0.34 0.58 0.06
0.67 2.18 0.54
0.21 0.77 0.25
-0.34 -1.12 0.65
-0.26 0.41 0.18
-0.48 0.95 0.47
0.35 3.52 0.00
-1.67 -0.20 -0.40
-0.08 -0.50 0.80
-1.11 -1.96 0.14
-0.75 0.59 -0.15
1.33 1.63 0.33
1.62 -2.60 -0.02
-1.62 -0.42 -0.24
-0.36 -1.27 0.33
-0.30 -1.40 -0.07
-1.53 -0.57 -0.06
0.92 1.12 0.57
-0.52 0.66 0.09
0.08 0.17 0.13
-0.26 0.54 0.16
0.39 -0.40 0.16
0.19 3.24 0.02
0.60 -0.12 0.17
-1.11 -0.07 -0.31
-0.18 0.04 0.41
0.39 -0.39 0.16
0.24 1.15 0.99
0.91 -0.56 0.33
-2.26 -0.46 -0.10
-1.05 -0.10 -0.20
0.53 -1.19 -0.70
-0.78 0.29 -0.17
-0.64 -0.20 0.60
-0.23 -0.39 0.93
-0.75 -0.48 0.92
-0.12 -1.72 -0.80
0.30 1.00 0.65
-0.21 0.20 0.29
-1.25 -0.94 0.55
2.82 -1.26 0.00
-2.38 0.02 -0.11
0.19 -1.24 -0.64
-1.19 1.98 0.28
0.81 1.54 0.88
-2.43 -0.18 -0.08
-0.01 -0.54 0.70
-1.24 -0.43 0.01
2.13 0.81 0.11
1.75 1.51 0.12
-1.65 -0.76 0.04
1.28 1.41 0.39
1.10 -0.96 0.07
0.28 1.41 1.40
0.50 -1.63 -1.12
0.02 -0.36 0.55
0.79 1.32 0.82
-3.11 1.63 -0.00
-0.81 -0.10 0.18
0.66 0.44 0.18
-0.05 -0.32 0.62
1.65 -2.01 -0.06
-1.82 -1.02 0.08
0.73 -0.78 0.01
-1.19 0.50 -0.57
0.84 1.07 0.58
0.83 0.30 0.38
-0.77 -0.23 0.46
-0.41 0.54 0.12
2.11 2.09 0.01
-2.42 1.49 -0.01
1.20 0.12 0.70
1.48 -1.13 0.09
0.84 2.23 0.38
-1.24 0.68 -0.46
0.40 1.29 1.15
-0.17 0.56 0.16
0.18 -0.12 0.20
0.74 0.71 0.30
-1.02 -1.04 0.87
0.78 3.04 0.03
-0.54 1.11 0.69
0.99 -0.36 0.51
-1.27 1.95 0.23
-0.16 2.01 1.12
-1.64 0.14 -0.55
-1.12 -0.42 0.19
-1.90 -0.32 -0.25
0.88 1.28 0.71
1.26 0.42 0.61
-0.26 0.33 0.21
0.94 2.17 0.36
0.15 3.37 0.01
0.76 0.02 0.32
0.66 0.94 0.47
0.19 -0.96 -0.03
0.34 1.24 1.10
2.74 -1.29 0.00
1.39 -0.60 0.49
0.19 0.49 0.03
-2.66 0.75 -0.02
0.35 0.89 0.43
1.13 0.73 0.46
1.03 0.87 0.45
2.09 -0.03 0.23
-2.35 1.60 -0.00
0.78 -0.96 -0.18
-0.06 -0.48 0.77
-1.13 -0.67 0.53
0.68 1.22 0.82
0.51 -1.13 -0.60
-1.07 0.51 -0.49
-2.13 -0.12 -0.20
0.55 -2.21 -0.55
-1.63 -0.14 -0.45
-2.13 -0.01 -0.22
-1.37 2.51 0.06
1.22 2.28 0.16
0.52 1.07 0.71
-0.08 -1.48 -0.67
-0.76 1.77 0.82
0.44 0.15 0.04
0.81 -0.18 0.37
1.06 -0.03 0.64
-0.21 -1.29 -0.01
0.45 1.22 0.98
1.49 0.80 0.38
1.29 -0.18 0.70
1.87 0.51 0.29
0.19 0.31 0.02
1.31 -1.12 0.05
-1.54 1.34 0.01
0.77 0.38 0.30
-1.71 -0.26 -0.35
0.60 -0.59 0.11
-0.67 -2.08 -0.11
1.59 0.01 0.60
-2.08 -0.43 -0.15
-1.73 0.92 -0.22
-0.39 -0.84 1.22
-0.17 0.06 0.39
-0.66 0.73 0.02
-1.40 1.57 0.16
0.61 -1.17 -0.64
0.43 0.60 0.09
1.94 0.37 0.28
0.11 -2.47 -0.32
-0.91 0.98 0.07
0.13 1.06 0.84
1.67 -0.49 0.44
-3.66 -0.33 -0.00
-3.20 -1.75 0.00
-2.45 1.15 -0.02
-2.30 -0.28 -0.11
-3.79 -1.22 -0.00
-2.17 0.07 -0.20
-2.97 1.36 -0.00
-3.37 2.23 -0.00
-3.75 3.37 0.00
-2.49 2.45 0.00
-3.47 3.92 0.00
-3.72 0.33 -0.00
-3.31 -2.26 0.00
-3.94 2.79 0.00
-3.48 0.57 -0.00
-3.88 -3.15 0.00
-2.42 0.36 -0.09
-2.19 1.68 0.00
-2.50 -1.96 0.01
-2.28 -0.20 -0.13
-3.71 2.60 0.00
-3.95 -1.18 -0.00
-2.31 -3.70 0.00
-2.62 -1.37 0.00
-2.99 3.76 0.00
-3.02 -3.91 0.00
-3.00 -1.87 0.00
-2.11 -1.91 0.03
-3.43 0.05 -0.00
-3.66 -2.57 0.00
-2.43 -1.38 0.01
-3.33 -2.43 0.00
-2.42 0.27 -0.09
-3.25 1.26 -0.00
-3.33 -0.68 -0.00
-3.28 -3.23 0.00
-2.32 -0.72 -0.04
-3.40 -1.18 -0.00
-2.51 1.88 0.00
-3.17 3.00 0.00
-2.62 -0.42 -0.03
-2.55 1.00 -0.02
-2.09 2.84 0.00
-3.78 -3.06 0.00
-3.89 -2.03 0.00
-3.99 1.00 -0.00
-3.56 -2.60 0.00
-3.92 -0.34 -0.00
-2.52 -2.80 0.00
-3.95 0.03 -0.00
-3.02 -3.42 0.00
-2.28 3.54 0.00
-3.64 -3.57 0.00
-2.22 -1.12 0.01
-3.78 1.81 -0.00
-3.17 0.48 -0.00
-3.89 -2.21 0.00
-3.19 -0.02 -0.00
-2.33 0.18 -0.12
-2.03 3.13 0.00
-3.02 3.59 0.00
-2.50 -0.66 -0.03
-3.23 0.16 -0.00
-3.11 -3.59 0.00
-3.02 0.29 -0.01
-3.66 -2.68 0.00
-3.39 3.77 0.00
-2.57 1.53 -0.00
-2.82 -2.39 0.00
-3.37 2.53 0.00
-2.85 2.85 0.00
-3.26 -1.54 0.00
-2.93 -3.97 0.00
-2.21 -0.28 -0.14
-2.10 -0.61 -0.09
-2.38 3.13 0.00
-2.05 1.38 -0.02
-3.12 -2.01 0.00
-3.82 2.83 0.00
-2.59 3.78 0.00
-2.68 1.40 -0.00
-2.85 1.36 -0.00
-2.59 -0.50 -0.03
-3.56 -1.85 0.00
-3.40 1.48 -0.00
-2.57 -3.70 0.00
-2.32 -2.45 0.00
-3.77 0.94 -0.00
-3.77 1.12 -0.00
-3.03 2.34 0.00
-3.65 -3.13 0.00
-3.66 3.13 0.00
-2.52 -3.68 0.00
-2.18 1.09 -0.06
-3.85 2.07 -0.00
-2.63 1.07 -0.01
-3.05 -0.81 -0.00
-2.01 -3.32 0.00
-2.60 -3.58 0.00
-2.84 -3.52 0.00
-3.70 2.64 0.00
-3.25 0.71 -0.00
-3.53 3.21 0.00
-2.43 3.90 0.00
-2.58 3.78 0.00
-3.69 -0.68 -0.00
-3.58 1.09 -0.00
-2.73 -2.76 0.00
-2.24 -2.11 0.01
-3.76 -3.15 0.00
-3.88 1.90 -0.00
-2.57 2.90 0.00
-3.16 0.94 -0.00
-3.21 -2.92 0.00
-2.38 0.20 -0.10
-2.74 -1.49 0.00
-3.51 3.57 0.00
-2.48 -3.24 0.00
-3.31 -3.58 0.00
-2.43 -0.53 -0.05
-2.35 0.92 -0.05
-3.69 -2.50 0.00
-3.65 2.02 -0.00
-3.61 -3.83 0.00
-2.10 -3.92 0.00
3.82 -0.25 0.00
2.69 -1.74 0.00
3.02 -2.16 0.00
3.43 1.61 0.00
2.21 0.76 0.09
2.76 -0.98 0.01
3.68 -3.09 0.00
3.51 -2.73 0.00
2.94 3.55 0.00
2.57 -0.53 0.04
3.97 -1.42 0.00
3.43 -0.62 0.00
2.08 2.62 0.00
2.11 -1.33 0.03
2.16 0.59 0.13
2.52 2.06 0.00
2.26 -1.62 0.01
2.78 0.64 0.01
2.91 3.64 0.00
2.86 0.63 0.01
3.43 -3.83 0.00
2.97 -0.46 0.01
3.63 -2.73 0.00
2.82 -1.51 0.00
2.97 3.14 0.00
2.17 -1.95 -0.00
2.65 0.39 0.03
3.30 -3.51 0.00
2.71 3.51 0.00
3.94 -2.70 0.00
2.83 -1.17 0.00
2.96 -3.62 0.00
2.46 1.04 0.03
2.82 2.28 0.00
2.47 -2.13 -0.00
2.47 3.20 0.00
3.70 0.90 0.00
2.52 -3.82 0.00
3.13 -3.90 0.00
3.09 1.81 0.00
2.18 0.13 0.17
2.31 -1.78 0.00
3.70 1.51 0.00
3.92 -3.16 0.00
3.69 0.68 0.00
3.95 1.21 0.00
2.42 -0.61 0.06
2.64 -2.78 -0.00
2.80 2.11 0.00
2.92 0.81 0.01
2.58 3.52 0.00
2.57 2.08 0.00
2.97 2.64 0.00
2.97 1.71 0.00
2.25 -1.01 0.05
3.41 -0.55 0.00
2.47 -2.11 -0.00
3.41 3.06 0.00
3.24 3.71 0.00
2.11 -0.10 0.21
3.06 -2.97 0.00
3.44 -2.43 0.00
2.96 -3.94 0.00
2.60 0.04 0.04
2.76 -3.52 0.00
3.37 1.66 0.00
2.70 2.45 0.00
2.83 0.62 0.01
3.58 0.86 0.00
3.65 -3.84 0.00
2.95 0.82 0.00
3.03 1.47 0.00
3.09 -1.73 0.00
2.50 1.98 0.00
2.96 0.92 0.00
3.92 -3.93 0.00
3.10 -1.67 0.00
2.03 3.44 0.00
2.91 -0.54 0.01
3.47 1.30 0.00
2.70 -3.83 0.00
3.12 -0.48 0.00
3.99 -1.21 0.00
3.00 -1.61 0.00
3.18 -3.49 0.00
3.78 3.75 0.00
2.85 -1.31 0.00
3.61 3.21 0.00
2.92 0.51 0.01
3.00 0.28 0.01
3.48 -3.17 0.00
3.75 3.34 0.00
2.35 -2.48 -0.00
3.52 0.84 0.00
2.14 -1.22 0.04
2.91 0.86 0.00
2.30 -1.81 0.00
3.50 0.07 0.00
3.28 -1.10 0.00
3.02 2.82 0.00
2.51 -0.32 0.05
2.95 0.86 0.00
3.20 3.82 0.00
2.94 -2.29 0.00
2.52 3.70 0.00
2.64 1.55 0.00
3.21 -3.14 0.00
3.93 2.20 0.00
2.42 -2.76 -0.00
3.48 2.69 0.00
2.96 2.45 0.00
3.24 -3.07 0.00
3.12 -0.64 0.00
3.78 -0.29 0.00
3.53 -3.91 0.00
2.09 -0.09 0.23
3.93 -2.01 0.00
3.80 0.25 0.00
3.57 2.72 0.00
2.03 -1.20 0.06
3.28 0.14 0.00
2.29 -2.39 -0.00
2.51 1.42 0.01
3.17 3.15 0.00
2.68 -2.94 -0.00
1.23 -3.01 -0.01
0.49 -2.72 -0.13
-1.43 -3.36 0.00
-1.59 -3.68 0.00
0.70 -2.54 -0.20
-0.14 -3.40 -0.00
-0.57 -2.46 -0.10
0.72 -3.77 -0.00
0.15 -3.32 -0.01
0.90 -3.31 -0.01
0.10 -3.86 -0.00
0.83 -2.54 -0.17
-1.23 -2.62 0.02
1.95 -2.34 -0.01
1.71 -3.78 -0.00
0.45 -3.62 -0.00
-1.89 -2.29 0.02
0.09 -2.11 -0.73
-1.89 -3.90 0.00
-0.12 -3.95 -0.00
1.32 -3.72 -0.00
-0.14 -2.19 -0.51
-0.08 -3.49 -0.00
0.73 -2.09 -0.57
-1.51 -2.95 0.01
-1.55 -2.18 0.06
-1.47 -2.10 0.09
-1.28 -2.92 0.01
-0.69 -2.63 -0.03
0.96 -2.40 -0.20
-1.58 -2.82 0.01
1.04 -2.38 -0.17
-1.23 -3.28 0.00
-1.34 -2.90 0.01
-1.80 -2.90 0.00
0.25 -2.70 -0.16
-0.38 -2.80 -0.05
-0.14 -2.29 -0.41
-1.12 -3.59 0.00
1.93 -3.29 -0.00
0.20 -2.12 -0.75
1.28 -2.09 -0.18
-0.75 -2.62 -0.02
-1.48 -3.62 0.00
-0.42 -2.17 -0.30
-1.70 -3.65 0.00
-1.08 -3.97 0.00
-1.37 -2.51 0.03
-0.63 -3.45 -0.00
0.23 -3.91 -0.00
0.72 -2.32 -0.35
1.62 -3.36 -0.00
0.03 -2.16 -0.64
-1.18 -2.66 0.02
-0.27 -2.43 -0.24
1.12 -3.71 -0.00
1.56 -2.32 -0.05
0.59 -3.93 -0.00
-0.15 -3.12 -0.02
-1.74 -3.49 0.00
0.47 -2.59 -0.21
-0.31 -3.70 -0.00
0.91 -3.16 -0.01
-1.33 -2.26 0.06
1.43 -2.24 -0.09
1.52 -3.83 -0.00
1.15 -2.67 -0.06
1.63 -3.91 -0.00
-0.96 -2.84 0.01
-1.21 -2.14 0.08
1.05 -2.87 -0.03
-1.08 -3.60 0.00
0.03 -2.50 -0.28
-0.08 -2.92 -0.06
-0.24 -3.21 -0.01
-0.46 -3.38 -0.00
0.10 -2.53 -0.26
0.50 -2.11 -0.70
0.13 -3.19 -0.02
1.75 -2.08 -0.03
1.64 -3.17 -0.00
-1.71 -3.93 0.00
1.65 -3.99 -0.00
-0.32 -3.29 -0.01
1.67 -2.04 -0.05
1.03 -2.70 -0.07
-0.59 -2.50 -0.08
-0.27 -3.74 -0.00
1.59 -3.79 -0.00
1.81 -2.03 -0.03
-0.61 -2.21 -0.14
-0.84 -3.27 0.00
-1.73 -3.03 0.00
0.89 -2.17 -0.39
0.83 -2.90 -0.05
1.30 -3.85 -0.00
1.22 -2.50 -0.08
-1.45 -3.15 0.00
0.93 -2.78 -0.06
0.39 -3.67 -0.00
-1.16 -3.72 0.00
0.68 -2.13 -0.57
-0.47 -2.38 -0.17
1.95 -2.79 -0.00
-1.99 -2.08 0.03
1.06 -2.35 -0.18
1.86 -3.38 -0.00
-0.21 -2.20 -0.44
0.74 -3.34 -0.01
-0.62 -3.10 -0.00
0.11 -3.73 -0.00
-0.64 -2.24 -0.12
-0.36 -3.31 -0.00
0.70 -2.46 -0.25
0.56 -2.82 -0.09
0.83 -2.66 -0.11
1.88 -3.48 -0.00
1.24 -3.40 -0.00
1.61 -3.82 -0.00
1.84 -2.96 -0.00
0.77 -2.93 -0.04
1.26 -3.15 -0.01
0.26 -2.49 -0.31
-1.49 -2.61 0.02
1.49 -3.09 -0.00
1.03 2.23 0.27
-1.58 3.16 0.00
-0.81 3.78 0.00
-1.48 2.37 0.06
1.47 2.06 0.13
1.53 3.08 0.00
1.47 3.62 0.00
-0.94 2.09 0.41
0.79 3.97 0.00
-1.61 2.14 0.06
-0.30 3.03 0.05
0.89 3.36 0.00
1.97 3.31 0.00
0.70 3.58 0.00
1.54 2.99 0.01
0.47 3.67 0.00
-1.52 3.75 0.00
1.90 2.47 0.01
-0.75 3.88 0.00
-1.91 3.86 0.00
0.99 2.04 0.42
-1.99 3.56 0.00
1.92 3.51 0.00
-0.32 2.51 0.33
0.87 3.73 0.00
-1.24 3.12 0.01
0.01 3.02 0.05
0.11 4.00 0.00
1.55 2.50 0.04
0.35 2.03 0.99
-1.33 2.66 0.04
0.72 3.41 0.00
-0.30 3.29 0.01
0.66 3.40 0.01
1.92 3.65 0.00
-0.46 3.44 0.01
-1.75 2.37 0.02
0.60 3.06 0.03
-1.96 2.25 0.01
1.56 3.30 0.00
0.87 3.82 0.00
-1.35 3.60 0.00
-1.85 3.48 0.00
-0.07 3.09 0.04
-1.14 2.56 0.08
-0.68 2.16 0.55
0.28 3.66 0.00
-0.37 2.05 0.94
-0.12 3.33 0.01
1.35 3.84 0.00
-1.43 3.59 0.00
0.99 3.17 0.01
-0.90 3.35 0.00
-0.57 3.13 0.02
0.22 2.59 0.27
0.30 3.81 0.00
0.12 3.47 0.01
-1.99 2.92 0.00
1.46 3.00 0.01
1.29 2.52 0.07
0.47 2.44 0.37
0.17 2.98 0.06
1.78 2.87 0.00
0.92 3.69 0.00
-0.69 3.84 0.00
1.74 3.00 0.00
0.45 3.15 0.03
-0.18 3.61 0.00
-1.58 3.06 0.00
-1.36 3.77 0.00
0.45 3.02 0.04
0.79 2.97 0.04
-1.15 3.19 0.01
-1.73 3.24 0.00
-0.29 3.76 0.00
0.32 2.87 0.09
-1.78 3.77 0.00
-1.68 2.46 0.02
-0.53 3.25 0.01
1.45 3.39 0.00
-0.31 3.96 0.00
1.72 2.71 0.01
-1.89 2.80 0.00
-0.49 3.08 0.03
0.54 2.16 0.65
0.67 2.24 0.48
-0.01 3.99 0.00
0.40 3.55 0.00
1.56 3.51 0.00
-1.56 3.11 0.00
0.17 3.21 0.02
0.21 3.67 0.00
-0.52 3.45 0.01
-1.66 3.50 0.00
0.22 3.71 0.00
0.38 3.26 0.02
-1.83 3.53 0.00
-0.97 3.81 0.00
-1.41 3.71 0.00
1.76 3.86 0.00
1.53 3.24 0.00
0.59 2.13 0.66
-0.48 3.56 0.00
1.12 3.72 0.00
1.07 3.65 0.00
1.32 2.23 0.14
0.40 2.48 0.34
0.29 3.79 0.00
-0.03 2.15 0.90
0.28 3.26 0.02
-1.40 2.15 0.12
-1.75 3.57 0.00
-0.08 3.32 0.01
1.91 3.12 0.00
-1.49 2.12 0.09
1.45 3.46 0.00
1.87 3.16 0.00
-0.85 2.13 0.44
-0.32 3.20 0.02
0.78 2.31 0.35
-0.74 3.71 0.00
-0.47 2.32 0.50
1.46 2.61 0.03
1.83 2.63 0.01
1.33 3.82 0.00
