# Price,Label
2.32 0.00
2.44 0.00
1.17 1.00
1.29 1.00
2.67 0.00
1.10 1.00
2.31 0.00
2.47 0.00
2.33 0.00
1.13 1.00
2.40 0.00
1.13 1.00
1.10 1.00
0.96 1.00
2.12 0.00
2.33 0.00
2.47 0.00
2.36 0.00
0.98 1.00
2.33 0.00
1.39 1.00
1.12 1.00
1.89 0.00
2.78 0.00
2.37 0.00
1.17 1.00
2.62 0.00
2.63 0.00
2.05 0.00
1.40 1.00
2.69 0.00
1.14 1.00
2.21 0.00
1.04 1.00
2.71 0.00
1.92 0.00
1.12 1.00
2.09 0.00
1.76 0.00
2.23 0.00
2.34 0.00
1.10 1.00
2.08 0.00
1.16 1.00
1.01 1.00
2.50 0.00
2.51 0.00
1.13 1.00
1.11 1.00
1.06 1.00
0.87 1.00
2.14 0.00
2.60 0.00
1.07 1.00
1.02 1.00
1.92 0.00
2.26 0.00
2.12 0.00
2.20 0.00
1.05 1.00
1.26 1.00
2.59 0.00
2.51 0.00
0.93 1.00
2.41 0.00
2.47 0.00
2.43 0.00
0.83 1.00
2.01 0.00
2.34 0.00
2.06 0.00
0.90 1.00
2.06 0.00
2.49 0.00
2.37 0.00
1.78 0.00
2.64 0.00
1.14 1.00
2.45 0.00
2.52 0.00
2.13 0.00
1.02 1.00
2.58 0.00
2.43 0.00
2.00 0.00
2.42 0.00
2.32 0.00
2.32 0.00
2.40 0.00
2.12 0.00
2.53 0.00
2.61 0.00
2.66 0.00
0.94 1.00
2.20 0.00
2.27 0.00
1.00 1.00
1.01 1.00
1.24 1.00
2.49 0.00
2.54 0.00
2.17 0.00
2.37 0.00
2.20 0.00
2.18 0.00
0.99 1.00
2.38 0.00
1.17 1.00
2.37 0.00
1.50 0.00
2.45 0.00
1.23 1.00
2.19 0.00
0.99 1.00
1.90 0.00
2.22 0.00
2.38 0.00
1.02 1.00
2.18 0.00
1.31 1.00
1.10 1.00
2.14 0.00
0.86 1.00
1.13 1.00
1.08 1.00
2.10 0.00
2.26 0.00
2.30 0.00
2.00 0.00
1.10 1.00
1.02 1.00
2.55 0.00
1.10 1.00
2.46 0.00
2.52 0.00
2.46 0.00
1.02 1.00
1.96 0.00
2.29 0.00
2.66 0.00
1.25 1.00
2.36 0.00
2.41 0.00
0.99 1.00
2.52 0.00
2.44 0.00
1.05 1.00
2.23 0.00
0.96 1.00
2.16 0.00
2.06 0.00
1.08 1.00
1.14 1.00
0.98 1.00
2.33 0.00
2.45 0.00
2.56 0.00
1.06 1.00
2.39 0.00
1.24 1.00
2.27 0.00
1.12 1.00
0.93 1.00
2.31 0.00
2.38 0.00
1.91 0.00
2.19 0.00
2.38 0.00
1.05 1.00
1.03 1.00
1.07 1.00
2.45 0.00
2.62 0.00
2.36 0.00
0.99 1.00
2.07 0.00
2.34 0.00
2.02 0.00
2.89 0.00
1.07 1.00
2.43 0.00
1.16 1.00
1.27 1.00
1.16 1.00
2.63 0.00
1.05 1.00
1.09 1.00
1.97 0.00
1.04 1.00
1.04 1.00
2.10 0.00
2.32 0.00
2.47 0.00
2.25 0.00
1.81 0.00
2.15 0.00
2.36 0.00
2.27 0.00
1.26 1.00
2.80 0.00
2.37 0.00
1.21 1.00
2.53 0.00
1.30 1.00
1.18 1.00
0.99 1.00
0.94 1.00
2.15 0.00
2.62 0.00
2.17 0.00
2.60 0.00
1.89 0.00
1.12 1.00
0.99 1.00
2.48 0.00
2.11 0.00
2.62 0.00
1.05 1.00
2.31 0.00
2.17 0.00
1.09 1.00
1.06 1.00
2.54 0.00
1.05 1.00
1.01 1.00
2.34 0.00
2.41 0.00
1.39 1.00
2.15 0.00
0.94 1.00
1.06 1.00
1.93 0.00
2.39 0.00
2.52 0.00
1.10 1.00
2.51 0.00
1.19 1.00
2.38 0.00
2.09 0.00
2.25 0.00
1.97 0.00
1.16 1.00
2.04 0.00
2.21 0.00
1.16 1.00
2.07 0.00
2.30 0.00
2.25 0.00
2.33 0.00
2.15 0.00
1.12 1.00
2.44 0.00
0.91 1.00
1.06 1.00
2.06 0.00
1.27 1.00
2.41 0.00
2.52 0.00
1.14 1.00
0.88 1.00
1.22 1.00
2.22 0.00
2.12 0.00
2.31 0.00
0.81 1.00
1.22 1.00
2.67 0.00
2.20 0.00
2.79 0.00
2.71 0.00
2.06 0.00
1.34 1.00
1.34 1.00
0.86 1.00
1.15 1.00
1.11 1.00
2.40 0.00
2.24 0.00
2.12 0.00
2.45 0.00
2.73 0.00
2.37 0.00
2.21 0.00
1.16 1.00
2.49 0.00
1.13 1.00
2.28 0.00
2.22 0.00
2.32 0.00
1.23 1.00
2.09 0.00
2.19 0.00
1.17 1.00
2.27 0.00
2.20 0.00
2.69 0.00
2.35 0.00
2.66 0.00
2.21 0.00
0.94 1.00
1.06 1.00
1.15 1.00
2.92 0.00
2.16 0.00
1.90 0.00
2.18 0.00
2.54 0.00
1.08 1.00
1.03 1.00
1.01 1.00
2.04 0.00
2.88 0.00
1.30 1.00
1.08 1.00
2.44 0.00
1.17 1.00
1.07 1.00
1.04 1.00
1.13 1.00
0.83 1.00
2.41 0.00
1.26 1.00
2.10 0.00
2.48 0.00
2.13 0.00
0.98 1.00
1.04 1.00
1.14 1.00
1.11 1.00
1.17 1.00
1.19 1.00
2.01 0.00
2.42 0.00
1.16 1.00
1.37 1.00
1.24 1.00
2.74 0.00
1.12 1.00
2.14 0.00
2.53 0.00
2.09 0.00
2.14 0.00
2.43 0.00
0.95 1.00
2.59 0.00
0.99 1.00
1.10 1.00
2.09 0.00
0.89 1.00
2.56 0.00
1.05 1.00
2.03 0.00
0.90 1.00
2.31 0.00
1.24 1.00
2.56 0.00
1.01 1.00
2.09 0.00
2.03 0.00
1.22 1.00
1.26 1.00
2.22 0.00
0.91 1.00
2.68 0.00
1.25 1.00
1.04 1.00
2.11 0.00
2.32 0.00
2.45 0.00
2.57 0.00
1.15 1.00
1.07 1.00
2.61 0.00
2.13 0.00
1.03 1.00
2.47 0.00
1.12 1.00
2.37 0.00
2.17 0.00
2.35 0.00
2.51 0.00
2.07 0.00
1.20 1.00
1.89 0.00
2.18 0.00
2.71 0.00
2.07 0.00
1.71 0.00
2.42 0.00
1.23 1.00
1.11 1.00
2.37 0.00
1.99 0.00
0.84 1.00
1.06 1.00
1.39 1.00
2.33 0.00
1.20 1.00
2.47 0.00
2.32 0.00
2.57 0.00
2.29 0.00
2.45 0.00
1.02 1.00
2.15 0.00
2.60 0.00
1.20 1.00
1.02 1.00
2.42 0.00
2.09 0.00
2.10 0.00
2.10 0.00
2.47 0.00
2.36 0.00
2.40 0.00
1.04 1.00
1.80 0.00
0.94 1.00
1.99 0.00
2.57 0.00
2.43 0.00
2.70 0.00
2.45 0.00
1.04 1.00
1.11 1.00
1.12 1.00
0.95 1.00
0.70 1.00
2.43 0.00
1.15 1.00
2.46 0.00
1.96 0.00
2.27 0.00
1.20 1.00
2.91 0.00
2.17 0.00
2.28 0.00
0.96 1.00
0.79 1.00
2.37 0.00
2.46 0.00
1.09 1.00
1.04 1.00
1.05 1.00
1.23 1.00
1.24 1.00
1.05 1.00
2.35 0.00
0.84 1.00
2.34 0.00
2.24 0.00
1.15 1.00
1.05 1.00
1.18 1.00
2.29 0.00
2.54 0.00
1.12 1.00
1.88 0.00
2.30 0.00
0.98 1.00
2.26 0.00
2.47 0.00
1.21 1.00
2.61 0.00
2.54 0.00
1.82 0.00
1.40 1.00
2.39 0.00
1.00 1.00
2.26 0.00
1.11 1.00
1.95 0.00
1.08 1.00
2.35 0.00
2.25 0.00
2.37 0.00
2.25 0.00
1.17 1.00
2.14 0.00
2.28 0.00
2.25 0.00
1.21 1.00
1.91 0.00
2.46 0.00
1.93 0.00
1.03 1.00
2.27 0.00
2.37 0.00
1.19 1.00
0.83 1.00
1.23 1.00
1.14 1.00
2.58 0.00
1.07 1.00
1.08 1.00
2.36 0.00
3.00 0.00
1.12 1.00
1.03 1.00
2.45 0.00
