# X,Y,Area,Label,South,Price
0.77 0.59 59.00 0.00 1.00 305.00
0.02 0.77 65.00 1.00 1.00 432.50
0.63 0.56 113.00 0.00 0.00 575.00
0.75 0.19 104.00 0.00 1.00 530.00
0.50 0.37 129.00 0.00 0.00 655.00
0.22 0.69 109.00 0.00 1.00 555.00
0.20 0.77 54.00 1.00 0.00 361.00
0.76 0.35 137.00 0.00 1.00 695.00
0.17 0.17 131.00 0.00 1.00 665.00
0.09 0.14 107.00 0.00 1.00 545.00
0.69 0.66 120.00 0.00 0.00 610.00
0.95 0.77 134.00 0.00 0.00 680.00
0.00 1.00 81.00 1.00 0.00 536.50
0.51 0.72 140.00 0.00 0.00 710.00
0.81 0.76 130.00 0.00 1.00 660.00
0.61 0.02 78.00 0.00 1.00 400.00
0.72 0.49 135.00 0.00 1.00 685.00
0.29 0.68 127.00 0.00 1.00 645.00
0.92 0.04 66.00 0.00 0.00 340.00
0.71 0.30 140.00 0.00 0.00 710.00
0.54 0.49 105.00 0.00 1.00 535.00
0.14 0.70 93.00 1.00 1.00 614.50
0.37 0.00 130.00 0.00 0.00 660.00
0.67 0.07 91.00 0.00 1.00 465.00
0.44 0.26 139.00 0.00 1.00 705.00
0.43 0.28 50.00 0.00 1.00 260.00
0.62 0.05 122.00 0.00 0.00 620.00
0.51 0.11 138.00 0.00 1.00 700.00
0.65 0.24 145.00 0.00 1.00 735.00
0.60 0.97 92.00 0.00 0.00 470.00
0.81 0.99 58.00 0.00 0.00 300.00
0.52 0.64 83.00 0.00 0.00 425.00
0.91 0.94 145.00 0.00 0.00 735.00
0.32 0.97 93.00 1.00 1.00 614.50
0.09 0.87 83.00 1.00 1.00 549.50
0.30 0.96 76.00 1.00 0.00 504.00
0.11 0.38 61.00 0.00 1.00 315.00
0.83 0.34 52.00 0.00 1.00 270.00
0.05 0.01 75.00 0.00 0.00 385.00
0.63 0.24 119.00 0.00 0.00 605.00
0.55 0.60 140.00 0.00 0.00 710.00
0.82 0.23 91.00 0.00 1.00 465.00
0.20 0.66 63.00 0.00 0.00 325.00
0.86 0.46 51.00 0.00 0.00 265.00
0.35 0.39 74.00 0.00 0.00 380.00
0.75 0.17 145.00 0.00 0.00 735.00
0.30 0.62 73.00 0.00 1.00 375.00
0.88 0.85 122.00 0.00 0.00 620.00
0.33 0.32 134.00 0.00 1.00 680.00
0.17 0.78 72.00 1.00 1.00 478.00
0.39 0.92 87.00 1.00 0.00 575.50
0.09 0.95 81.00 1.00 0.00 536.50
0.82 0.23 77.00 0.00 1.00 395.00
0.15 0.68 95.00 1.00 0.00 627.50
0.38 0.34 57.00 0.00 1.00 295.00
0.94 0.70 105.00 0.00 0.00 535.00
0.99 0.96 96.00 0.00 1.00 490.00
0.46 0.13 134.00 0.00 1.00 680.00
0.83 0.53 131.00 0.00 0.00 665.00
0.25 0.29 148.00 0.00 1.00 750.00
0.60 0.17 149.00 0.00 0.00 755.00
0.90 0.51 131.00 0.00 1.00 665.00
0.53 0.10 111.00 0.00 1.00 565.00
0.59 0.86 50.00 0.00 1.00 260.00
0.04 0.08 128.00 0.00 1.00 650.00
0.36 0.11 107.00 0.00 1.00 545.00
0.08 0.22 100.00 0.00 1.00 510.00
0.31 0.43 102.00 0.00 1.00 520.00
0.33 0.88 61.00 1.00 0.00 406.50
0.77 0.90 73.00 0.00 1.00 375.00
0.04 0.62 75.00 1.00 0.00 497.50
0.43 0.77 69.00 0.00 0.00 355.00
0.31 0.82 55.00 1.00 0.00 367.50
0.64 0.56 85.00 0.00 1.00 435.00
0.35 0.21 68.00 0.00 0.00 350.00
0.04 0.30 131.00 0.00 1.00 665.00
0.88 0.42 99.00 0.00 1.00 505.00
0.76 0.24 55.00 0.00 1.00 285.00
0.88 0.06 105.00 0.00 0.00 535.00
0.42 0.82 147.00 0.00 1.00 745.00
0.61 0.33 58.00 0.00 1.00 300.00
0.51 0.49 95.00 0.00 0.00 485.00
0.60 0.32 63.00 0.00 1.00 325.00
0.26 0.69 143.00 0.00 0.00 725.00
0.30 0.48 100.00 0.00 0.00 510.00
0.03 0.16 85.00 0.00 1.00 435.00
0.30 0.85 69.00 1.00 1.00 458.50
0.24 0.45 142.00 0.00 0.00 720.00
0.56 0.00 138.00 0.00 1.00 700.00
0.57 0.26 70.00 0.00 1.00 360.00
0.48 0.11 127.00 0.00 1.00 645.00
0.29 0.05 111.00 0.00 1.00 565.00
0.06 0.76 60.00 1.00 0.00 400.00
0.98 0.63 107.00 0.00 1.00 545.00
0.34 0.26 127.00 0.00 0.00 645.00
0.50 0.01 116.00 0.00 0.00 590.00
0.98 0.74 70.00 0.00 1.00 360.00
0.44 0.29 102.00 0.00 0.00 520.00
0.32 0.71 109.00 0.00 0.00 555.00
0.52 0.93 127.00 0.00 1.00 645.00
0.58 0.29 132.00 0.00 1.00 670.00
0.85 0.55 71.00 0.00 0.00 365.00
0.07 0.19 84.00 0.00 0.00 430.00
0.46 0.57 93.00 0.00 0.00 475.00
0.78 0.83 107.00 0.00 0.00 545.00
0.72 0.76 143.00 0.00 0.00 725.00
0.59 0.95 88.00 0.00 1.00 450.00
0.04 0.55 94.00 1.00 0.00 621.00
0.35 0.66 134.00 0.00 0.00 680.00
0.56 0.56 79.00 0.00 1.00 405.00
0.30 0.11 131.00 0.00 0.00 665.00
0.51 0.44 74.00 0.00 0.00 380.00
0.67 0.11 142.00 0.00 0.00 720.00
0.16 0.37 95.00 0.00 0.00 485.00
0.05 0.69 90.00 1.00 0.00 595.00
0.34 0.40 138.00 0.00 1.00 700.00
0.11 0.93 55.00 1.00 0.00 367.50
0.18 0.43 56.00 0.00 0.00 290.00
0.89 0.03 123.00 0.00 1.00 625.00
0.37 0.71 131.00 0.00 0.00 665.00
0.22 0.25 134.00 0.00 0.00 680.00
0.75 0.24 65.00 0.00 0.00 335.00
0.11 0.32 69.00 0.00 0.00 355.00
0.74 0.11 107.00 0.00 0.00 545.00
0.47 0.68 135.00 0.00 1.00 685.00
0.60 0.86 132.00 0.00 1.00 670.00
0.15 0.44 126.00 0.00 0.00 640.00
0.18 0.00 131.00 0.00 0.00 665.00
0.65 0.86 123.00 0.00 0.00 625.00
0.05 0.23 60.00 0.00 1.00 310.00
0.25 0.44 97.00 0.00 1.00 495.00
0.54 0.24 94.00 0.00 1.00 480.00
0.23 0.06 122.00 0.00 1.00 620.00
0.38 0.53 99.00 0.00 0.00 505.00
0.92 0.08 117.00 0.00 1.00 595.00
0.93 0.10 144.00 0.00 0.00 730.00
0.57 0.87 144.00 0.00 1.00 730.00
0.53 0.10 101.00 0.00 1.00 515.00
0.01 0.56 85.00 1.00 0.00 562.50
0.98 0.04 61.00 0.00 0.00 315.00
0.57 0.71 132.00 0.00 0.00 670.00
0.79 0.08 123.00 0.00 0.00 625.00
0.56 0.24 133.00 0.00 0.00 675.00
0.88 0.77 82.00 0.00 0.00 420.00
0.58 0.46 121.00 0.00 1.00 615.00
0.71 0.10 97.00 0.00 0.00 495.00
0.15 0.27 121.00 0.00 1.00 615.00
0.43 0.30 60.00 0.00 1.00 310.00
0.69 0.41 68.00 0.00 1.00 350.00
0.10 0.46 77.00 0.00 1.00 395.00
0.44 0.25 99.00 0.00 1.00 505.00
0.17 0.84 86.00 1.00 0.00 569.00
0.51 0.20 98.00 0.00 0.00 500.00
0.82 0.05 136.00 0.00 0.00 690.00
0.09 0.62 70.00 1.00 0.00 465.00
0.80 0.63 70.00 0.00 0.00 360.00
0.57 0.09 76.00 0.00 1.00 390.00
0.59 0.91 103.00 0.00 1.00 525.00
0.20 0.67 148.00 0.00 1.00 750.00
0.44 0.49 93.00 0.00 1.00 475.00
0.30 0.37 116.00 0.00 1.00 590.00
0.04 0.57 89.00 1.00 1.00 588.50
0.03 0.12 68.00 0.00 1.00 350.00
0.45 0.74 58.00 0.00 1.00 300.00
0.74 0.88 70.00 0.00 1.00 360.00
0.56 0.09 127.00 0.00 1.00 645.00
0.39 0.60 63.00 0.00 0.00 325.00
0.17 0.90 85.00 1.00 1.00 562.50
0.84 0.79 72.00 0.00 0.00 370.00
0.60 0.98 103.00 0.00 0.00 525.00
0.78 0.87 137.00 0.00 0.00 695.00
0.85 0.22 140.00 0.00 1.00 710.00
0.60 0.30 91.00 0.00 1.00 465.00
0.78 0.90 110.00 0.00 0.00 560.00
0.62 0.48 55.00 0.00 0.00 285.00
0.02 0.40 79.00 0.00 0.00 405.00
0.75 0.71 79.00 0.00 1.00 405.00
0.18 0.32 94.00 0.00 0.00 480.00
0.46 0.45 104.00 0.00 0.00 530.00
0.51 0.44 146.00 0.00 0.00 740.00
0.48 0.16 97.00 0.00 1.00 495.00
0.84 0.06 132.00 0.00 1.00 670.00
0.17 0.68 62.00 1.00 1.00 413.00
0.01 0.06 97.00 0.00 0.00 495.00
0.85 0.23 84.00 0.00 1.00 430.00
0.74 0.80 106.00 0.00 1.00 540.00
0.46 0.55 125.00 0.00 1.00 635.00
0.42 0.37 78.00 0.00 1.00 400.00
0.12 0.35 118.00 0.00 1.00 600.00
0.34 0.08 109.00 0.00 1.00 555.00
0.09 0.03 51.00 0.00 0.00 265.00
0.72 0.21 119.00 0.00 1.00 605.00
0.08 0.48 68.00 0.00 0.00 350.00
0.21 0.85 67.00 1.00 0.00 445.50
0.57 0.62 82.00 0.00 1.00 420.00
0.29 0.33 81.00 0.00 0.00 415.00
0.66 0.48 128.00 0.00 0.00 650.00
0.80 0.28 89.00 0.00 1.00 455.00
0.35 0.01 140.00 0.00 0.00 710.00
0.09 0.10 131.00 0.00 0.00 665.00
0.81 0.03 143.00 0.00 1.00 725.00
0.78 0.03 63.00 0.00 0.00 325.00
0.39 0.71 78.00 0.00 0.00 400.00
0.86 0.60 125.00 0.00 1.00 635.00
0.38 0.06 133.00 0.00 1.00 675.00
0.26 0.61 67.00 0.00 1.00 345.00
0.83 0.05 137.00 0.00 0.00 695.00
0.74 0.56 100.00 0.00 0.00 510.00
0.51 0.27 59.00 0.00 1.00 305.00
0.64 0.86 77.00 0.00 1.00 395.00
0.21 0.24 99.00 0.00 1.00 505.00
0.90 0.79 133.00 0.00 0.00 675.00
0.97 0.92 98.00 0.00 0.00 500.00
0.32 0.46 148.00 0.00 1.00 750.00
0.87 0.72 123.00 0.00 1.00 625.00
0.31 0.76 109.00 0.00 1.00 555.00
0.03 0.37 75.00 0.00 1.00 385.00
0.05 0.69 85.00 1.00 1.00 562.50
0.18 0.86 70.00 1.00 0.00 465.00
0.07 0.55 69.00 0.00 0.00 355.00
0.26 0.04 112.00 0.00 0.00 570.00
0.91 0.64 94.00 0.00 0.00 480.00
0.46 0.98 56.00 1.00 1.00 374.00
0.13 0.36 81.00 0.00 0.00 415.00
0.81 0.18 111.00 0.00 0.00 565.00
0.40 0.28 54.00 0.00 0.00 280.00
0.02 0.83 66.00 1.00 1.00 439.00
0.86 0.17 120.00 0.00 0.00 610.00
0.27 0.01 148.00 0.00 1.00 750.00
0.71 0.21 61.00 0.00 1.00 315.00
0.36 0.29 121.00 0.00 0.00 615.00
0.79 0.19 147.00 0.00 0.00 745.00
0.84 0.09 54.00 0.00 0.00 280.00
0.54 0.62 70.00 0.00 0.00 360.00
0.56 0.32 146.00 0.00 0.00 740.00
0.12 0.39 52.00 0.00 1.00 270.00
0.38 0.65 91.00 0.00 1.00 465.00
0.43 0.52 111.00 0.00 0.00 565.00
0.51 0.54 65.00 0.00 0.00 335.00
0.89 0.28 136.00 0.00 0.00 690.00
0.30 0.55 108.00 0.00 0.00 550.00
0.40 0.32 56.00 0.00 1.00 290.00
0.79 0.62 109.00 0.00 0.00 555.00
0.41 0.96 60.00 1.00 1.00 400.00
0.18 0.78 55.00 1.00 0.00 367.50
0.84 0.51 107.00 0.00 1.00 545.00
0.57 0.19 66.00 0.00 0.00 340.00
0.06 0.06 103.00 0.00 0.00 525.00
0.99 0.99 105.00 0.00 0.00 535.00
0.23 0.74 57.00 1.00 0.00 380.50
0.61 0.74 97.00 0.00 1.00 495.00
0.37 0.66 77.00 0.00 0.00 395.00
0.80 0.08 111.00 0.00 1.00 565.00
0.63 0.76 119.00 0.00 1.00 605.00
0.82 0.96 141.00 0.00 1.00 715.00
0.29 0.22 63.00 0.00 0.00 325.00
0.27 0.42 123.00 0.00 0.00 625.00
0.60 0.19 138.00 0.00 0.00 700.00
0.94 0.90 99.00 0.00 1.00 505.00
0.71 0.55 63.00 0.00 0.00 325.00
0.26 0.98 86.00 1.00 0.00 569.00
0.12 0.23 138.00 0.00 0.00 700.00
0.46 0.78 61.00 0.00 0.00 315.00
0.97 0.20 112.00 0.00 0.00 570.00
0.68 0.31 108.00 0.00 1.00 550.00
0.19 0.23 116.00 0.00 0.00 590.00
0.05 0.21 81.00 0.00 1.00 415.00
0.95 0.77 115.00 0.00 0.00 585.00
0.86 0.70 147.00 0.00 0.00 745.00
0.83 0.25 93.00 0.00 1.00 475.00
0.96 0.42 122.00 0.00 0.00 620.00
0.60 0.61 122.00 0.00 1.00 620.00
0.93 0.07 143.00 0.00 0.00 725.00
0.15 0.28 75.00 0.00 0.00 385.00
0.11 0.89 76.00 1.00 1.00 504.00
0.37 1.00 60.00 1.00 0.00 400.00
0.77 0.07 84.00 0.00 0.00 430.00
0.32 0.20 117.00 0.00 1.00 595.00
0.64 0.22 146.00 0.00 1.00 740.00
0.01 0.47 149.00 0.00 1.00 755.00
0.54 0.16 85.00 0.00 1.00 435.00
0.34 1.00 70.00 1.00 0.00 465.00
0.90 0.13 62.00 0.00 0.00 320.00
0.94 0.52 54.00 0.00 1.00 280.00
0.38 0.34 83.00 0.00 1.00 425.00
0.40 0.60 124.00 0.00 0.00 630.00
0.90 0.20 73.00 0.00 1.00 375.00
0.06 0.29 149.00 0.00 0.00 755.00
0.41 0.62 81.00 0.00 1.00 415.00
0.13 0.52 136.00 0.00 0.00 690.00
0.09 0.77 65.00 1.00 1.00 432.50
0.78 0.44 133.00 0.00 0.00 675.00
0.30 0.39 57.00 0.00 0.00 295.00
0.58 0.13 141.00 0.00 1.00 715.00
0.88 0.30 120.00 0.00 1.00 610.00
0.88 0.98 112.00 0.00 1.00 570.00
0.60 0.07 124.00 0.00 1.00 630.00
0.65 0.22 101.00 0.00 1.00 515.00
0.06 0.10 62.00 0.00 0.00 320.00
0.30 0.73 149.00 0.00 1.00 755.00
0.69 0.48 88.00 0.00 1.00 450.00
0.19 0.33 119.00 0.00 0.00 605.00
0.80 0.28 97.00 0.00 0.00 495.00
0.51 0.71 54.00 0.00 0.00 280.00
0.76 0.55 79.00 0.00 1.00 405.00
0.18 0.71 84.00 1.00 0.00 556.00
0.08 0.48 51.00 0.00 1.00 265.00
0.48 0.05 63.00 0.00 0.00 325.00
0.53 0.17 143.00 0.00 1.00 725.00
0.70 0.57 103.00 0.00 1.00 525.00
0.20 0.50 133.00 0.00 1.00 675.00
0.67 0.00 103.00 0.00 0.00 525.00
0.79 0.40 82.00 0.00 1.00 420.00
0.04 0.55 57.00 1.00 1.00 380.50
0.96 0.22 121.00 0.00 0.00 615.00
0.98 0.23 51.00 0.00 1.00 265.00
0.55 0.82 103.00 0.00 0.00 525.00
0.06 0.72 64.00 1.00 0.00 426.00
0.35 0.01 143.00 0.00 0.00 725.00
0.02 0.62 85.00 1.00 0.00 562.50
0.80 0.98 124.00 0.00 0.00 630.00
0.21 0.20 58.00 0.00 0.00 300.00
0.14 0.71 78.00 1.00 1.00 517.00
0.70 0.08 87.00 0.00 0.00 445.00
0.06 0.04 72.00 0.00 1.00 370.00
0.26 0.51 52.00 0.00 1.00 270.00
0.51 0.01 114.00 0.00 0.00 580.00
1.00 0.61 61.00 0.00 0.00 315.00
0.15 0.44 64.00 0.00 1.00 330.00
0.45 0.33 142.00 0.00 0.00 720.00
0.60 0.79 149.00 0.00 1.00 755.00
0.10 0.82 61.00 1.00 1.00 406.50
0.29 0.36 102.00 0.00 0.00 520.00
0.72 0.49 56.00 0.00 0.00 290.00
0.55 0.57 98.00 0.00 1.00 500.00
0.84 0.83 122.00 0.00 0.00 620.00
0.58 0.29 57.00 0.00 1.00 295.00
0.18 0.22 149.00 0.00 1.00 755.00
0.62 0.78 147.00 0.00 1.00 745.00
0.89 0.17 104.00 0.00 0.00 530.00
0.52 0.06 86.00 0.00 1.00 440.00
0.63 0.99 84.00 0.00 0.00 430.00
0.51 0.55 52.00 0.00 0.00 270.00
0.91 0.24 125.00 0.00 0.00 635.00
0.41 0.94 64.00 1.00 1.00 426.00
0.54 0.65 106.00 0.00 0.00 540.00
0.34 0.80 84.00 0.00 1.00 430.00
0.13 0.98 94.00 1.00 1.00 621.00
0.66 0.94 124.00 0.00 1.00 630.00
0.94 0.12 85.00 0.00 1.00 435.00
0.61 0.32 91.00 0.00 0.00 465.00
0.84 0.58 120.00 0.00 0.00 610.00
0.22 0.48 75.00 0.00 1.00 385.00
0.90 0.61 68.00 0.00 0.00 350.00
0.01 0.70 57.00 1.00 1.00 380.50
0.23 0.33 138.00 0.00 1.00 700.00
0.13 0.98 99.00 1.00 1.00 653.50
0.91 0.94 133.00 0.00 0.00 675.00
0.91 0.01 86.00 0.00 0.00 440.00
0.58 0.48 77.00 0.00 0.00 395.00
0.09 0.68 72.00 1.00 0.00 478.00
0.12 0.59 77.00 0.00 1.00 395.00
0.77 0.98 136.00 0.00 1.00 690.00
0.73 0.77 57.00 0.00 0.00 295.00
0.09 0.27 52.00 0.00 1.00 270.00
0.36 0.47 112.00 0.00 1.00 570.00
0.77 0.34 134.00 0.00 0.00 680.00
0.13 0.58 105.00 0.00 0.00 535.00
0.54 0.60 144.00 0.00 0.00 730.00
0.75 0.13 86.00 0.00 1.00 440.00
0.27 0.52 64.00 0.00 0.00 330.00
0.57 0.29 74.00 0.00 0.00 380.00
0.48 0.58 95.00 0.00 0.00 485.00
0.56 0.35 113.00 0.00 0.00 575.00
0.44 0.39 130.00 0.00 0.00 660.00
0.69 0.04 74.00 0.00 0.00 380.00
0.72 0.53 145.00 0.00 1.00 735.00
0.76 0.07 69.00 0.00 1.00 355.00
0.04 0.06 79.00 0.00 1.00 405.00
0.68 0.31 67.00 0.00 0.00 345.00
0.48 0.54 91.00 0.00 1.00 465.00
0.10 0.26 107.00 0.00 1.00 545.00
0.61 0.44 117.00 0.00 1.00 595.00
0.84 0.36 90.00 0.00 1.00 460.00
0.73 0.39 66.00 0.00 1.00 340.00
0.32 0.48 107.00 0.00 1.00 545.00
0.07 0.37 133.00 0.00 1.00 675.00
0.04 0.92 91.00 1.00 1.00 601.50
0.56 0.64 98.00 0.00 1.00 500.00
0.16 0.29 132.00 0.00 0.00 670.00
0.27 0.14 144.00 0.00 1.00 730.00
0.24 0.41 58.00 0.00 0.00 300.00
0.02 0.89 75.00 1.00 0.00 497.50
0.15 0.12 64.00 0.00 0.00 330.00
0.03 0.18 128.00 0.00 1.00 650.00
0.98 0.05 122.00 0.00 1.00 620.00
0.36 0.73 96.00 0.00 1.00 490.00
0.83 0.41 146.00 0.00 0.00 740.00
0.41 0.67 121.00 0.00 0.00 615.00
0.25 0.58 73.00 0.00 1.00 375.00
0.24 0.43 100.00 0.00 1.00 510.00
0.77 0.43 112.00 0.00 1.00 570.00
0.67 0.87 71.00 0.00 1.00 365.00
0.71 0.64 136.00 0.00 0.00 690.00
0.85 0.06 53.00 0.00 1.00 275.00
0.52 0.04 87.00 0.00 0.00 445.00
0.44 0.77 130.00 0.00 0.00 660.00
0.55 0.92 97.00 0.00 0.00 495.00
0.65 0.45 74.00 0.00 1.00 380.00
0.79 0.90 63.00 0.00 1.00 325.00
0.89 0.53 54.00 0.00 0.00 280.00
0.31 0.18 78.00 0.00 0.00 400.00
0.14 0.08 148.00 0.00 0.00 750.00
0.75 0.34 142.00 0.00 0.00 720.00
0.53 0.43 84.00 0.00 0.00 430.00
0.78 0.79 130.00 0.00 0.00 660.00
0.43 0.20 75.00 0.00 1.00 385.00
0.84 0.56 62.00 0.00 1.00 320.00
0.54 0.02 77.00 0.00 0.00 395.00
0.25 0.87 83.00 1.00 1.00 549.50
0.06 0.26 133.00 0.00 1.00 675.00
0.09 0.86 51.00 1.00 0.00 341.50
0.17 0.58 141.00 0.00 1.00 715.00
0.44 0.37 56.00 0.00 1.00 290.00
0.81 0.15 61.00 0.00 0.00 315.00
0.91 0.66 149.00 0.00 0.00 755.00
0.58 0.16 69.00 0.00 1.00 355.00
0.29 0.41 64.00 0.00 0.00 330.00
0.65 0.27 114.00 0.00 0.00 580.00
0.64 0.63 52.00 0.00 1.00 270.00
0.50 0.72 88.00 0.00 1.00 450.00
0.97 0.77 143.00 0.00 0.00 725.00
0.81 0.92 82.00 0.00 0.00 420.00
0.93 0.00 95.00 0.00 0.00 485.00
0.61 0.70 85.00 0.00 1.00 435.00
0.98 0.49 97.00 0.00 1.00 495.00
0.71 0.79 76.00 0.00 1.00 390.00
0.01 0.26 64.00 0.00 0.00 330.00
0.29 0.65 81.00 0.00 0.00 415.00
0.84 0.08 148.00 0.00 0.00 750.00
0.44 0.24 139.00 0.00 1.00 705.00
0.17 0.91 68.00 1.00 0.00 452.00
0.11 0.59 92.00 0.00 0.00 470.00
0.80 0.02 83.00 0.00 1.00 425.00
0.65 0.72 51.00 0.00 0.00 265.00
0.50 0.24 58.00 0.00 1.00 300.00
0.29 0.76 53.00 0.00 0.00 275.00
0.64 0.64 84.00 0.00 1.00 430.00
0.37 0.75 75.00 0.00 0.00 385.00
0.54 0.89 147.00 0.00 0.00 745.00
0.76 0.21 109.00 0.00 1.00 555.00
0.84 0.59 116.00 0.00 0.00 590.00
0.10 0.20 103.00 0.00 1.00 525.00
0.51 0.27 65.00 0.00 0.00 335.00
0.65 0.74 77.00 0.00 0.00 395.00
0.15 0.97 81.00 1.00 1.00 536.50
0.00 0.48 80.00 0.00 0.00 410.00
0.97 0.37 115.00 0.00 1.00 585.00
0.81 0.51 66.00 0.00 0.00 340.00
0.27 0.98 66.00 1.00 1.00 439.00
0.28 0.28 137.00 0.00 0.00 695.00
0.12 0.45 52.00 0.00 0.00 270.00
0.48 0.13 68.00 0.00 1.00 350.00
0.93 0.79 119.00 0.00 1.00 605.00
0.91 0.33 110.00 0.00 0.00 560.00
0.24 0.53 130.00 0.00 0.00 660.00
0.39 0.69 62.00 0.00 1.00 320.00
0.97 0.79 136.00 0.00 1.00 690.00
0.28 0.19 96.00 0.00 1.00 490.00
0.94 0.96 95.00 0.00 1.00 485.00
0.77 0.15 120.00 0.00 0.00 610.00
0.88 0.21 84.00 0.00 0.00 430.00
0.87 0.01 52.00 0.00 0.00 270.00
0.15 0.76 67.00 1.00 0.00 445.50
0.79 0.57 52.00 0.00 1.00 270.00
0.91 0.84 95.00 0.00 1.00 485.00
0.84 0.16 142.00 0.00 1.00 720.00
0.71 0.54 94.00 0.00 1.00 480.00
0.31 0.59 81.00 0.00 0.00 415.00
0.35 0.59 76.00 0.00 0.00 390.00
0.24 0.82 89.00 1.00 1.00 588.50
0.09 0.50 84.00 0.00 1.00 430.00
0.19 0.51 131.00 0.00 0.00 665.00
0.62 0.14 130.00 0.00 0.00 660.00
0.93 0.20 123.00 0.00 1.00 625.00
0.69 0.78 76.00 0.00 0.00 390.00
0.56 0.97 131.00 0.00 0.00 665.00
0.26 0.44 135.00 0.00 0.00 685.00
0.53 0.92 50.00 0.00 0.00 260.00
0.80 0.68 113.00 0.00 1.00 575.00
0.30 0.06 108.00 0.00 1.00 550.00
0.18 0.50 70.00 0.00 0.00 360.00
0.02 0.51 110.00 0.00 1.00 560.00
0.74 0.36 60.00 0.00 0.00 310.00
0.04 0.78 54.00 1.00 1.00 361.00
0.43 0.42 83.00 0.00 1.00 425.00
0.83 0.85 59.00 0.00 1.00 305.00
0.01 0.63 57.00 1.00 0.00 380.50
0.51 0.60 89.00 0.00 0.00 455.00
0.48 0.06 135.00 0.00 1.00 685.00
0.03 0.85 91.00 1.00 1.00 601.50
0.01 0.43 109.00 0.00 1.00 555.00
0.33 0.73 123.00 0.00 1.00 625.00
0.06 0.64 80.00 1.00 0.00 530.00
0.60 0.54 130.00 0.00 0.00 660.00
0.89 0.81 117.00 0.00 0.00 595.00
0.41 0.15 105.00 0.00 1.00 535.00
0.04 0.37 70.00 0.00 0.00 360.00
0.08 0.57 146.00 0.00 1.00 740.00
0.08 0.02 136.00 0.00 1.00 690.00
0.81 0.64 105.00 0.00 1.00 535.00
0.80 0.48 129.00 0.00 1.00 655.00
0.02 0.10 73.00 0.00 1.00 375.00
0.86 0.20 64.00 0.00 0.00 330.00
0.91 0.81 118.00 0.00 1.00 600.00
0.40 0.89 65.00 0.00 1.00 335.00
0.29 0.75 50.00 0.00 1.00 260.00
0.84 0.71 106.00 0.00 1.00 540.00
0.62 0.42 97.00 0.00 0.00 495.00
0.14 0.91 61.00 1.00 1.00 406.50
0.23 0.89 72.00 1.00 1.00 478.00
0.84 0.91 83.00 0.00 1.00 425.00
0.84 0.39 65.00 0.00 1.00 335.00
0.22 0.01 132.00 0.00 1.00 670.00
0.81 0.51 80.00 0.00 0.00 410.00
0.54 0.06 121.00 0.00 1.00 615.00
0.61 0.28 133.00 0.00 1.00 675.00
0.52 0.68 65.00 0.00 0.00 335.00
0.64 0.95 142.00 0.00 0.00 720.00
0.01 0.85 83.00 1.00 0.00 549.50
0.02 0.17 69.00 0.00 1.00 355.00
0.69 0.76 92.00 0.00 1.00 470.00
0.17 0.05 147.00 0.00 0.00 745.00
0.69 0.30 112.00 0.00 1.00 570.00
0.29 0.74 113.00 0.00 0.00 575.00
0.06 0.95 85.00 1.00 1.00 562.50
0.58 0.92 145.00 0.00 0.00 735.00
0.30 0.36 64.00 0.00 0.00 330.00
0.32 0.42 118.00 0.00 0.00 600.00
0.97 0.77 134.00 0.00 1.00 680.00
0.19 0.89 83.00 1.00 0.00 549.50
0.35 0.55 92.00 0.00 0.00 470.00
0.10 0.69 72.00 1.00 1.00 478.00
0.40 0.12 61.00 0.00 1.00 315.00
0.09 0.18 142.00 0.00 0.00 720.00
0.50 0.03 121.00 0.00 1.00 615.00
0.74 0.40 54.00 0.00 0.00 280.00
0.01 0.80 80.00 1.00 0.00 530.00
0.09 0.38 110.00 0.00 1.00 560.00
0.06 0.42 147.00 0.00 0.00 745.00
0.88 0.34 72.00 0.00 1.00 370.00
0.99 0.49 131.00 0.00 1.00 665.00
0.52 0.19 135.00 0.00 0.00 685.00
0.20 0.24 60.00 0.00 0.00 310.00
0.93 0.72 83.00 0.00 1.00 425.00
0.65 0.90 70.00 0.00 1.00 360.00
0.79 0.39 107.00 0.00 0.00 545.00
0.51 0.37 139.00 0.00 0.00 705.00
0.79 0.92 110.00 0.00 1.00 560.00
0.33 0.92 59.00 1.00 0.00 393.50
0.11 0.83 70.00 1.00 1.00 465.00
0.90 0.77 58.00 0.00 0.00 300.00
0.00 0.61 57.00 1.00 0.00 380.50
0.07 0.83 64.00 1.00 0.00 426.00
0.13 0.71 72.00 1.00 0.00 478.00
0.94 0.57 89.00 0.00 1.00 455.00
0.30 0.06 132.00 0.00 1.00 670.00
0.21 0.04 138.00 0.00 1.00 700.00
0.26 0.64 112.00 0.00 1.00 570.00
0.10 0.24 128.00 0.00 0.00 650.00
0.40 0.09 58.00 0.00 0.00 300.00
0.73 0.18 79.00 0.00 0.00 405.00
0.65 0.03 52.00 0.00 1.00 270.00
0.25 0.44 102.00 0.00 0.00 520.00
0.23 0.06 59.00 0.00 0.00 305.00
0.50 0.95 98.00 0.00 0.00 500.00
0.86 0.80 65.00 0.00 1.00 335.00
0.63 0.40 80.00 0.00 0.00 410.00
0.75 0.71 139.00 0.00 0.00 705.00
0.44 0.96 67.00 1.00 0.00 445.50
0.40 0.08 143.00 0.00 0.00 725.00
0.72 0.07 53.00 0.00 0.00 275.00
0.37 0.59 91.00 0.00 1.00 465.00
0.55 0.28 74.00 0.00 1.00 380.00
0.08 0.65 89.00 1.00 1.00 588.50
0.59 0.58 56.00 0.00 1.00 290.00
0.28 0.05 86.00 0.00 0.00 440.00
0.74 0.47 113.00 0.00 0.00 575.00
0.30 0.54 117.00 0.00 0.00 595.00
0.76 0.23 71.00 0.00 1.00 365.00
0.23 1.00 67.00 1.00 0.00 445.50
0.00 0.89 76.00 1.00 0.00 504.00
0.14 0.52 133.00 0.00 0.00 675.00
0.30 0.11 60.00 0.00 1.00 310.00
0.20 0.93 62.00 1.00 0.00 413.00
0.55 0.31 130.00 0.00 1.00 660.00
0.21 0.03 66.00 0.00 1.00 340.00
0.78 0.15 126.00 0.00 1.00 640.00
0.48 0.18 146.00 0.00 0.00 740.00
0.64 0.12 65.00 0.00 0.00 335.00
0.17 0.17 81.00 0.00 0.00 415.00
0.92 0.09 143.00 0.00 0.00 725.00
0.72 0.52 86.00 0.00 0.00 440.00
0.15 0.84 78.00 1.00 0.00 517.00
0.72 0.34 93.00 0.00 1.00 475.00
0.19 0.74 88.00 1.00 1.00 582.00
0.83 0.79 79.00 0.00 1.00 405.00
0.20 0.86 62.00 1.00 1.00 413.00
0.96 0.18 92.00 0.00 1.00 470.00
0.55 0.38 97.00 0.00 0.00 495.00
0.22 0.63 51.00 0.00 1.00 265.00
0.21 0.13 52.00 0.00 0.00 270.00
0.63 0.60 111.00 0.00 0.00 565.00
0.63 0.88 133.00 0.00 0.00 675.00
0.30 0.20 76.00 0.00 0.00 390.00
0.82 0.06 140.00 0.00 0.00 710.00
0.42 0.55 97.00 0.00 0.00 495.00
0.81 0.81 70.00 0.00 0.00 360.00
0.27 0.70 125.00 0.00 1.00 635.00
0.98 0.04 114.00 0.00 0.00 580.00
0.87 0.75 105.00 0.00 1.00 535.00
0.45 0.67 144.00 0.00 0.00 730.00
0.34 0.54 111.00 0.00 0.00 565.00
0.03 0.29 74.00 0.00 0.00 380.00
0.99 0.90 104.00 0.00 0.00 530.00
0.68 0.56 86.00 0.00 0.00 440.00
0.19 0.12 139.00 0.00 1.00 705.00
0.05 0.72 63.00 1.00 1.00 419.50
0.01 0.40 109.00 0.00 0.00 555.00
0.66 0.37 111.00 0.00 0.00 565.00
0.11 0.26 61.00 0.00 1.00 315.00
0.31 0.96 76.00 1.00 0.00 504.00
0.31 0.54 86.00 0.00 0.00 440.00
0.12 0.46 129.00 0.00 1.00 655.00
0.95 0.02 54.00 0.00 0.00 280.00
0.98 0.58 127.00 0.00 0.00 645.00
0.90 0.71 108.00 0.00 0.00 550.00
0.80 0.05 124.00 0.00 1.00 630.00
0.07 0.11 75.00 0.00 0.00 385.00
0.72 0.91 116.00 0.00 1.00 590.00
0.46 0.11 100.00 0.00 0.00 510.00
0.15 0.53 117.00 0.00 1.00 595.00
0.65 0.17 120.00 0.00 0.00 610.00
0.03 0.79 94.00 1.00 1.00 621.00
0.75 0.49 143.00 0.00 1.00 725.00
0.89 0.97 100.00 0.00 1.00 510.00
0.01 0.65 69.00 1.00 0.00 458.50
0.33 0.90 57.00 1.00 1.00 380.50
0.83 0.00 121.00 0.00 1.00 615.00
0.11 0.91 50.00 1.00 0.00 335.00
0.02 0.43 141.00 0.00 0.00 715.00
0.81 0.27 104.00 0.00 1.00 530.00
0.25 0.98 55.00 1.00 0.00 367.50
0.25 0.95 75.00 1.00 1.00 497.50
0.16 0.55 110.00 0.00 1.00 560.00
0.28 0.92 88.00 1.00 0.00 582.00
0.43 0.23 92.00 0.00 1.00 470.00
0.26 0.86 79.00 1.00 0.00 523.50
0.37 0.25 62.00 0.00 0.00 320.00
0.35 0.79 98.00 0.00 1.00 500.00
0.33 0.48 110.00 0.00 1.00 560.00
0.30 0.88 63.00 1.00 0.00 419.50
0.32 0.05 125.00 0.00 0.00 635.00
0.27 0.04 146.00 0.00 1.00 740.00
0.90 0.71 72.00 0.00 0.00 370.00
0.97 0.18 143.00 0.00 0.00 725.00
0.90 0.08 116.00 0.00 0.00 590.00
0.37 0.63 83.00 0.00 1.00 425.00
0.65 0.54 83.00 0.00 0.00 425.00
0.31 0.35 143.00 0.00 0.00 725.00
0.81 0.60 72.00 0.00 0.00 370.00
0.80 0.93 85.00 0.00 0.00 435.00
0.79 0.37 95.00 0.00 0.00 485.00
0.11 0.21 84.00 0.00 0.00 430.00
0.81 0.22 131.00 0.00 1.00 665.00
0.78 0.71 120.00 0.00 1.00 610.00
0.89 0.27 146.00 0.00 0.00 740.00
0.32 0.21 57.00 0.00 1.00 295.00
0.11 0.91 65.00 1.00 1.00 432.50
0.16 0.21 113.00 0.00 1.00 575.00
0.67 0.88 125.00 0.00 0.00 635.00
0.71 0.86 111.00 0.00 1.00 565.00
0.24 0.31 62.00 0.00 0.00 320.00
0.81 0.75 77.00 0.00 1.00 395.00
0.92 0.98 72.00 0.00 1.00 370.00
0.98 0.96 125.00 0.00 1.00 635.00
1.00 0.78 136.00 0.00 0.00 690.00
0.52 0.03 53.00 0.00 0.00 275.00
0.70 0.53 78.00 0.00 1.00 400.00
0.08 0.20 121.00 0.00 0.00 615.00
0.90 0.33 91.00 0.00 0.00 465.00
0.81 0.66 91.00 0.00 0.00 465.00
0.36 0.82 142.00 0.00 1.00 720.00
0.98 0.75 81.00 0.00 1.00 415.00
0.39 0.40 57.00 0.00 1.00 295.00
0.02 0.06 139.00 0.00 1.00 705.00
0.02 0.05 78.00 0.00 0.00 400.00
0.54 0.71 89.00 0.00 1.00 455.00
0.44 0.17 145.00 0.00 1.00 735.00
0.03 0.99 82.00 1.00 1.00 543.00
0.37 0.70 93.00 0.00 0.00 475.00
0.42 0.35 81.00 0.00 0.00 415.00
0.41 0.43 125.00 0.00 0.00 635.00
1.00 0.31 76.00 0.00 0.00 390.00
0.16 0.81 96.00 1.00 1.00 634.00
0.44 0.43 97.00 0.00 1.00 495.00
0.27 0.71 72.00 0.00 1.00 370.00
0.97 0.31 126.00 0.00 1.00 640.00
0.59 0.19 56.00 0.00 0.00 290.00
0.70 0.92 60.00 0.00 0.00 310.00
0.65 0.08 78.00 0.00 1.00 400.00
0.76 0.85 124.00 0.00 0.00 630.00
0.89 0.09 63.00 0.00 1.00 325.00
0.25 0.17 142.00 0.00 1.00 720.00
0.23 0.88 78.00 1.00 1.00 517.00
0.60 0.04 106.00 0.00 0.00 540.00
0.24 0.15 104.00 0.00 0.00 530.00
0.73 0.31 98.00 0.00 1.00 500.00
0.66 0.62 147.00 0.00 1.00 745.00
0.24 0.31 73.00 0.00 0.00 375.00
0.19 0.50 124.00 0.00 0.00 630.00
0.31 0.15 138.00 0.00 1.00 700.00
0.37 0.95 87.00 1.00 0.00 575.50
0.59 0.44 89.00 0.00 0.00 455.00
0.76 0.72 77.00 0.00 1.00 395.00
0.32 0.22 146.00 0.00 0.00 740.00
0.50 0.93 118.00 0.00 1.00 600.00
0.58 0.72 92.00 0.00 1.00 470.00
0.27 0.67 77.00 0.00 1.00 395.00
0.71 0.33 50.00 0.00 1.00 260.00
0.46 0.72 102.00 0.00 0.00 520.00
0.65 0.92 147.00 0.00 0.00 745.00
0.50 0.39 148.00 0.00 1.00 750.00
0.43 0.53 123.00 0.00 1.00 625.00
0.72 0.62 65.00 0.00 0.00 335.00
0.01 0.52 97.00 1.00 1.00 640.50
0.08 0.59 99.00 1.00 0.00 653.50
0.58 0.24 70.00 0.00 0.00 360.00
0.81 0.50 107.00 0.00 1.00 545.00
0.56 0.75 117.00 0.00 1.00 595.00
0.60 0.00 90.00 0.00 0.00 460.00
0.22 0.13 129.00 0.00 0.00 655.00
0.92 0.15 128.00 0.00 1.00 650.00
0.21 0.99 62.00 1.00 1.00 413.00
0.69 0.25 121.00 0.00 0.00 615.00
0.38 0.94 74.00 1.00 1.00 491.00
0.21 0.94 60.00 1.00 0.00 400.00
0.82 0.31 143.00 0.00 0.00 725.00
0.11 0.75 66.00 1.00 1.00 439.00
0.77 0.45 89.00 0.00 0.00 455.00
0.48 0.27 88.00 0.00 1.00 450.00
0.95 0.86 63.00 0.00 1.00 325.00
0.55 0.25 121.00 0.00 1.00 615.00
0.52 0.67 112.00 0.00 0.00 570.00
0.87 0.16 121.00 0.00 1.00 615.00
0.65 0.39 129.00 0.00 0.00 655.00
0.33 0.70 61.00 0.00 0.00 315.00
0.01 0.92 87.00 1.00 1.00 575.50
0.14 0.40 141.00 0.00 1.00 715.00
0.77 0.04 79.00 0.00 0.00 405.00
0.83 0.20 86.00 0.00 1.00 440.00
0.66 0.04 149.00 0.00 0.00 755.00
0.58 0.44 139.00 0.00 1.00 705.00
0.91 0.15 143.00 0.00 0.00 725.00
0.71 0.42 88.00 0.00 0.00 450.00
0.48 0.32 139.00 0.00 1.00 705.00
0.71 0.16 107.00 0.00 1.00 545.00
0.64 0.05 80.00 0.00 0.00 410.00
0.02 0.20 127.00 0.00 1.00 645.00
0.80 0.46 66.00 0.00 0.00 340.00
0.75 0.47 130.00 0.00 1.00 660.00
0.39 0.02 95.00 0.00 0.00 485.00
0.59 0.73 132.00 0.00 1.00 670.00
0.24 0.96 98.00 1.00 0.00 647.00
0.99 0.18 132.00 0.00 0.00 670.00
0.59 0.10 107.00 0.00 1.00 545.00
0.20 0.66 76.00 0.00 1.00 390.00
0.99 0.42 102.00 0.00 0.00 520.00
0.85 0.31 99.00 0.00 1.00 505.00
0.34 0.16 95.00 0.00 1.00 485.00
0.66 0.00 109.00 0.00 0.00 555.00
0.93 0.43 51.00 0.00 1.00 265.00
0.56 0.94 149.00 0.00 0.00 755.00
0.62 0.97 103.00 0.00 0.00 525.00
0.47 0.57 149.00 0.00 1.00 755.00
0.99 0.42 129.00 0.00 0.00 655.00
0.93 0.40 132.00 0.00 1.00 670.00
0.03 0.55 87.00 1.00 1.00 575.50
0.45 0.36 104.00 0.00 0.00 530.00
0.34 0.95 81.00 1.00 0.00 536.50
0.16 0.92 55.00 1.00 1.00 367.50
0.30 0.23 126.00 0.00 0.00 640.00
0.72 0.36 109.00 0.00 1.00 555.00
0.49 0.56 100.00 0.00 0.00 510.00
0.31 0.35 88.00 0.00 1.00 450.00
0.92 0.28 119.00 0.00 0.00 605.00
0.70 0.96 116.00 0.00 1.00 590.00
0.28 0.16 101.00 0.00 0.00 515.00
0.79 0.74 118.00 0.00 1.00 600.00
1.00 0.87 132.00 0.00 0.00 670.00
0.70 0.59 103.00 0.00 1.00 525.00
0.47 0.00 76.00 0.00 1.00 390.00
0.80 0.32 65.00 0.00 0.00 335.00
0.53 0.25 75.00 0.00 0.00 385.00
0.57 0.72 109.00 0.00 0.00 555.00
0.97 0.07 68.00 0.00 1.00 350.00
0.94 0.51 68.00 0.00 0.00 350.00
0.59 0.73 114.00 0.00 0.00 580.00
0.23 0.94 68.00 1.00 0.00 452.00
0.50 0.69 53.00 0.00 0.00 275.00
0.44 0.74 84.00 0.00 1.00 430.00
0.33 0.48 136.00 0.00 1.00 690.00
0.60 0.30 85.00 0.00 0.00 435.00
0.09 0.89 79.00 1.00 0.00 523.50
0.12 0.00 106.00 0.00 1.00 540.00
0.97 0.56 81.00 0.00 1.00 415.00
0.95 0.43 54.00 0.00 0.00 280.00
0.38 0.55 82.00 0.00 1.00 420.00
0.99 0.68 78.00 0.00 0.00 400.00
0.72 0.85 93.00 0.00 0.00 475.00
0.92 0.03 122.00 0.00 1.00 620.00
0.33 0.21 95.00 0.00 0.00 485.00
0.84 0.17 75.00 0.00 0.00 385.00
0.60 0.35 110.00 0.00 1.00 560.00
0.84 0.10 148.00 0.00 0.00 750.00
0.09 0.37 99.00 0.00 1.00 505.00
0.35 0.20 139.00 0.00 1.00 705.00
0.43 0.74 147.00 0.00 0.00 745.00
0.80 0.50 102.00 0.00 1.00 520.00
0.24 0.52 122.00 0.00 0.00 620.00
0.00 0.27 109.00 0.00 0.00 555.00
0.39 0.20 83.00 0.00 1.00 425.00
0.92 0.79 106.00 0.00 1.00 540.00
0.15 0.18 111.00 0.00 0.00 565.00
0.75 0.67 136.00 0.00 1.00 690.00
0.95 0.89 85.00 0.00 0.00 435.00
0.25 0.07 92.00 0.00 0.00 470.00
0.16 0.98 93.00 1.00 1.00 614.50
0.34 0.91 85.00 1.00 1.00 562.50
0.29 0.91 62.00 1.00 0.00 413.00
0.27 0.41 88.00 0.00 0.00 450.00
0.47 0.07 50.00 0.00 0.00 260.00
0.56 0.71 131.00 0.00 0.00 665.00
0.01 0.58 86.00 1.00 1.00 569.00
0.84 0.75 75.00 0.00 1.00 385.00
0.14 0.24 51.00 0.00 0.00 265.00
0.76 0.07 144.00 0.00 1.00 730.00
0.08 0.53 135.00 0.00 0.00 685.00
0.76 0.67 117.00 0.00 0.00 595.00
0.36 0.44 110.00 0.00 1.00 560.00
0.24 0.91 57.00 1.00 0.00 380.50
0.76 0.84 113.00 0.00 0.00 575.00
0.06 0.06 78.00 0.00 1.00 400.00
0.45 0.01 57.00 0.00 0.00 295.00
0.90 0.17 51.00 0.00 0.00 265.00
0.91 0.73 65.00 0.00 1.00 335.00
0.47 0.69 81.00 0.00 0.00 415.00
0.83 0.97 129.00 0.00 1.00 655.00
0.67 0.68 131.00 0.00 0.00 665.00
0.26 0.04 95.00 0.00 0.00 485.00
0.36 0.67 73.00 0.00 1.00 375.00
0.93 0.99 132.00 0.00 0.00 670.00
0.88 0.12 138.00 0.00 0.00 700.00
0.96 0.46 64.00 0.00 0.00 330.00
0.22 0.67 106.00 0.00 0.00 540.00
0.15 0.20 92.00 0.00 1.00 470.00
0.12 0.17 72.00 0.00 0.00 370.00
0.48 0.36 78.00 0.00 1.00 400.00
0.26 0.28 110.00 0.00 1.00 560.00
0.95 0.64 86.00 0.00 1.00 440.00
0.49 0.02 61.00 0.00 0.00 315.00
0.72 0.57 95.00 0.00 1.00 485.00
1.00 0.81 119.00 0.00 1.00 605.00
0.44 0.85 140.00 0.00 1.00 710.00
0.02 0.59 73.00 1.00 1.00 484.50
0.02 0.32 65.00 0.00 1.00 335.00
0.47 0.15 67.00 0.00 1.00 345.00
0.64 0.15 71.00 0.00 1.00 365.00
0.11 0.48 102.00 0.00 1.00 520.00
0.22 0.61 144.00 0.00 0.00 730.00
0.73 0.38 51.00 0.00 0.00 265.00
0.71 0.98 107.00 0.00 1.00 545.00
0.96 0.97 129.00 0.00 0.00 655.00
0.73 0.37 63.00 0.00 0.00 325.00
0.84 0.08 87.00 0.00 1.00 445.00
0.59 0.58 74.00 0.00 1.00 380.00
0.68 0.54 143.00 0.00 0.00 725.00
0.71 0.96 148.00 0.00 0.00 750.00
0.18 0.59 56.00 0.00 1.00 290.00
0.38 0.33 112.00 0.00 0.00 570.00
0.40 0.81 59.00 0.00 1.00 305.00
0.39 0.31 82.00 0.00 1.00 420.00
0.19 0.86 74.00 1.00 1.00 491.00
0.42 0.57 84.00 0.00 0.00 430.00
0.74 0.46 85.00 0.00 1.00 435.00
0.99 0.34 112.00 0.00 0.00 570.00
0.07 0.34 93.00 0.00 0.00 475.00
0.85 0.17 114.00 0.00 1.00 580.00
0.78 0.41 135.00 0.00 1.00 685.00
0.48 0.78 79.00 0.00 1.00 405.00
0.30 0.46 85.00 0.00 0.00 435.00
0.48 0.59 79.00 0.00 0.00 405.00
0.39 0.97 91.00 1.00 1.00 601.50
0.90 0.26 82.00 0.00 0.00 420.00
0.28 0.92 95.00 1.00 0.00 627.50
0.09 0.60 78.00 1.00 1.00 517.00
0.50 0.58 56.00 0.00 1.00 290.00
0.18 0.09 108.00 0.00 1.00 550.00
0.23 0.68 92.00 0.00 0.00 470.00
0.70 0.64 148.00 0.00 0.00 750.00
0.89 0.63 54.00 0.00 0.00 280.00
0.90 0.66 97.00 0.00 1.00 495.00
0.81 0.64 101.00 0.00 0.00 515.00
0.79 0.31 71.00 0.00 1.00 365.00
0.81 0.13 73.00 0.00 0.00 375.00
0.32 0.29 145.00 0.00 0.00 735.00
0.62 0.27 89.00 0.00 0.00 455.00
0.18 0.17 68.00 0.00 1.00 350.00
0.85 0.06 89.00 0.00 0.00 455.00
0.96 0.15 133.00 0.00 0.00 675.00
0.25 0.13 83.00 0.00 1.00 425.00
0.07 0.91 93.00 1.00 1.00 614.50
0.73 0.36 80.00 0.00 1.00 410.00
0.92 0.47 55.00 0.00 0.00 285.00
0.84 0.77 122.00 0.00 0.00 620.00
0.01 0.64 74.00 1.00 0.00 491.00
0.43 0.66 132.00 0.00 0.00 670.00
0.40 0.78 63.00 0.00 1.00 325.00
0.42 0.11 91.00 0.00 1.00 465.00
0.14 0.08 89.00 0.00 0.00 455.00
0.76 0.51 56.00 0.00 1.00 290.00
0.69 0.96 94.00 0.00 1.00 480.00
0.61 0.58 111.00 0.00 0.00 565.00
0.93 0.77 64.00 0.00 1.00 330.00
0.72 0.19 60.00 0.00 0.00 310.00
0.32 0.03 120.00 0.00 1.00 610.00
0.82 0.22 61.00 0.00 1.00 315.00
0.95 0.77 64.00 0.00 1.00 330.00
0.16 0.18 77.00 0.00 0.00 395.00
0.53 0.38 83.00 0.00 0.00 425.00
0.78 0.94 138.00 0.00 1.00 700.00
0.36 0.97 66.00 1.00 0.00 439.00
0.37 0.96 64.00 1.00 1.00 426.00
0.70 0.47 126.00 0.00 0.00 640.00
0.55 0.70 135.00 0.00 0.00 685.00
0.62 0.43 122.00 0.00 0.00 620.00
0.21 0.17 66.00 0.00 1.00 340.00
0.64 0.61 67.00 0.00 1.00 345.00
0.50 0.31 143.00 0.00 0.00 725.00
0.66 0.77 125.00 0.00 1.00 635.00
0.29 0.46 65.00 0.00 0.00 335.00
0.14 0.99 81.00 1.00 1.00 536.50
0.84 0.76 56.00 0.00 1.00 290.00
0.11 0.07 93.00 0.00 0.00 475.00
0.11 0.74 51.00 1.00 1.00 341.50
0.46 0.04 79.00 0.00 0.00 405.00
0.41 0.92 60.00 1.00 1.00 400.00
0.95 0.01 56.00 0.00 1.00 290.00
0.41 0.04 128.00 0.00 1.00 650.00
0.33 0.06 71.00 0.00 0.00 365.00
0.32 0.46 87.00 0.00 0.00 445.00
0.25 0.15 53.00 0.00 0.00 275.00
0.74 0.02 52.00 0.00 0.00 270.00
0.03 0.59 84.00 1.00 1.00 556.00
0.65 0.52 65.00 0.00 0.00 335.00
0.07 0.80 53.00 1.00 1.00 354.50
0.24 0.09 134.00 0.00 1.00 680.00
0.09 0.09 117.00 0.00 1.00 595.00
0.76 0.69 53.00 0.00 1.00 275.00
0.22 1.00 76.00 1.00 1.00 504.00
0.68 0.99 83.00 0.00 0.00 425.00
0.47 0.15 146.00 0.00 0.00 740.00
0.93 0.44 131.00 0.00 0.00 665.00
0.16 0.65 93.00 0.00 0.00 475.00
0.48 0.80 80.00 0.00 0.00 410.00
0.09 0.05 97.00 0.00 1.00 495.00
0.18 0.42 82.00 0.00 0.00 420.00
0.07 0.04 93.00 0.00 1.00 475.00
0.34 0.82 120.00 0.00 0.00 610.00
0.68 0.84 131.00 0.00 0.00 665.00
0.28 0.93 86.00 1.00 0.00 569.00
0.31 0.15 117.00 0.00 1.00 595.00
0.05 0.62 55.00 1.00 0.00 367.50
0.30 0.66 57.00 0.00 1.00 295.00
0.86 0.39 145.00 0.00 1.00 735.00
0.57 0.24 138.00 0.00 0.00 700.00
0.97 0.04 109.00 0.00 0.00 555.00
0.69 0.26 95.00 0.00 1.00 485.00
0.13 0.33 53.00 0.00 0.00 275.00
0.16 0.84 68.00 1.00 0.00 452.00
0.39 0.00 121.00 0.00 1.00 615.00
0.17 0.48 87.00 0.00 0.00 445.00
0.03 0.91 92.00 1.00 0.00 608.00
0.23 0.06 50.00 0.00 0.00 260.00
0.40 0.70 108.00 0.00 1.00 550.00
0.52 0.04 107.00 0.00 0.00 545.00
0.21 0.14 88.00 0.00 0.00 450.00
0.17 0.18 118.00 0.00 1.00 600.00
0.69 0.74 105.00 0.00 0.00 535.00
0.10 0.92 56.00 1.00 1.00 374.00
0.35 0.95 93.00 1.00 0.00 614.50
0.81 0.07 79.00 0.00 1.00 405.00
0.46 0.63 75.00 0.00 0.00 385.00
0.63 0.42 111.00 0.00 0.00 565.00
0.20 0.65 53.00 0.00 1.00 275.00
0.09 0.56 140.00 0.00 0.00 710.00
0.98 0.70 90.00 0.00 0.00 460.00
0.37 0.38 117.00 0.00 0.00 595.00
0.58 0.41 64.00 0.00 0.00 330.00
0.25 0.16 119.00 0.00 1.00 605.00
0.99 0.15 104.00 0.00 1.00 530.00
0.57 0.46 57.00 0.00 0.00 295.00
0.52 0.61 128.00 0.00 0.00 650.00
0.88 0.63 141.00 0.00 1.00 715.00
0.01 0.00 72.00 0.00 0.00 370.00
0.73 0.34 105.00 0.00 0.00 535.00
0.32 0.27 75.00 0.00 1.00 385.00
0.65 0.11 132.00 0.00 0.00 670.00
0.83 0.87 95.00 0.00 1.00 485.00
0.43 0.53 85.00 0.00 1.00 435.00
0.16 0.63 57.00 0.00 0.00 295.00
0.48 0.12 91.00 0.00 1.00 465.00
0.33 0.70 92.00 0.00 0.00 470.00
0.24 0.10 118.00 0.00 1.00 600.00
0.61 0.40 56.00 0.00 1.00 290.00
0.21 0.15 107.00 0.00 0.00 545.00
0.48 0.03 54.00 0.00 1.00 280.00
0.44 0.56 125.00 0.00 0.00 635.00
0.36 0.57 121.00 0.00 1.00 615.00
0.36 0.07 137.00 0.00 1.00 695.00
0.21 0.70 76.00 0.00 0.00 390.00
0.37 0.36 109.00 0.00 0.00 555.00
0.15 0.21 146.00 0.00 1.00 740.00
0.71 0.36 78.00 0.00 1.00 400.00
0.82 0.90 98.00 0.00 1.00 500.00
0.29 0.69 93.00 0.00 0.00 475.00
0.71 0.95 87.00 0.00 0.00 445.00
0.94 0.82 139.00 0.00 0.00 705.00
0.14 0.66 99.00 1.00 1.00 653.50
0.49 0.29 80.00 0.00 0.00 410.00
0.66 0.39 107.00 0.00 0.00 545.00
0.52 0.47 57.00 0.00 0.00 295.00
0.13 0.66 94.00 1.00 1.00 621.00
0.40 0.00 92.00 0.00 0.00 470.00
0.41 0.83 59.00 0.00 0.00 305.00
0.43 0.43 77.00 0.00 0.00 395.00
0.12 0.84 95.00 1.00 1.00 627.50
0.26 0.25 148.00 0.00 0.00 750.00
0.47 0.16 86.00 0.00 1.00 440.00
0.88 0.07 134.00 0.00 0.00 680.00
0.78 0.86 139.00 0.00 1.00 705.00
0.80 0.95 116.00 0.00 1.00 590.00
0.00 0.19 144.00 0.00 0.00 730.00
0.86 0.21 98.00 0.00 0.00 500.00
0.20 0.34 80.00 0.00 0.00 410.00
0.92 0.63 114.00 0.00 0.00 580.00
0.12 0.12 81.00 0.00 1.00 415.00
0.10 0.37 110.00 0.00 0.00 560.00
0.41 0.42 144.00 0.00 1.00 730.00
0.83 0.54 107.00 0.00 1.00 545.00
0.66 0.62 65.00 0.00 0.00 335.00
0.84 0.99 52.00 0.00 0.00 270.00
0.30 0.54 99.00 0.00 0.00 505.00
0.29 0.68 92.00 0.00 1.00 470.00
0.22 0.11 108.00 0.00 1.00 550.00
0.87 0.24 136.00 0.00 0.00 690.00
0.99 0.29 119.00 0.00 1.00 605.00
0.12 0.93 98.00 1.00 0.00 647.00
0.52 0.87 51.00 0.00 1.00 265.00
0.36 0.92 92.00 1.00 1.00 608.00
0.79 0.36 117.00 0.00 0.00 595.00
0.89 0.00 132.00 0.00 0.00 670.00
0.86 0.77 100.00 0.00 0.00 510.00
0.85 0.08 80.00 0.00 1.00 410.00
0.43 0.26 75.00 0.00 1.00 385.00
0.76 0.37 116.00 0.00 1.00 590.00
0.06 0.62 85.00 1.00 1.00 562.50
0.25 0.30 112.00 0.00 0.00 570.00
0.60 0.31 132.00 0.00 1.00 670.00
0.27 0.14 127.00 0.00 0.00 645.00
0.94 0.79 123.00 0.00 0.00 625.00
0.61 0.32 55.00 0.00 1.00 285.00
0.94 0.29 63.00 0.00 1.00 325.00
0.95 0.85 82.00 0.00 1.00 420.00
0.60 0.90 80.00 0.00 1.00 410.00
0.94 0.08 116.00 0.00 1.00 590.00
0.45 0.09 83.00 0.00 1.00 425.00
0.04 0.05 118.00 0.00 0.00 600.00
0.05 0.65 89.00 1.00 1.00 588.50
0.35 0.05 116.00 0.00 0.00 590.00
0.20 0.79 57.00 1.00 0.00 380.50
0.89 0.91 146.00 0.00 1.00 740.00
0.13 0.53 145.00 0.00 0.00 735.00
0.52 0.18 101.00 0.00 1.00 515.00
0.99 0.62 60.00 0.00 0.00 310.00
0.99 0.05 95.00 0.00 0.00 485.00
0.16 0.10 75.00 0.00 0.00 385.00
0.41 0.48 75.00 0.00 1.00 385.00
0.69 0.40 101.00 0.00 1.00 515.00
0.36 0.71 100.00 0.00 1.00 510.00
0.66 0.53 75.00 0.00 0.00 385.00
0.17 0.93 73.00 1.00 1.00 484.50
0.48 0.66 135.00 0.00 1.00 685.00
0.26 0.27 81.00 0.00 1.00 415.00
0.86 0.19 99.00 0.00 0.00 505.00
0.06 0.84 73.00 1.00 1.00 484.50
0.70 0.80 89.00 0.00 1.00 455.00
0.76 0.61 63.00 0.00 0.00 325.00
0.13 0.76 98.00 1.00 0.00 647.00
0.16 0.49 91.00 0.00 0.00 465.00
0.82 0.98 95.00 0.00 0.00 485.00
0.90 0.96 95.00 0.00 0.00 485.00
0.98 0.55 148.00 0.00 0.00 750.00
0.74 0.89 130.00 0.00 1.00 660.00
0.77 0.03 94.00 0.00 1.00 480.00
0.25 0.77 88.00 1.00 1.00 582.00
0.84 0.44 124.00 0.00 1.00 630.00
0.02 0.45 112.00 0.00 1.00 570.00
0.14 0.13 104.00 0.00 0.00 530.00
0.36 0.05 143.00 0.00 0.00 725.00
0.39 0.01 116.00 0.00 1.00 590.00
0.43 0.54 71.00 0.00 0.00 365.00
0.85 0.18 84.00 0.00 0.00 430.00
0.71 0.64 62.00 0.00 1.00 320.00
0.45 0.48 87.00 0.00 0.00 445.00
0.74 0.55 140.00 0.00 1.00 710.00
0.11 0.06 74.00 0.00 1.00 380.00
0.27 0.87 84.00 1.00 1.00 556.00
0.72 0.72 120.00 0.00 1.00 610.00
0.93 0.94 56.00 0.00 0.00 290.00
0.58 0.88 114.00 0.00 1.00 580.00
0.24 0.28 62.00 0.00 0.00 320.00
0.68 0.25 119.00 0.00 1.00 605.00
0.91 0.26 65.00 0.00 1.00 335.00
0.30 0.83 63.00 1.00 0.00 419.50
0.48 0.03 98.00 0.00 0.00 500.00
0.14 0.72 87.00 1.00 0.00 575.50
0.84 0.54 81.00 0.00 1.00 415.00
0.57 0.63 146.00 0.00 1.00 740.00
0.03 0.64 76.00 1.00 0.00 504.00
0.19 0.03 84.00 0.00 0.00 430.00
0.94 0.81 135.00 0.00 1.00 685.00
0.65 0.10 120.00 0.00 0.00 610.00
0.03 0.92 96.00 1.00 1.00 634.00
0.89 0.51 133.00 0.00 1.00 675.00
0.01 0.65 50.00 1.00 0.00 335.00
0.01 0.59 72.00 1.00 1.00 478.00
0.00 0.37 104.00 0.00 1.00 530.00
0.04 0.65 90.00 1.00 1.00 595.00
0.39 0.76 74.00 0.00 0.00 380.00
0.31 0.64 65.00 0.00 1.00 335.00
0.33 0.02 148.00 0.00 0.00 750.00
0.45 0.64 133.00 0.00 1.00 675.00
0.98 0.02 100.00 0.00 1.00 510.00
0.83 0.84 138.00 0.00 0.00 700.00
0.81 0.95 132.00 0.00 1.00 670.00
0.70 0.68 77.00 0.00 0.00 395.00
0.49 0.90 117.00 0.00 1.00 595.00
0.56 0.25 76.00 0.00 0.00 390.00
0.04 0.80 77.00 1.00 1.00 510.50
0.24 0.10 101.00 0.00 0.00 515.00
0.13 0.80 52.00 1.00 0.00 348.00
0.69 0.68 69.00 0.00 0.00 355.00
0.22 0.69 50.00 0.00 1.00 260.00
0.83 0.78 147.00 0.00 1.00 745.00
0.24 0.97 86.00 1.00 1.00 569.00
0.92 0.47 70.00 0.00 0.00 360.00
0.98 0.83 123.00 0.00 1.00 625.00
0.49 0.78 84.00 0.00 0.00 430.00
0.88 0.18 58.00 0.00 1.00 300.00
0.20 0.35 81.00 0.00 1.00 415.00
0.09 0.17 101.00 0.00 0.00 515.00
0.73 0.93 140.00 0.00 1.00 710.00
0.11 0.78 82.00 1.00 0.00 543.00
0.81 0.97 109.00 0.00 1.00 555.00
0.77 0.33 112.00 0.00 0.00 570.00
0.06 0.05 59.00 0.00 0.00 305.00
0.14 0.46 130.00 0.00 0.00 660.00
0.64 0.11 50.00 0.00 0.00 260.00
0.38 0.86 89.00 0.00 1.00 455.00
0.28 0.05 77.00 0.00 0.00 395.00
0.36 0.88 54.00 1.00 0.00 361.00
0.28 0.49 74.00 0.00 0.00 380.00
0.89 0.75 144.00 0.00 0.00 730.00
0.94 0.40 66.00 0.00 0.00 340.00
0.72 0.62 87.00 0.00 0.00 445.00
0.52 0.40 112.00 0.00 1.00 570.00
0.74 0.63 117.00 0.00 0.00 595.00
0.87 0.82 102.00 0.00 1.00 520.00
0.07 0.05 133.00 0.00 0.00 675.00
0.12 0.92 57.00 1.00 0.00 380.50
0.11 0.47 85.00 0.00 0.00 435.00
0.23 0.99 63.00 1.00 1.00 419.50
0.87 0.56 83.00 0.00 0.00 425.00
0.78 0.52 90.00 0.00 0.00 460.00
0.27 0.85 65.00 1.00 1.00 432.50
0.76 0.57 123.00 0.00 0.00 625.00
0.96 0.62 70.00 0.00 1.00 360.00
0.73 0.15 61.00 0.00 0.00 315.00
0.59 0.47 142.00 0.00 0.00 720.00
0.68 0.17 115.00 0.00 1.00 585.00
0.12 0.82 96.00 1.00 1.00 634.00
0.97 0.55 88.00 0.00 0.00 450.00
0.08 0.13 123.00 0.00 1.00 625.00
0.31 0.03 73.00 0.00 1.00 375.00
0.59 0.01 73.00 0.00 1.00 375.00
0.61 0.27 66.00 0.00 0.00 340.00
0.21 0.03 69.00 0.00 0.00 355.00
0.08 0.50 81.00 0.00 1.00 415.00
0.65 0.39 53.00 0.00 1.00 275.00
0.27 0.06 116.00 0.00 1.00 590.00
0.74 0.10 50.00 0.00 0.00 260.00
0.52 0.15 78.00 0.00 1.00 400.00
0.20 0.48 68.00 0.00 0.00 350.00
0.89 0.57 77.00 0.00 1.00 395.00
0.56 0.31 85.00 0.00 1.00 435.00
0.90 0.92 131.00 0.00 1.00 665.00
0.61 0.22 107.00 0.00 1.00 545.00
0.72 0.67 108.00 0.00 1.00 550.00
0.26 0.21 135.00 0.00 0.00 685.00
0.71 0.30 66.00 0.00 1.00 340.00
0.29 0.68 86.00 0.00 0.00 440.00
0.48 0.41 86.00 0.00 1.00 440.00
0.01 0.26 103.00 0.00 1.00 525.00
0.36 0.27 78.00 0.00 0.00 400.00
0.04 0.18 91.00 0.00 0.00 465.00
0.22 0.01 86.00 0.00 1.00 440.00
0.44 0.19 108.00 0.00 0.00 550.00
0.14 0.06 51.00 0.00 0.00 265.00
0.96 0.02 68.00 0.00 0.00 350.00
0.27 0.63 50.00 0.00 1.00 260.00
0.20 0.56 108.00 0.00 0.00 550.00
0.91 0.48 141.00 0.00 0.00 715.00
0.71 0.86 99.00 0.00 0.00 505.00
0.87 0.02 132.00 0.00 1.00 670.00
0.21 0.19 72.00 0.00 1.00 370.00
0.24 0.55 73.00 0.00 1.00 375.00
0.88 0.03 66.00 0.00 1.00 340.00
1.00 0.47 104.00 0.00 1.00 530.00
0.96 0.18 148.00 0.00 1.00 750.00
0.50 0.48 109.00 0.00 1.00 555.00
0.39 0.43 106.00 0.00 1.00 540.00
0.40 0.06 97.00 0.00 1.00 495.00
0.76 0.44 114.00 0.00 0.00 580.00
0.23 0.60 122.00 0.00 1.00 620.00
0.78 0.56 115.00 0.00 0.00 585.00
0.64 0.84 108.00 0.00 0.00 550.00
0.46 0.64 116.00 0.00 0.00 590.00
0.10 0.47 141.00 0.00 0.00 715.00
0.47 0.84 84.00 0.00 0.00 430.00
0.93 0.58 89.00 0.00 1.00 455.00
0.93 0.40 68.00 0.00 0.00 350.00
0.59 0.17 141.00 0.00 1.00 715.00
0.84 0.94 115.00 0.00 1.00 585.00
0.31 0.66 92.00 0.00 0.00 470.00
0.54 0.10 117.00 0.00 1.00 595.00
0.60 0.79 94.00 0.00 0.00 480.00
0.02 0.25 115.00 0.00 1.00 585.00
0.18 0.96 59.00 1.00 1.00 393.50
0.11 1.00 85.00 1.00 0.00 562.50
0.93 0.57 138.00 0.00 0.00 700.00
0.04 0.64 98.00 1.00 1.00 647.00
0.98 0.17 53.00 0.00 1.00 275.00
0.24 0.96 60.00 1.00 0.00 400.00
0.12 0.16 96.00 0.00 1.00 490.00
0.44 0.91 148.00 0.00 1.00 750.00
0.78 0.01 97.00 0.00 0.00 495.00
0.44 0.21 83.00 0.00 1.00 425.00
0.87 0.81 59.00 0.00 0.00 305.00
0.27 0.62 97.00 0.00 0.00 495.00
0.47 0.95 123.00 0.00 0.00 625.00
0.78 0.87 72.00 0.00 1.00 370.00
0.85 0.63 132.00 0.00 1.00 670.00
0.46 0.18 147.00 0.00 1.00 745.00
0.66 0.94 82.00 0.00 0.00 420.00
0.77 0.79 107.00 0.00 1.00 545.00
0.63 0.43 111.00 0.00 1.00 565.00
0.20 0.23 125.00 0.00 1.00 635.00
0.85 0.46 57.00 0.00 1.00 295.00
0.84 0.55 55.00 0.00 1.00 285.00
0.41 0.82 128.00 0.00 0.00 650.00
0.66 0.98 66.00 0.00 1.00 340.00
0.43 0.70 80.00 0.00 0.00 410.00
0.58 0.45 140.00 0.00 1.00 710.00
0.52 0.97 116.00 0.00 0.00 590.00
0.13 0.64 55.00 1.00 0.00 367.50
0.94 0.70 65.00 0.00 1.00 335.00
0.23 0.25 139.00 0.00 0.00 705.00
0.88 0.30 140.00 0.00 1.00 710.00
0.24 0.11 74.00 0.00 1.00 380.00
0.24 0.43 50.00 0.00 1.00 260.00
0.69 0.42 63.00 0.00 0.00 325.00
0.87 0.43 65.00 0.00 1.00 335.00
0.18 0.47 100.00 0.00 0.00 510.00
0.45 0.72 123.00 0.00 0.00 625.00
0.19 0.76 92.00 1.00 1.00 608.00
0.98 0.22 68.00 0.00 1.00 350.00
0.49 0.88 148.00 0.00 0.00 750.00
0.83 0.40 133.00 0.00 1.00 675.00
0.38 0.68 69.00 0.00 0.00 355.00
0.05 0.93 53.00 1.00 0.00 354.50
0.29 0.21 76.00 0.00 0.00 390.00
0.94 0.63 128.00 0.00 1.00 650.00
0.01 0.92 68.00 1.00 1.00 452.00
0.67 0.43 86.00 0.00 0.00 440.00
0.98 0.50 134.00 0.00 0.00 680.00
0.39 0.27 143.00 0.00 1.00 725.00
0.31 0.23 145.00 0.00 1.00 735.00
0.25 0.09 100.00 0.00 0.00 510.00
0.39 0.15 141.00 0.00 0.00 715.00
0.16 0.65 96.00 0.00 1.00 490.00
0.32 0.64 98.00 0.00 1.00 500.00
0.51 0.88 121.00 0.00 1.00 615.00
0.47 0.11 126.00 0.00 1.00 640.00
0.60 0.11 123.00 0.00 1.00 625.00
0.82 0.51 119.00 0.00 1.00 605.00
0.31 0.00 92.00 0.00 1.00 470.00
0.96 0.58 63.00 0.00 0.00 325.00
0.17 0.68 55.00 1.00 0.00 367.50
0.91 0.80 107.00 0.00 0.00 545.00
0.50 0.31 139.00 0.00 1.00 705.00
0.37 0.92 93.00 1.00 0.00 614.50
0.37 0.42 121.00 0.00 0.00 615.00
0.31 0.69 84.00 0.00 1.00 430.00
0.42 0.18 106.00 0.00 1.00 540.00
0.00 0.19 126.00 0.00 0.00 640.00
0.02 0.49 85.00 0.00 1.00 435.00
0.26 0.06 104.00 0.00 0.00 530.00
0.52 0.11 93.00 0.00 1.00 475.00
0.19 0.16 93.00 0.00 0.00 475.00
0.49 0.18 71.00 0.00 1.00 365.00
0.58 0.11 93.00 0.00 0.00 475.00
0.59 0.28 143.00 0.00 1.00 725.00
0.78 0.64 71.00 0.00 1.00 365.00
0.61 0.79 82.00 0.00 0.00 420.00
0.65 0.55 97.00 0.00 1.00 495.00
0.58 0.35 120.00 0.00 1.00 610.00
0.36 0.32 64.00 0.00 0.00 330.00
0.20 0.39 117.00 0.00 0.00 595.00
0.64 0.28 115.00 0.00 1.00 585.00
0.22 0.83 75.00 1.00 1.00 497.50
0.58 0.80 147.00 0.00 0.00 745.00
0.85 0.98 142.00 0.00 0.00 720.00
0.56 0.40 54.00 0.00 0.00 280.00
0.16 0.82 55.00 1.00 0.00 367.50
0.57 0.46 144.00 0.00 0.00 730.00
0.86 0.90 62.00 0.00 1.00 320.00
0.19 0.42 132.00 0.00 1.00 670.00
0.61 0.64 115.00 0.00 0.00 585.00
0.00 0.05 95.00 0.00 0.00 485.00
0.60 0.43 95.00 0.00 1.00 485.00
0.91 0.51 129.00 0.00 0.00 655.00
0.13 0.38 91.00 0.00 1.00 465.00
0.25 0.84 78.00 1.00 0.00 517.00
0.92 0.26 61.00 0.00 1.00 315.00
0.20 0.52 106.00 0.00 0.00 540.00
0.73 0.93 89.00 0.00 1.00 455.00
0.57 0.70 123.00 0.00 0.00 625.00
0.23 0.79 61.00 1.00 0.00 406.50
0.79 0.15 104.00 0.00 1.00 530.00
0.47 0.47 81.00 0.00 1.00 415.00
0.84 0.29 69.00 0.00 0.00 355.00
0.49 0.82 95.00 0.00 1.00 485.00
0.79 0.14 134.00 0.00 0.00 680.00
0.40 0.48 62.00 0.00 0.00 320.00
0.85 0.66 68.00 0.00 1.00 350.00
0.79 0.38 69.00 0.00 0.00 355.00
0.47 0.66 113.00 0.00 1.00 575.00
0.14 0.46 123.00 0.00 1.00 625.00
0.02 0.92 88.00 1.00 1.00 582.00
0.56 0.90 146.00 0.00 0.00 740.00
0.18 0.96 75.00 1.00 0.00 497.50
0.70 0.23 103.00 0.00 1.00 525.00
0.10 0.05 140.00 0.00 1.00 710.00
0.21 0.91 97.00 1.00 1.00 640.50
0.08 0.41 116.00 0.00 1.00 590.00
0.63 0.10 73.00 0.00 1.00 375.00
0.51 0.60 85.00 0.00 0.00 435.00
0.88 0.52 72.00 0.00 1.00 370.00
0.97 0.36 141.00 0.00 0.00 715.00
0.18 0.05 55.00 0.00 1.00 285.00
0.59 0.22 75.00 0.00 1.00 385.00
0.88 0.29 138.00 0.00 0.00 700.00
0.97 0.82 110.00 0.00 0.00 560.00
0.87 0.73 55.00 0.00 1.00 285.00
0.29 0.38 80.00 0.00 1.00 410.00
0.89 0.97 88.00 0.00 1.00 450.00
0.33 0.93 96.00 1.00 1.00 634.00
0.64 0.64 129.00 0.00 1.00 655.00
0.70 0.14 120.00 0.00 0.00 610.00
0.06 0.49 124.00 0.00 0.00 630.00
0.14 0.19 141.00 0.00 1.00 715.00
0.34 0.50 81.00 0.00 1.00 415.00
0.20 0.17 77.00 0.00 0.00 395.00
0.03 0.48 55.00 0.00 0.00 285.00
0.90 0.49 105.00 0.00 0.00 535.00
0.27 0.83 96.00 1.00 1.00 634.00
0.51 0.66 136.00 0.00 1.00 690.00
0.35 0.10 126.00 0.00 1.00 640.00
0.91 0.68 104.00 0.00 0.00 530.00
0.93 0.36 106.00 0.00 0.00 540.00
0.29 0.94 59.00 1.00 0.00 393.50
0.74 0.50 90.00 0.00 0.00 460.00
0.41 0.62 127.00 0.00 0.00 645.00
0.26 0.49 129.00 0.00 0.00 655.00
0.64 0.42 96.00 0.00 0.00 490.00
0.04 0.74 53.00 1.00 1.00 354.50
0.55 0.52 85.00 0.00 0.00 435.00
0.97 0.82 124.00 0.00 0.00 630.00
0.69 0.59 68.00 0.00 1.00 350.00
0.28 0.53 100.00 0.00 0.00 510.00
0.99 0.38 144.00 0.00 1.00 730.00
0.81 0.88 147.00 0.00 0.00 745.00
0.01 0.33 93.00 0.00 1.00 475.00
0.75 0.58 149.00 0.00 0.00 755.00
0.77 0.16 101.00 0.00 1.00 515.00
0.40 0.77 73.00 0.00 1.00 375.00
0.78 0.56 89.00 0.00 0.00 455.00
0.82 0.98 112.00 0.00 0.00 570.00
0.13 0.54 60.00 0.00 1.00 310.00
0.06 0.49 51.00 0.00 1.00 265.00
0.84 0.28 65.00 0.00 0.00 335.00
0.12 0.14 134.00 0.00 0.00 680.00
0.71 0.63 58.00 0.00 1.00 300.00
0.46 0.22 67.00 0.00 0.00 345.00
0.94 0.49 115.00 0.00 1.00 585.00
0.48 0.29 81.00 0.00 1.00 415.00
0.48 0.78 71.00 0.00 0.00 365.00
0.68 0.99 147.00 0.00 1.00 745.00
0.38 0.12 127.00 0.00 1.00 645.00
0.64 0.82 95.00 0.00 0.00 485.00
0.87 0.99 125.00 0.00 0.00 635.00
0.37 0.74 81.00 0.00 0.00 415.00
0.04 0.80 63.00 1.00 1.00 419.50
0.25 0.81 78.00 1.00 0.00 517.00
0.87 0.05 135.00 0.00 0.00 685.00
0.64 0.94 81.00 0.00 0.00 415.00
0.62 0.39 125.00 0.00 0.00 635.00
0.34 0.70 140.00 0.00 1.00 710.00
0.80 0.87 132.00 0.00 1.00 670.00
0.30 0.30 58.00 0.00 0.00 300.00
0.05 0.62 69.00 1.00 0.00 458.50
0.97 0.12 54.00 0.00 1.00 280.00
0.19 0.98 65.00 1.00 0.00 432.50
0.21 0.48 91.00 0.00 0.00 465.00
0.56 0.47 117.00 0.00 0.00 595.00
0.34 0.08 64.00 0.00 1.00 330.00
0.73 0.36 88.00 0.00 1.00 450.00
0.66 0.18 80.00 0.00 0.00 410.00
0.97 0.24 132.00 0.00 0.00 670.00
0.85 0.41 63.00 0.00 1.00 325.00
0.44 0.74 108.00 0.00 0.00 550.00
0.86 0.96 132.00 0.00 0.00 670.00
0.65 0.06 83.00 0.00 1.00 425.00
0.69 0.83 144.00 0.00 1.00 730.00
0.97 0.87 104.00 0.00 0.00 530.00
0.24 0.23 97.00 0.00 1.00 495.00
0.79 0.64 102.00 0.00 0.00 520.00
0.64 0.18 87.00 0.00 0.00 445.00
0.67 0.90 83.00 0.00 0.00 425.00
0.40 0.44 115.00 0.00 0.00 585.00
0.13 0.09 124.00 0.00 0.00 630.00
0.84 0.25 83.00 0.00 1.00 425.00
0.17 0.43 117.00 0.00 0.00 595.00
0.62 0.17 142.00 0.00 0.00 720.00
0.52 0.61 89.00 0.00 0.00 455.00
0.36 0.65 95.00 0.00 0.00 485.00
0.11 0.30 103.00 0.00 1.00 525.00
0.67 0.08 101.00 0.00 1.00 515.00
0.67 0.52 50.00 0.00 1.00 260.00
0.77 0.92 56.00 0.00 0.00 290.00
0.25 0.90 80.00 1.00 0.00 530.00
0.88 0.74 97.00 0.00 0.00 495.00
0.29 0.37 69.00 0.00 1.00 355.00
0.70 0.37 113.00 0.00 1.00 575.00
0.57 0.39 110.00 0.00 0.00 560.00
0.39 0.28 53.00 0.00 0.00 275.00
0.29 0.21 102.00 0.00 0.00 520.00
0.20 0.38 76.00 0.00 1.00 390.00
0.67 0.98 107.00 0.00 0.00 545.00
0.82 0.06 81.00 0.00 1.00 415.00
0.31 0.60 118.00 0.00 1.00 600.00
0.28 0.12 114.00 0.00 0.00 580.00
0.18 0.05 140.00 0.00 0.00 710.00
0.85 0.02 74.00 0.00 1.00 380.00
0.97 0.53 68.00 0.00 0.00 350.00
0.21 0.97 56.00 1.00 1.00 374.00
0.50 0.64 101.00 0.00 1.00 515.00
0.45 0.19 94.00 0.00 0.00 480.00
0.60 0.96 102.00 0.00 0.00 520.00
0.49 0.43 137.00 0.00 1.00 695.00
0.31 0.50 109.00 0.00 0.00 555.00
0.85 0.58 141.00 0.00 0.00 715.00
0.29 0.54 123.00 0.00 1.00 625.00
0.32 0.19 56.00 0.00 1.00 290.00
0.62 0.78 134.00 0.00 1.00 680.00
0.30 0.84 66.00 1.00 0.00 439.00
0.29 0.32 117.00 0.00 0.00 595.00
0.49 0.24 111.00 0.00 0.00 565.00
0.65 0.83 148.00 0.00 1.00 750.00
0.51 0.53 83.00 0.00 1.00 425.00
0.77 0.96 84.00 0.00 0.00 430.00
0.20 0.81 73.00 1.00 0.00 484.50
0.51 0.91 133.00 0.00 1.00 675.00
0.88 0.20 70.00 0.00 0.00 360.00
0.49 0.12 66.00 0.00 1.00 340.00
0.95 0.37 81.00 0.00 1.00 415.00
0.64 0.32 131.00 0.00 0.00 665.00
0.06 0.03 50.00 0.00 0.00 260.00
0.24 0.07 96.00 0.00 1.00 490.00
0.61 0.09 77.00 0.00 0.00 395.00
0.52 0.23 60.00 0.00 1.00 310.00
0.76 0.96 88.00 0.00 1.00 450.00
0.23 0.47 140.00 0.00 1.00 710.00
0.78 0.81 131.00 0.00 0.00 665.00
0.77 0.09 139.00 0.00 1.00 705.00
0.44 0.02 100.00 0.00 1.00 510.00
0.70 0.29 115.00 0.00 0.00 585.00
0.96 0.67 113.00 0.00 1.00 575.00
0.79 0.82 59.00 0.00 0.00 305.00
0.11 0.24 114.00 0.00 1.00 580.00
0.82 0.51 148.00 0.00 0.00 750.00
0.64 0.81 136.00 0.00 0.00 690.00
0.07 0.84 54.00 1.00 0.00 361.00
0.38 0.32 106.00 0.00 1.00 540.00
0.99 0.96 65.00 0.00 1.00 335.00
0.85 0.63 114.00 0.00 1.00 580.00
0.03 0.67 77.00 1.00 0.00 510.50
0.23 0.67 117.00 0.00 1.00 595.00
0.64 0.32 75.00 0.00 1.00 385.00
0.03 0.56 80.00 1.00 0.00 530.00
0.44 0.37 95.00 0.00 0.00 485.00
0.61 0.42 86.00 0.00 1.00 440.00
0.60 0.59 95.00 0.00 0.00 485.00
0.88 0.48 68.00 0.00 1.00 350.00
0.52 0.09 124.00 0.00 0.00 630.00
0.46 0.89 97.00 0.00 1.00 495.00
0.32 0.27 67.00 0.00 0.00 345.00
0.45 0.09 130.00 0.00 0.00 660.00
0.19 0.98 50.00 1.00 1.00 335.00
0.14 0.56 122.00 0.00 0.00 620.00
0.01 0.54 95.00 1.00 0.00 627.50
0.29 0.23 139.00 0.00 0.00 705.00
0.82 0.91 131.00 0.00 1.00 665.00
0.03 0.12 111.00 0.00 0.00 565.00
0.70 0.95 82.00 0.00 0.00 420.00
0.93 0.29 146.00 0.00 0.00 740.00
0.83 0.59 127.00 0.00 1.00 645.00
0.69 0.99 115.00 0.00 1.00 585.00
0.50 0.76 73.00 0.00 0.00 375.00
0.57 0.47 123.00 0.00 1.00 625.00
0.51 0.98 110.00 0.00 0.00 560.00
0.29 0.18 78.00 0.00 1.00 400.00
0.49 0.78 99.00 0.00 0.00 505.00
0.30 0.88 56.00 1.00 1.00 374.00
0.92 0.65 79.00 0.00 1.00 405.00
0.37 0.66 107.00 0.00 1.00 545.00
0.29 0.63 78.00 0.00 0.00 400.00
0.56 0.12 72.00 0.00 0.00 370.00
0.45 0.10 112.00 0.00 0.00 570.00
0.58 0.87 147.00 0.00 1.00 745.00
0.43 0.62 108.00 0.00 1.00 550.00
0.64 0.56 55.00 0.00 1.00 285.00
0.04 0.42 108.00 0.00 0.00 550.00
0.86 0.18 98.00 0.00 0.00 500.00
0.62 0.61 134.00 0.00 1.00 680.00
0.52 0.47 148.00 0.00 0.00 750.00
0.26 0.95 58.00 1.00 0.00 387.00
0.53 0.29 123.00 0.00 0.00 625.00
0.34 0.94 70.00 1.00 1.00 465.00
0.31 0.84 69.00 1.00 0.00 458.50
0.10 0.97 62.00 1.00 1.00 413.00
0.38 0.27 87.00 0.00 0.00 445.00
0.58 0.03 147.00 0.00 0.00 745.00
0.97 0.98 141.00 0.00 0.00 715.00
0.44 0.59 99.00 0.00 1.00 505.00
0.68 0.44 67.00 0.00 1.00 345.00
0.52 0.17 114.00 0.00 0.00 580.00
0.17 0.10 97.00 0.00 1.00 495.00
0.12 0.90 74.00 1.00 1.00 491.00
0.13 0.40 132.00 0.00 1.00 670.00
0.08 0.64 90.00 1.00 1.00 595.00
0.19 0.23 68.00 0.00 0.00 350.00
0.65 0.16 76.00 0.00 1.00 390.00
0.32 0.27 119.00 0.00 1.00 605.00
0.06 0.92 73.00 1.00 1.00 484.50
0.71 0.28 122.00 0.00 1.00 620.00
0.75 0.95 108.00 0.00 1.00 550.00
0.88 0.88 115.00 0.00 1.00 585.00
0.77 0.58 117.00 0.00 0.00 595.00
0.86 0.72 136.00 0.00 0.00 690.00
0.80 0.10 81.00 0.00 1.00 415.00
0.68 0.10 114.00 0.00 0.00 580.00
0.53 0.66 72.00 0.00 0.00 370.00
0.70 0.16 138.00 0.00 0.00 700.00
0.73 0.04 103.00 0.00 0.00 525.00
0.78 0.19 89.00 0.00 0.00 455.00
0.75 0.67 85.00 0.00 0.00 435.00
0.60 0.90 94.00 0.00 0.00 480.00
0.24 0.21 94.00 0.00 0.00 480.00
0.67 0.33 87.00 0.00 1.00 445.00
0.42 0.59 55.00 0.00 1.00 285.00
0.88 0.19 147.00 0.00 0.00 745.00
0.80 0.77 148.00 0.00 1.00 750.00
0.40 0.21 106.00 0.00 1.00 540.00
0.69 0.98 53.00 0.00 0.00 275.00
0.59 0.02 73.00 0.00 1.00 375.00
0.22 0.03 142.00 0.00 1.00 720.00
0.83 0.00 89.00 0.00 1.00 455.00
0.77 0.94 133.00 0.00 1.00 675.00
0.87 0.37 77.00 0.00 0.00 395.00
0.20 0.80 70.00 1.00 1.00 465.00
0.23 0.23 112.00 0.00 0.00 570.00
0.40 0.10 98.00 0.00 1.00 500.00
0.94 0.86 129.00 0.00 1.00 655.00
0.99 0.30 120.00 0.00 0.00 610.00
0.57 0.48 138.00 0.00 1.00 700.00
0.93 0.89 147.00 0.00 1.00 745.00
0.31 0.36 81.00 0.00 1.00 415.00
0.98 0.17 142.00 0.00 1.00 720.00
0.36 0.94 98.00 1.00 0.00 647.00
0.37 0.58 124.00 0.00 1.00 630.00
0.61 0.36 121.00 0.00 1.00 615.00
0.17 0.75 91.00 1.00 1.00 601.50
0.86 0.52 63.00 0.00 1.00 325.00
0.92 0.37 127.00 0.00 1.00 645.00
0.62 0.49 54.00 0.00 0.00 280.00
0.12 0.95 79.00 1.00 0.00 523.50
0.44 0.12 63.00 0.00 0.00 325.00
0.20 0.05 85.00 0.00 1.00 435.00
0.14 0.71 50.00 1.00 1.00 335.00
0.67 0.17 148.00 0.00 1.00 750.00
0.25 0.48 87.00 0.00 1.00 445.00
0.37 0.13 70.00 0.00 1.00 360.00
0.35 0.85 75.00 1.00 0.00 497.50
0.82 0.71 116.00 0.00 1.00 590.00
0.84 0.90 146.00 0.00 0.00 740.00
0.09 0.13 110.00 0.00 1.00 560.00
0.27 0.07 90.00 0.00 0.00 460.00
0.50 0.37 121.00 0.00 0.00 615.00
0.79 0.06 142.00 0.00 0.00 720.00
0.02 0.97 96.00 1.00 0.00 634.00
0.54 0.29 103.00 0.00 0.00 525.00
0.05 0.57 89.00 1.00 0.00 588.50
0.55 0.15 56.00 0.00 0.00 290.00
0.94 0.86 136.00 0.00 1.00 690.00
0.13 0.67 98.00 1.00 1.00 647.00
0.12 0.70 72.00 1.00 0.00 478.00
0.49 0.11 140.00 0.00 1.00 710.00
0.27 0.67 76.00 0.00 0.00 390.00
0.01 0.71 74.00 1.00 1.00 491.00
0.13 0.78 84.00 1.00 0.00 556.00
0.79 0.64 149.00 0.00 0.00 755.00
0.94 0.57 68.00 0.00 0.00 350.00
0.98 0.97 120.00 0.00 0.00 610.00
0.48 0.10 76.00 0.00 1.00 390.00
0.17 0.60 79.00 0.00 0.00 405.00
0.68 0.15 126.00 0.00 1.00 640.00
0.95 0.16 97.00 0.00 1.00 495.00
0.45 0.65 104.00 0.00 0.00 530.00
0.23 0.76 94.00 1.00 0.00 621.00
0.72 0.70 83.00 0.00 0.00 425.00
0.14 0.43 101.00 0.00 0.00 515.00
0.10 0.90 80.00 1.00 1.00 530.00
0.63 0.50 143.00 0.00 1.00 725.00
0.09 0.83 96.00 1.00 0.00 634.00
0.14 1.00 74.00 1.00 1.00 491.00
0.95 0.63 50.00 0.00 1.00 260.00
0.64 0.68 143.00 0.00 1.00 725.00
1.00 0.83 85.00 0.00 1.00 435.00
0.78 0.22 93.00 0.00 1.00 475.00
0.02 0.11 50.00 0.00 1.00 260.00
0.21 0.03 134.00 0.00 0.00 680.00
0.13 0.14 77.00 0.00 0.00 395.00
0.57 0.23 96.00 0.00 1.00 490.00
0.91 0.08 121.00 0.00 1.00 615.00
0.80 0.50 63.00 0.00 0.00 325.00
0.79 0.63 126.00 0.00 0.00 640.00
0.69 0.84 67.00 0.00 1.00 345.00
0.23 0.22 76.00 0.00 1.00 390.00
0.95 0.04 107.00 0.00 1.00 545.00
0.05 0.97 83.00 1.00 1.00 549.50
0.24 0.94 96.00 1.00 0.00 634.00
0.49 0.11 123.00 0.00 0.00 625.00
0.84 0.25 91.00 0.00 0.00 465.00
0.84 0.73 57.00 0.00 1.00 295.00
0.13 0.36 90.00 0.00 1.00 460.00
0.76 0.37 118.00 0.00 1.00 600.00
0.29 0.26 72.00 0.00 0.00 370.00
0.76 0.34 125.00 0.00 1.00 635.00
0.84 0.20 97.00 0.00 1.00 495.00
0.38 0.65 66.00 0.00 0.00 340.00
0.70 0.33 102.00 0.00 1.00 520.00
0.92 0.60 99.00 0.00 0.00 505.00
0.47 0.72 95.00 0.00 1.00 485.00
0.73 0.48 135.00 0.00 1.00 685.00
0.01 0.25 112.00 0.00 0.00 570.00
0.04 0.62 87.00 1.00 0.00 575.50
0.52 0.05 107.00 0.00 0.00 545.00
0.29 0.67 123.00 0.00 0.00 625.00
0.20 0.66 68.00 0.00 1.00 350.00
0.15 0.21 145.00 0.00 0.00 735.00
0.26 0.60 81.00 0.00 0.00 415.00
0.29 0.04 139.00 0.00 1.00 705.00
0.73 0.64 114.00 0.00 0.00 580.00
0.13 0.83 64.00 1.00 0.00 426.00
0.63 0.26 50.00 0.00 0.00 260.00
0.19 0.46 110.00 0.00 1.00 560.00
0.62 0.04 94.00 0.00 1.00 480.00
0.06 0.15 63.00 0.00 0.00 325.00
0.42 0.99 78.00 1.00 0.00 517.00
0.76 0.67 104.00 0.00 0.00 530.00
0.23 0.42 79.00 0.00 0.00 405.00
0.91 0.33 97.00 0.00 1.00 495.00
0.23 0.40 132.00 0.00 0.00 670.00
0.97 1.00 111.00 0.00 0.00 565.00
0.31 0.31 128.00 0.00 0.00 650.00
0.62 0.94 89.00 0.00 0.00 455.00
0.15 0.50 141.00 0.00 1.00 715.00
0.78 0.40 69.00 0.00 1.00 355.00
0.18 0.07 97.00 0.00 0.00 495.00
0.03 0.31 123.00 0.00 0.00 625.00
0.36 0.71 102.00 0.00 1.00 520.00
0.29 0.10 136.00 0.00 1.00 690.00
0.92 0.91 141.00 0.00 0.00 715.00
0.22 0.32 73.00 0.00 0.00 375.00
0.63 0.17 117.00 0.00 0.00 595.00
0.06 0.31 66.00 0.00 1.00 340.00
0.90 0.92 57.00 0.00 0.00 295.00
0.63 0.62 132.00 0.00 1.00 670.00
0.46 0.90 137.00 0.00 0.00 695.00
0.09 0.89 76.00 1.00 1.00 504.00
0.98 0.83 92.00 0.00 0.00 470.00
0.75 0.55 81.00 0.00 1.00 415.00
0.93 0.10 129.00 0.00 0.00 655.00
0.58 0.14 61.00 0.00 1.00 315.00
0.44 0.30 116.00 0.00 0.00 590.00
0.12 0.59 120.00 0.00 0.00 610.00
0.00 0.57 89.00 1.00 1.00 588.50
0.43 0.85 93.00 0.00 0.00 475.00
0.45 0.28 144.00 0.00 1.00 730.00
0.23 0.01 126.00 0.00 1.00 640.00
0.32 0.50 66.00 0.00 0.00 340.00
0.26 0.20 81.00 0.00 0.00 415.00
0.25 0.69 126.00 0.00 1.00 640.00
0.92 0.01 89.00 0.00 0.00 455.00
0.75 0.31 135.00 0.00 0.00 685.00
0.36 0.70 72.00 0.00 0.00 370.00
0.48 0.72 140.00 0.00 0.00 710.00
0.90 0.75 146.00 0.00 1.00 740.00
0.76 0.40 94.00 0.00 0.00 480.00
0.19 0.05 132.00 0.00 0.00 670.00
0.34 0.86 81.00 1.00 1.00 536.50
0.06 0.57 97.00 1.00 1.00 640.50
0.31 0.18 102.00 0.00 0.00 520.00
0.92 0.65 124.00 0.00 0.00 630.00
0.01 0.58 57.00 1.00 0.00 380.50
0.89 0.48 142.00 0.00 0.00 720.00
0.72 0.68 111.00 0.00 0.00 565.00
0.01 0.75 66.00 1.00 0.00 439.00
0.51 0.15 124.00 0.00 1.00 630.00
0.36 0.07 111.00 0.00 1.00 565.00
0.59 0.01 137.00 0.00 0.00 695.00
0.83 0.10 121.00 0.00 0.00 615.00
0.87 0.56 82.00 0.00 1.00 420.00
0.88 0.82 108.00 0.00 0.00 550.00
0.93 0.22 144.00 0.00 0.00 730.00
0.92 0.67 108.00 0.00 1.00 550.00
0.72 0.76 120.00 0.00 0.00 610.00
0.41 0.57 110.00 0.00 0.00 560.00
0.64 0.56 121.00 0.00 0.00 615.00
0.38 0.36 110.00 0.00 0.00 560.00
0.22 0.25 89.00 0.00 1.00 455.00
0.42 0.27 99.00 0.00 0.00 505.00
0.92 0.81 103.00 0.00 1.00 525.00
0.19 0.89 73.00 1.00 1.00 484.50
0.01 0.89 60.00 1.00 1.00 400.00
0.28 0.54 107.00 0.00 0.00 545.00
0.81 0.45 92.00 0.00 1.00 470.00
0.74 0.05 81.00 0.00 0.00 415.00
0.88 0.77 53.00 0.00 1.00 275.00
0.73 0.42 100.00 0.00 0.00 510.00
0.62 0.29 115.00 0.00 1.00 585.00
0.83 0.58 66.00 0.00 0.00 340.00
0.62 0.43 109.00 0.00 0.00 555.00
0.81 0.79 121.00 0.00 0.00 615.00
0.30 0.72 136.00 0.00 0.00 690.00
0.86 0.62 118.00 0.00 0.00 600.00
0.17 0.39 98.00 0.00 0.00 500.00
0.34 0.03 70.00 0.00 0.00 360.00
0.25 0.13 126.00 0.00 0.00 640.00
0.82 0.10 104.00 0.00 0.00 530.00
0.19 0.70 99.00 1.00 0.00 653.50
0.13 0.85 60.00 1.00 1.00 400.00
0.38 0.84 74.00 0.00 0.00 380.00
0.49 0.30 105.00 0.00 1.00 535.00
0.62 0.30 79.00 0.00 0.00 405.00
0.18 0.63 71.00 0.00 1.00 365.00
0.59 0.95 120.00 0.00 1.00 610.00
0.37 0.57 135.00 0.00 0.00 685.00
0.69 0.69 111.00 0.00 0.00 565.00
0.96 0.12 84.00 0.00 0.00 430.00
0.16 0.75 79.00 1.00 0.00 523.50
0.79 0.60 57.00 0.00 0.00 295.00
0.01 0.42 77.00 0.00 0.00 395.00
0.01 0.22 69.00 0.00 1.00 355.00
0.15 0.71 77.00 1.00 0.00 510.50
0.15 0.45 100.00 0.00 1.00 510.00
0.98 0.23 94.00 0.00 0.00 480.00
0.12 0.89 69.00 1.00 0.00 458.50
0.68 0.51 146.00 0.00 0.00 740.00
0.89 0.36 81.00 0.00 1.00 415.00
0.74 0.95 128.00 0.00 0.00 650.00
0.01 0.14 85.00 0.00 1.00 435.00
0.66 0.95 68.00 0.00 0.00 350.00
0.61 0.61 97.00 0.00 1.00 495.00
0.43 0.55 101.00 0.00 1.00 515.00
0.85 0.93 124.00 0.00 0.00 630.00
0.53 0.27 88.00 0.00 0.00 450.00
0.97 0.21 143.00 0.00 0.00 725.00
0.41 0.11 84.00 0.00 1.00 430.00
0.52 0.89 139.00 0.00 0.00 705.00
0.07 0.44 88.00 0.00 1.00 450.00
0.91 0.40 141.00 0.00 1.00 715.00
0.92 0.73 127.00 0.00 1.00 645.00
0.94 0.73 59.00 0.00 1.00 305.00
0.55 0.15 106.00 0.00 1.00 540.00
0.47 0.23 107.00 0.00 1.00 545.00
0.87 0.93 104.00 0.00 1.00 530.00
0.98 0.15 100.00 0.00 0.00 510.00
0.75 0.92 108.00 0.00 0.00 550.00
0.58 0.42 139.00 0.00 0.00 705.00
0.03 0.47 85.00 0.00 1.00 435.00
1.00 0.26 141.00 0.00 0.00 715.00
0.94 0.38 63.00 0.00 0.00 325.00
0.84 0.22 50.00 0.00 1.00 260.00
0.34 0.78 95.00 0.00 1.00 485.00
0.79 0.66 80.00 0.00 1.00 410.00
0.70 0.82 69.00 0.00 1.00 355.00
0.09 0.04 135.00 0.00 0.00 685.00
0.13 0.62 115.00 0.00 1.00 585.00
0.52 0.36 117.00 0.00 0.00 595.00
0.57 0.35 83.00 0.00 0.00 425.00
0.29 0.80 81.00 1.00 1.00 536.50
0.96 0.90 113.00 0.00 0.00 575.00
0.14 0.03 70.00 0.00 1.00 360.00
0.31 0.65 73.00 0.00 0.00 375.00
0.61 0.39 146.00 0.00 1.00 740.00
0.09 0.06 61.00 0.00 1.00 315.00
0.02 0.80 63.00 1.00 1.00 419.50
1.00 0.41 116.00 0.00 0.00 590.00
0.54 0.18 148.00 0.00 0.00 750.00
0.65 0.58 134.00 0.00 0.00 680.00
0.50 0.26 145.00 0.00 0.00 735.00
0.56 0.39 116.00 0.00 1.00 590.00
0.05 0.89 52.00 1.00 1.00 348.00
0.79 0.85 102.00 0.00 1.00 520.00
0.53 0.39 66.00 0.00 1.00 340.00
0.27 0.54 84.00 0.00 0.00 430.00
0.02 0.20 72.00 0.00 0.00 370.00
0.18 0.43 141.00 0.00 1.00 715.00
0.33 0.16 110.00 0.00 1.00 560.00
0.99 0.17 131.00 0.00 0.00 665.00
0.90 0.65 50.00 0.00 0.00 260.00
0.57 0.53 140.00 0.00 1.00 710.00
0.71 0.73 97.00 0.00 0.00 495.00
0.36 0.46 144.00 0.00 0.00 730.00
0.20 0.27 75.00 0.00 0.00 385.00
0.75 0.51 59.00 0.00 1.00 305.00
0.26 0.14 123.00 0.00 0.00 625.00
0.67 0.46 82.00 0.00 1.00 420.00
0.28 0.57 148.00 0.00 1.00 750.00
0.62 0.54 81.00 0.00 1.00 415.00
0.79 0.33 70.00 0.00 0.00 360.00
0.43 0.99 91.00 1.00 1.00 601.50
0.10 0.77 65.00 1.00 1.00 432.50
0.43 0.66 89.00 0.00 0.00 455.00
0.71 0.17 65.00 0.00 1.00 335.00
0.76 0.46 134.00 0.00 0.00 680.00
0.55 0.64 98.00 0.00 0.00 500.00
0.81 0.68 52.00 0.00 0.00 270.00
0.90 0.45 90.00 0.00 0.00 460.00
0.84 0.34 121.00 0.00 0.00 615.00
0.31 0.53 86.00 0.00 1.00 440.00
0.54 0.45 103.00 0.00 0.00 525.00
0.59 0.63 105.00 0.00 1.00 535.00
0.93 0.37 106.00 0.00 0.00 540.00
0.74 0.21 58.00 0.00 0.00 300.00
0.74 0.70 137.00 0.00 0.00 695.00
0.20 0.20 70.00 0.00 1.00 360.00
0.25 0.16 99.00 0.00 0.00 505.00
0.49 0.88 110.00 0.00 0.00 560.00
0.14 0.54 129.00 0.00 0.00 655.00
0.63 0.79 100.00 0.00 1.00 510.00
0.64 0.72 142.00 0.00 0.00 720.00
0.53 0.64 62.00 0.00 0.00 320.00
0.62 0.27 107.00 0.00 1.00 545.00
0.11 0.53 76.00 0.00 0.00 390.00
1.00 0.88 118.00 0.00 0.00 600.00
0.70 0.68 68.00 0.00 0.00 350.00
0.84 0.43 66.00 0.00 1.00 340.00
0.07 0.49 120.00 0.00 0.00 610.00
0.19 0.85 63.00 1.00 0.00 419.50
0.83 0.79 54.00 0.00 1.00 280.00
0.70 0.67 135.00 0.00 0.00 685.00
0.73 0.93 59.00 0.00 1.00 305.00
0.07 0.64 56.00 1.00 1.00 374.00
0.31 0.94 50.00 1.00 1.00 335.00
0.70 0.84 119.00 0.00 0.00 605.00
0.37 0.58 75.00 0.00 1.00 385.00
0.92 0.15 58.00 0.00 0.00 300.00
0.46 0.32 91.00 0.00 1.00 465.00
0.10 0.59 104.00 0.00 1.00 530.00
0.28 0.64 84.00 0.00 1.00 430.00
0.41 0.03 81.00 0.00 0.00 415.00
0.18 0.84 78.00 1.00 1.00 517.00
0.41 0.34 104.00 0.00 0.00 530.00
0.86 0.72 80.00 0.00 1.00 410.00
0.65 0.12 84.00 0.00 0.00 430.00
0.56 0.55 51.00 0.00 0.00 265.00
0.44 0.87 118.00 0.00 1.00 600.00
0.89 0.30 146.00 0.00 1.00 740.00
0.48 0.55 118.00 0.00 0.00 600.00
0.60 0.44 139.00 0.00 1.00 705.00
0.26 0.31 73.00 0.00 1.00 375.00
0.24 0.49 111.00 0.00 0.00 565.00
0.01 0.85 56.00 1.00 1.00 374.00
0.91 0.30 108.00 0.00 1.00 550.00
0.25 0.76 56.00 1.00 0.00 374.00
0.97 0.36 105.00 0.00 1.00 535.00
0.26 0.80 90.00 1.00 1.00 595.00
0.78 0.01 82.00 0.00 0.00 420.00
0.66 0.29 109.00 0.00 1.00 555.00
0.53 0.22 80.00 0.00 1.00 410.00
0.19 0.09 74.00 0.00 0.00 380.00
0.82 0.33 108.00 0.00 1.00 550.00
0.96 0.20 71.00 0.00 1.00 365.00
0.16 0.30 149.00 0.00 1.00 755.00
0.19 0.99 68.00 1.00 0.00 452.00
0.42 0.56 53.00 0.00 0.00 275.00
0.05 0.75 53.00 1.00 1.00 354.50
0.05 0.59 92.00 1.00 1.00 608.00
0.10 0.37 127.00 0.00 1.00 645.00
0.15 0.30 78.00 0.00 0.00 400.00
0.09 0.14 54.00 0.00 0.00 280.00
0.20 0.28 148.00 0.00 1.00 750.00
0.65 0.96 75.00 0.00 0.00 385.00
0.59 0.61 144.00 0.00 0.00 730.00
0.38 0.18 66.00 0.00 0.00 340.00
0.78 0.25 119.00 0.00 0.00 605.00
0.18 0.83 62.00 1.00 0.00 413.00
0.49 0.66 114.00 0.00 0.00 580.00
0.23 0.04 64.00 0.00 0.00 330.00
0.69 0.59 61.00 0.00 1.00 315.00
0.70 0.47 100.00 0.00 0.00 510.00
0.94 0.64 109.00 0.00 1.00 555.00
0.16 0.31 89.00 0.00 1.00 455.00
0.12 0.45 75.00 0.00 1.00 385.00
0.95 0.64 73.00 0.00 1.00 375.00
0.11 0.41 138.00 0.00 0.00 700.00
0.92 0.26 119.00 0.00 1.00 605.00
0.78 0.32 104.00 0.00 0.00 530.00
0.19 0.38 87.00 0.00 1.00 445.00
0.83 0.60 117.00 0.00 0.00 595.00
0.03 0.13 102.00 0.00 1.00 520.00
0.56 0.21 52.00 0.00 0.00 270.00
0.41 0.80 50.00 0.00 1.00 260.00
0.35 0.42 124.00 0.00 1.00 630.00
0.78 0.74 67.00 0.00 0.00 345.00
0.44 0.05 141.00 0.00 0.00 715.00
0.82 0.57 147.00 0.00 0.00 745.00
0.01 0.56 85.00 1.00 1.00 562.50
0.53 0.91 56.00 0.00 1.00 290.00
0.64 0.71 149.00 0.00 0.00 755.00
0.33 0.28 75.00 0.00 0.00 385.00
0.85 0.73 127.00 0.00 1.00 645.00
0.68 0.97 95.00 0.00 1.00 485.00
0.17 0.14 68.00 0.00 1.00 350.00
0.34 0.35 67.00 0.00 0.00 345.00
0.13 0.62 97.00 0.00 1.00 495.00
0.58 0.61 119.00 0.00 0.00 605.00
0.86 0.75 102.00 0.00 0.00 520.00
0.99 0.62 131.00 0.00 0.00 665.00
0.55 0.21 124.00 0.00 0.00 630.00
0.04 0.30 85.00 0.00 1.00 435.00
0.81 0.68 84.00 0.00 1.00 430.00
0.50 0.44 62.00 0.00 0.00 320.00
0.15 0.52 107.00 0.00 0.00 545.00
0.12 0.53 67.00 0.00 0.00 345.00
0.76 0.16 97.00 0.00 0.00 495.00
0.05 0.21 71.00 0.00 1.00 365.00
0.31 0.04 146.00 0.00 0.00 740.00
0.84 0.28 119.00 0.00 1.00 605.00
0.63 0.05 125.00 0.00 0.00 635.00
0.53 0.42 117.00 0.00 0.00 595.00
0.92 0.29 122.00 0.00 0.00 620.00
0.50 0.87 55.00 0.00 1.00 285.00
0.46 0.97 68.00 1.00 1.00 452.00
0.95 0.40 124.00 0.00 1.00 630.00
0.04 0.31 71.00 0.00 0.00 365.00
