# area,distance,price(label)
127.09 16.23 620.60
116.61 11.35 627.25
78.19 11.36 416.65
104.31 15.24 529.31
115.02 15.26 584.07
92.22 13.79 515.29
108.97 8.19 539.05
106.30 13.34 571.59
104.53 12.50 572.86
101.49 12.51 577.49
111.82 16.91 574.25
124.90 8.95 641.07
88.06 17.15 417.79
121.93 6.82 651.00
108.34 8.49 549.56
112.02 11.95 587.77
85.14 10.84 449.26
106.75 13.16 568.07
129.69 14.06 666.01
86.11 8.64 459.65
70.85 11.23 412.45
74.83 12.40 401.33
108.98 7.85 610.25
144.99 11.16 732.32
123.55 11.75 655.42
132.88 12.85 697.63
106.14 10.59 548.58
128.21 15.11 632.33
99.85 11.48 502.64
114.88 11.15 610.34
99.91 7.12 559.37
95.12 9.03 513.67
106.71 10.01 596.91
96.36 7.55 522.43
126.69 10.40 659.80
107.77 9.14 571.84
111.26 2.00 622.55
98.72 14.41 544.46
125.81 15.31 603.82
92.02 12.90 493.26
115.68 12.04 607.56
98.49 11.66 542.38
88.49 4.90 491.37
96.14 11.58 492.10
90.78 7.49 448.11
100.84 8.91 502.91
98.69 7.66 473.66
109.76 12.03 626.89
114.06 19.58 582.20
101.95 10.34 532.29
104.02 15.81 534.21
109.37 13.11 572.57
95.28 16.42 495.53
116.49 15.30 577.46
118.77 6.36 642.55
107.92 15.04 546.37
145.15 13.39 760.83
120.05 8.38 633.34
102.55 12.98 554.87
98.30 7.57 533.20
100.51 12.35 487.50
95.93 15.18 486.95
123.64 12.48 663.02
92.60 8.22 498.93
103.08 10.90 556.80
95.46 12.80 491.90
122.24 14.18 652.72
80.35 12.36 409.69
98.30 10.70 546.40
102.38 10.14 540.49
109.88 13.19 552.18
112.29 16.59 592.05
100.79 13.84 531.40
121.27 9.88 620.04
109.81 15.43 515.93
146.39 11.49 773.81
78.82 16.17 428.38
115.00 11.55 605.67
86.70 14.99 422.52
90.90 10.86 469.40
138.19 11.35 735.71
134.11 16.02 664.95
72.91 8.02 377.26
100.67 12.48 511.53
103.34 10.09 573.90
68.23 12.63 344.73
103.63 12.13 508.30
111.14 18.60 572.36
108.15 12.81 594.74
70.56 8.20 355.08
123.28 10.58 658.98
108.61 13.88 582.66
103.40 10.86 530.29
91.64 13.89 476.97
116.56 15.82 601.95
120.06 14.64 619.27
96.26 8.51 490.09
105.98 10.09 593.48
118.51 12.03 574.23
71.24 6.53 375.71
106.45 13.88 547.24
72.04 11.00 421.26
88.77 11.26 445.91
112.44 12.81 614.14
102.00 10.04 528.31
97.66 16.23 485.00
99.43 14.00 480.73
118.87 7.91 652.67
116.47 11.93 578.42
91.08 10.20 484.87
109.44 14.15 566.92
96.46 13.98 520.05
145.32 15.84 721.90
91.89 10.38 506.57
99.14 10.96 527.74
98.53 12.48 525.56
97.00 12.80 478.83
106.85 9.87 594.87
109.10 13.88 577.21
76.95 11.56 416.64
94.72 4.52 528.02
82.02 4.67 391.53
125.47 8.84 670.88
146.35 16.27 807.89
127.96 14.46 624.92
110.34 12.76 588.99
121.83 10.58 679.16
107.29 11.45 563.00
132.61 13.42 682.33
115.81 10.66 616.79
100.55 15.59 513.13
85.26 16.22 483.91
93.58 15.02 504.91
109.79 10.03 567.85
83.62 11.38 464.88
100.69 11.60 501.20
127.23 12.64 652.02
104.95 7.62 531.37
138.20 15.47 723.00
129.05 9.15 683.12
99.57 12.28 511.13
81.36 11.95 430.12
103.64 11.16 516.82
96.29 15.20 496.13
110.88 12.86 534.24
131.89 14.44 662.49
85.37 14.02 443.78
97.85 9.76 485.07
110.10 15.83 559.09
123.74 15.26 637.61
113.14 8.88 575.71
111.50 11.03 630.94
127.31 10.83 643.28
112.84 12.72 576.61
100.43 13.15 478.49
105.43 18.62 580.41
92.44 9.35 519.59
113.75 10.88 542.25
120.47 15.41 631.92
53.82 15.28 285.25
125.16 9.56 677.83
103.50 14.17 489.65
112.29 10.70 557.82
115.71 13.67 578.43
65.45 13.70 365.21
84.13 16.89 446.86
98.80 7.29 500.99
91.01 9.48 466.00
109.12 13.48 558.89
95.71 8.65 516.17
75.38 10.16 450.27
114.86 14.55 597.46
123.15 9.29 650.71
114.05 10.06 608.15
92.34 11.76 485.46
100.02 7.41 577.87
113.78 18.15 599.32
114.71 8.46 598.17
121.57 6.04 645.99
99.45 11.41 522.57
80.31 10.37 469.75
92.92 14.11 431.90
113.53 14.86 608.96
117.10 7.36 631.75
142.27 8.60 732.73
106.45 8.77 539.36
108.61 18.31 550.00
101.44 11.46 513.85
97.56 16.40 520.81
117.74 12.00 594.56
110.46 11.89 668.77
100.93 7.56 534.08
86.11 11.70 436.23
102.37 14.82 515.79
97.81 12.16 501.02
125.79 13.01 665.32
120.55 12.80 645.16
87.08 18.98 455.23
124.29 9.46 635.40
94.74 14.03 491.89
106.72 13.85 570.90
124.90 13.90 688.67
87.04 16.95 430.33
107.18 10.14 585.95
85.25 9.99 457.56
71.47 12.33 362.85
121.22 13.66 612.10
104.94 8.07 607.03
90.48 11.60 492.13
77.49 10.32 398.43
97.63 16.09 499.09
127.27 16.46 656.09
111.30 11.92 579.61
98.12 14.78 485.36
93.04 6.07 476.60
106.25 10.51 575.48
78.16 7.73 414.17
127.31 11.16 637.84
113.01 14.35 608.67
124.75 10.07 619.71
94.88 11.78 502.10
118.98 17.57 600.79
116.15 13.28 613.46
78.40 20.00 410.13
106.99 11.54 519.02
109.81 6.34 608.23
94.69 13.24 494.61
98.34 11.09 517.20
111.87 7.57 653.38
103.81 9.18 537.86
87.38 6.54 471.51
114.51 17.84 595.17
108.33 7.12 580.98
108.69 17.41 539.23
106.08 10.74 572.50
112.09 12.09 587.51
99.60 12.75 478.31
89.79 14.75 492.18
91.85 6.72 480.77
123.25 12.27 665.45
70.17 5.74 394.53
113.64 12.98 620.31
79.95 9.96 378.90
77.12 10.90 401.38
87.35 15.43 431.01
100.08 6.41 525.56
116.87 11.59 645.56
75.59 13.19 390.74
132.91 12.38 748.09
124.23 17.61 610.02
102.20 13.32 539.10
99.52 8.58 549.36
88.25 10.52 449.08
114.45 11.25 603.87
105.63 14.74 575.98
128.45 14.21 698.86
92.79 12.75 525.61
113.77 13.15 622.05
103.84 12.79 508.38
90.06 12.98 500.24
136.79 12.78 698.44
109.21 17.55 543.30
115.00 14.86 575.87
86.30 14.53 439.24
92.18 13.84 470.51
105.89 14.12 496.99
94.52 7.57 523.71
114.69 13.28 628.40
111.91 9.30 619.54
91.16 17.16 488.43
107.74 12.46 577.44
104.53 12.65 547.68
101.67 16.55 562.31
84.93 9.31 466.63
90.26 7.72 502.92
108.03 13.02 546.44
121.69 13.25 621.16
87.97 13.57 434.31
125.14 10.95 652.90
107.56 12.77 576.66
82.88 10.20 428.55
109.95 7.64 627.43
119.51 13.90 629.42
108.95 12.12 541.87
143.87 7.82 779.67
109.70 7.45 565.13
119.63 8.42 638.60
104.64 12.86 546.84
121.11 9.04 608.30
63.75 12.64 340.03
89.88 7.72 485.52
98.27 11.02 510.96
113.02 12.99 624.23
107.66 9.23 572.64
122.90 9.73 694.97
110.52 7.82 567.20
107.98 14.84 548.01
101.99 10.33 537.26
107.24 11.86 572.80
118.55 6.53 639.36
117.29 10.00 655.05
119.40 11.93 651.52
100.38 13.85 489.52
92.64 12.00 474.94
96.45 6.56 542.53
110.40 11.62 567.26
131.84 11.72 685.61
108.52 12.93 562.95
112.70 13.25 580.39
76.27 9.04 405.69
150.00 11.56 784.55
85.70 13.63 455.62
135.35 14.04 668.86
95.01 9.04 552.51
120.73 9.54 654.48
118.31 12.50 666.66
105.55 10.69 534.77
101.63 10.93 574.10
88.47 14.27 435.10
103.55 12.21 536.07
123.17 13.49 635.59
110.78 13.58 547.78
89.44 8.62 520.53
124.14 13.95 676.59
84.00 11.64 433.17
108.02 7.03 568.09
89.31 12.47 473.51
91.16 12.47 508.01
122.81 12.83 616.39
96.59 10.25 520.04
78.71 14.67 400.04
95.30 9.48 514.69
117.31 10.61 587.58
92.06 14.96 472.70
125.10 13.23 650.59
121.59 12.46 621.59
105.70 16.86 526.91
124.40 11.08 652.58
136.12 6.33 693.65
70.75 12.41 413.69
124.11 10.59 635.35
114.81 10.76 572.44
98.96 9.12 534.22
115.74 8.74 626.89
111.20 9.90 554.64
94.67 12.93 521.19
129.75 8.31 664.13
106.84 13.22 499.53
124.65 10.17 646.13
100.28 12.22 558.08
76.66 16.21 389.09
108.62 10.38 588.81
100.46 12.39 513.93
83.03 11.37 428.09
75.70 14.69 429.45
114.93 7.34 574.04
126.03 12.94 646.60
128.20 10.32 648.06
113.54 7.79 628.07
104.53 9.03 494.88
107.68 10.19 616.57
105.22 12.25 561.14
117.96 12.58 607.82
96.08 14.15 491.64
83.02 9.17 456.57
100.73 11.54 525.81
107.81 12.17 545.92
100.12 13.97 488.68
104.90 8.80 519.95
141.86 11.34 759.09
119.49 7.37 613.08
80.89 10.90 422.42
115.57 8.47 594.24
67.47 9.27 395.34
114.98 12.57 618.80
112.57 11.31 578.68
104.90 9.63 543.49
87.98 15.52 462.75
87.74 14.50 426.64
111.47 11.63 587.17
94.02 9.75 488.07
118.68 13.48 619.74
93.86 10.40 497.56
98.28 11.27 495.97
117.36 13.28 649.75
103.88 11.08 528.21
101.63 5.16 566.87
109.04 12.12 572.21
110.83 15.25 542.66
103.03 12.75 561.30
108.30 9.88 582.32
102.49 16.49 519.92
111.45 8.10 602.64
109.35 16.37 595.53
113.03 10.58 592.41
118.12 7.65 665.72
86.94 13.55 482.30
81.38 14.03 431.98
99.93 12.84 480.56
101.55 13.55 476.48
112.31 15.02 582.05
83.73 12.98 436.23
107.73 15.31 570.26
111.86 13.18 555.50
76.67 14.08 475.68
111.85 10.50 559.85
128.21 10.35 675.76
106.58 8.88 567.79
89.31 13.91 459.25
94.65 10.11 519.32
103.18 10.85 523.04
95.59 10.99 483.65
50.00 11.19 285.50
129.31 4.77 731.38
96.52 8.31 552.12
101.41 13.04 564.01
120.17 6.57 692.73
108.45 15.35 565.33
96.15 13.11 460.64
102.88 10.20 574.06
113.56 11.42 625.60
113.82 11.42 614.70
101.20 13.83 544.85
117.96 12.71 621.83
117.80 15.13 628.11
96.17 16.42 482.38
87.36 15.16 458.04
110.02 11.14 575.82
114.30 13.28 623.55
96.64 11.88 537.08
97.05 13.55 540.42
113.57 4.40 606.31
107.13 7.07 556.36
127.55 19.01 663.18
113.21 13.18 563.61
144.97 16.31 730.08
113.45 15.04 585.85
89.23 9.97 479.74
101.10 10.09 533.82
102.83 12.58 522.90
75.90 11.98 446.62
115.96 8.55 611.21
105.49 6.74 604.34
104.07 13.45 507.77
95.05 14.54 538.93
85.66 7.22 431.94
100.77 11.69 528.87
89.58 18.27 481.91
104.64 9.89 554.14
89.06 12.02 476.63
80.40 12.21 457.18
106.07 16.08 549.97
107.75 10.16 618.19
113.69 8.78 627.22
105.41 16.90 540.60
129.36 13.38 640.99
93.65 8.30 511.58
123.31 10.18 635.84
87.59 9.29 443.04
92.86 14.40 489.23
97.50 8.27 459.31
100.25 14.52 520.20
130.42 15.44 669.13
93.42 13.32 460.84
82.89 9.18 401.96
117.29 11.29 629.94
104.05 16.71 509.64
77.99 10.05 435.51
110.34 12.62 603.09
120.47 16.39 589.80
97.91 10.32 480.43
130.97 14.41 662.09
130.72 18.72 646.06
92.70 14.84 469.27
119.15 12.09 645.03
68.81 12.34 419.98
107.35 9.43 596.52
91.58 13.70 479.25
120.90 11.58 618.60
89.59 6.87 485.48
121.92 12.83 600.31
90.81 8.84 483.25
97.18 13.02 442.17
91.62 18.32 452.85
108.20 9.24 570.24
81.12 12.57 413.22
115.45 13.04 632.11
93.01 10.58 546.45
142.56 14.93 743.22
100.27 14.44 548.21
91.48 11.23 515.44
112.63 10.51 589.38
90.32 8.91 436.89
114.54 15.99 625.64
96.83 11.56 493.88
112.74 14.14 592.35
105.41 10.88 538.08
113.73 10.13 618.05
92.85 8.15 546.78
93.26 10.70 517.20
128.92 14.95 676.86
127.95 10.99 697.66
120.11 13.87 595.20
94.72 17.63 499.59
126.13 14.60 614.44
98.87 11.32 512.43
101.97 19.12 578.03
122.44 10.41 595.32
102.57 9.20 533.74
103.80 9.42 595.86
98.98 14.29 518.76
93.14 9.62 504.67
92.48 12.90 460.42
98.44 17.97 527.43
107.04 13.12 542.94
99.29 10.46 517.43
84.42 10.83 402.93
101.92 7.92 503.57
100.63 14.80 494.21
105.65 17.06 482.39
112.14 15.58 603.00
109.45 10.10 596.97
90.39 11.61 488.41
90.38 7.79 479.36
96.09 13.93 543.50
91.68 8.70 468.68
77.46 12.73 429.76
96.49 12.21 513.53
80.14 13.07 428.09
82.98 10.54 373.70
83.38 11.94 420.53
86.56 10.47 443.04
85.22 6.51 495.18
88.98 8.70 511.39
100.03 10.81 529.30
118.30 16.06 585.00
81.56 18.18 446.99
122.46 13.27 651.58
113.37 14.35 601.08
113.52 10.50 590.83
100.15 8.96 576.79
107.72 13.31 543.91
114.02 9.34 589.86
115.12 10.70 592.08
98.68 14.92 495.85
116.98 12.47 609.66
124.90 11.84 672.19
120.95 12.41 596.33
116.42 8.20 622.10
94.18 11.78 533.24
104.54 12.68 514.62
106.96 10.46 535.83
96.60 11.52 471.64
108.17 11.18 549.44
107.32 12.91 572.09
103.61 14.87 550.84
101.91 14.27 529.51
103.86 11.95 552.34
105.03 2.60 566.16
98.23 11.13 551.65
97.25 15.93 499.99
103.59 13.14 564.58
85.36 7.91 449.43
72.89 12.49 393.02
100.78 16.01 531.54
84.42 8.82 385.40
132.41 9.82 719.63
116.75 15.31 593.72
125.67 11.14 659.97
116.91 11.20 569.95
99.00 15.18 519.80
112.97 13.83 598.37
113.29 17.70 568.45
81.04 11.53 442.57
117.79 17.39 558.94
89.22 11.54 466.72
84.43 9.21 446.94
117.05 8.92 623.54
94.72 7.16 562.82
88.13 8.36 467.55
124.64 7.67 695.59
74.44 13.20 366.08
91.36 10.32 507.07
123.56 17.83 630.12
149.86 8.41 778.04
105.55 10.63 576.37
119.98 14.78 625.63
87.51 12.81 440.27
139.72 14.96 662.61
94.43 9.69 510.00
56.60 13.90 326.66
106.32 8.50 550.31
106.88 15.57 534.05
91.13 8.82 523.99
108.83 6.37 558.42
126.77 12.61 667.72
81.53 11.87 399.64
112.96 8.03 597.75
87.72 10.69 434.76
129.71 7.56 683.75
114.16 15.61 542.57
95.74 13.52 430.10
109.14 12.51 582.50
97.84 15.48 533.29
115.48 9.81 615.39
104.04 8.90 535.46
126.69 7.39 682.82
149.71 10.44 773.12
110.28 11.35 638.35
119.29 5.74 634.30
110.87 15.27 505.94
95.85 8.50 502.06
112.67 8.14 600.64
121.06 11.57 675.23
118.85 11.26 630.49
107.12 15.25 585.57
101.83 13.68 474.83
135.56 15.63 712.43
120.25 9.17 624.29
127.95 14.75 679.50
93.37 12.81 462.42
128.64 12.27 675.79
79.66 13.15 429.74
112.57 6.52 637.61
104.96 12.61 550.32
107.21 7.89 580.28
97.47 13.28 464.96
120.28 13.67 621.83
113.60 11.97 602.75
107.77 13.65 537.91
139.56 13.84 718.51
122.17 17.51 588.24
107.57 11.31 589.59
104.26 8.98 535.32
70.69 10.92 401.87
93.57 9.27 515.09
96.28 9.33 509.04
90.68 16.58 484.79
102.61 11.42 558.66
135.40 13.94 709.23
113.19 9.28 620.01
100.47 9.40 496.66
86.01 9.73 395.25
120.63 10.84 584.50
100.54 14.24 518.50
136.24 12.99 688.04
107.14 10.63 550.49
128.82 13.31 650.56
112.49 7.18 636.56
105.74 10.73 543.49
106.60 11.92 563.00
115.09 9.75 609.28
104.00 10.21 566.00
77.82 11.97 383.31
72.42 10.48 369.52
92.26 12.43 483.01
90.56 14.05 464.10
108.01 9.59 532.37
102.24 8.98 552.96
112.83 11.47 562.50
100.67 8.99 502.24
114.01 8.68 627.34
110.20 8.81 584.28
123.22 4.76 636.03
89.16 13.73 449.70
72.15 10.32 424.46
93.91 16.18 453.45
116.84 15.82 563.06
93.27 11.47 470.67
96.32 17.96 478.51
82.55 14.85 437.55
87.90 6.05 476.28
101.16 12.79 533.64
74.77 10.13 388.98
101.89 14.31 531.47
104.76 12.44 537.94
101.09 10.85 535.56
106.57 13.01 563.19
93.18 13.49 493.72
126.24 10.91 588.63
117.92 4.40 659.59
91.01 10.50 543.93
103.15 8.79 561.99
93.17 15.19 470.16
126.07 5.98 656.74
102.42 6.27 572.16
84.05 10.46 465.17
118.84 12.32 607.10
114.84 13.83 610.78
101.00 9.96 535.92
95.55 5.49 508.92
97.34 13.97 502.67
103.40 9.90 510.81
86.46 11.08 433.23
135.14 15.27 691.08
103.20 11.60 536.61
141.93 7.25 744.28
96.77 14.89 517.81
100.90 6.42 566.33
99.45 11.37 537.82
119.86 13.93 622.76
121.44 16.51 583.52
109.82 12.21 585.55
123.79 10.03 658.77
124.14 12.02 652.50
121.45 9.99 634.94
97.38 13.69 546.54
85.02 10.54 481.85
76.82 13.97 376.19
79.67 9.80 456.98
99.09 11.53 471.77
82.55 14.26 457.66
102.62 14.62 579.34
129.83 14.18 630.80
101.80 16.05 505.14
72.31 8.89 392.47
118.74 12.23 611.26
100.63 15.09 536.29
95.97 12.15 545.67
99.85 10.53 584.15
81.93 11.72 442.31
104.77 11.96 545.92
117.28 10.08 632.98
87.04 9.35 425.44
114.14 10.63 609.54
114.81 12.93 597.56
94.80 9.09 518.71
121.61 9.96 623.05
84.77 12.40 457.51
111.93 9.58 612.06
102.02 8.88 571.15
103.05 7.05 588.47
111.06 12.81 587.37
108.09 18.19 578.00
71.10 6.61 339.83
82.42 12.72 471.90
86.09 6.21 478.36
100.45 13.33 496.40
117.71 13.00 628.46
122.45 12.10 636.90
115.87 11.93 612.84
107.43 16.28 551.10
87.97 14.14 463.21
124.53 15.36 650.68
106.26 12.17 526.16
83.42 11.14 439.44
93.92 7.95 546.04
125.16 10.82 623.88
128.82 12.12 654.57
88.55 14.54 451.57
140.28 9.84 741.19
119.95 13.54 617.39
114.11 8.61 606.93
84.58 9.59 451.98
141.03 13.70 732.71
103.55 9.71 573.27
91.68 8.72 477.43
97.09 14.26 514.40
102.67 17.11 536.22
87.63 7.67 455.43
114.89 11.30 615.58
102.46 10.85 514.62
75.02 11.30 398.47
89.61 7.27 489.09
85.17 11.92 475.58
90.73 8.51 443.65
95.12 14.77 510.30
107.64 6.86 557.76
99.45 9.91 557.86
101.28 9.04 525.38
91.72 13.01 475.22
116.13 18.63 588.54
99.75 10.82 516.67
138.28 16.20 727.65
89.27 8.86 503.06
103.76 10.91 545.78
126.55 12.60 630.91
84.98 10.33 443.12
88.30 5.78 482.95
85.50 10.92 471.48
102.25 14.59 564.44
99.48 8.72 511.57
108.09 17.00 499.53
123.46 12.92 648.03
84.80 9.85 470.82
97.91 11.69 515.91
111.24 12.52 560.58
61.78 8.13 355.49
95.51 11.36 477.70
96.71 11.77 508.30
94.17 14.83 502.86
109.28 5.15 605.23
123.10 9.71 641.42
95.30 9.68 491.93
141.77 13.40 745.93
92.52 14.21 441.81
103.43 10.41 577.30
108.15 12.47 591.17
78.54 11.81 426.87
112.24 10.16 572.60
104.81 6.27 584.84
107.11 9.74 583.80
122.09 13.42 656.70
105.23 13.32 598.23
123.28 11.26 617.14
81.72 5.11 456.26
100.15 15.33 530.81
125.78 12.55 628.84
103.09 9.01 566.92
83.71 9.68 474.95
84.81 10.09 476.12
91.59 13.21 477.41
82.15 7.12 478.32
112.87 12.65 589.33
56.62 12.30 331.58
90.50 13.26 488.76
80.82 14.01 417.23
81.12 6.54 436.19
94.78 18.84 483.66
83.47 10.36 444.98
112.57 8.73 653.17
91.04 15.37 474.31
95.07 11.75 491.08
118.69 11.18 634.28
109.09 14.15 587.79
106.60 16.83 526.17
104.02 11.01 515.57
85.35 6.63 426.96
109.58 14.50 548.86
140.46 6.53 708.50
99.99 8.89 546.53
87.40 12.59 433.76
78.66 6.37 455.78
71.79 12.37 342.74
98.62 6.41 525.11
95.27 14.69 542.15
122.22 10.41 657.10
103.10 11.44 507.93
115.70 9.53 613.19
115.05 11.95 591.21
124.83 11.30 622.77
99.21 10.65 540.37
120.94 6.89 629.18
112.12 12.62 588.01
86.40 5.80 497.01
87.04 9.46 477.82
111.59 10.46 579.41
99.10 4.61 494.33
66.89 13.76 311.99
108.82 11.16 551.07
108.88 7.68 588.21
107.82 14.54 556.05
130.39 10.96 617.54
97.69 8.69 521.08
78.35 9.90 416.72
115.23 16.41 581.51
107.09 14.18 542.90
114.66 17.15 596.69
115.46 6.54 607.88
107.00 6.34 586.76
95.09 12.81 486.91
103.34 14.46 515.72
101.77 12.08 539.88
96.70 11.97 528.06
107.12 14.43 561.60
102.42 11.46 570.61
105.29 7.86 578.75
85.93 12.16 414.13
99.60 11.10 554.24
84.97 10.05 460.49
86.47 15.91 414.39
127.85 10.75 668.27
87.18 12.54 489.01
112.71 7.74 571.60
75.84 13.60 426.13
102.70 10.58 563.41
122.18 6.28 634.19
117.79 15.22 605.23
91.86 13.07 488.48
117.95 9.00 649.59
98.13 10.89 530.84
88.02 8.46 446.43
83.93 14.01 421.82
70.33 7.66 451.31
112.44 14.57 610.98
117.64 14.05 630.22
132.86 11.51 723.77
98.49 17.42 513.48
98.89 9.72 542.11
94.96 14.16 467.96
109.76 9.91 589.20
107.12 12.41 598.11
78.88 12.63 369.20
112.57 11.24 612.93
114.16 10.85 578.19
108.77 11.95 547.28
100.36 8.96 535.97
71.88 14.11 382.89
106.18 13.86 555.48
102.64 15.57 556.68
96.54 13.22 491.00
105.61 12.70 550.84
100.64 13.04 515.88
105.68 7.81 598.75
102.47 9.92 559.36
96.47 9.27 472.13
85.61 5.02 502.93
83.41 10.56 437.43
110.26 13.09 595.04
103.83 11.81 581.52
111.37 10.57 576.57
111.88 6.67 593.95
102.27 12.68 555.63
137.01 10.59 725.36
95.92 12.84 491.89
105.61 5.72 587.74
95.83 14.72 524.03
98.35 13.76 478.43
86.89 10.59 465.63
116.01 10.34 625.38
95.45 15.23 478.50
115.60 12.43 612.56
122.54 12.25 653.42
104.10 8.15 590.70
95.43 16.55 459.33
109.72 16.70 554.91
114.07 11.74 586.35
115.49 15.74 641.13
81.90 8.39 452.15
130.03 11.83 669.78
89.52 13.54 414.29
81.00 9.88 439.85
114.91 11.60 604.56
98.60 13.18 529.75
106.32 12.43 574.93
108.12 13.30 566.05
133.69 11.79 673.39
107.00 9.72 548.40
112.44 5.14 549.34
98.69 12.38 487.97
92.48 10.62 514.90
119.11 15.96 637.31
114.45 12.87 586.15
131.23 14.72 663.43
91.36 9.95 483.43
110.77 12.20 598.59
117.57 11.11 572.84
76.10 15.11 395.50
82.80 14.17 402.95
112.82 15.65 568.82
108.40 15.85 576.93
93.60 12.25 522.18
119.94 10.69 589.63
89.24 8.84 510.61
79.98 10.82 456.48
105.90 11.90 541.68
106.70 11.04 532.18
120.54 18.30 655.91
108.27 11.55 537.79
118.62 11.48 611.60
87.99 12.35 425.45
119.14 12.23 634.36
86.71 14.26 476.99
121.92 14.76 623.88
101.11 14.24 518.97
104.32 11.27 575.42
97.42 9.65 482.45
102.27 11.81 542.80
99.03 14.55 486.16
79.62 8.36 424.91
90.38 13.30 487.35
93.83 9.80 473.74
108.99 11.51 614.69
113.40 11.18 600.89
99.22 11.15 481.27
110.98 13.65 569.83
112.12 16.05 550.43
99.20 10.58 525.65
63.09 12.14 400.63
105.05 14.67 512.37
129.17 9.60 626.60
95.28 12.87 512.16
117.04 15.54 579.38
92.42 10.55 502.87
93.28 8.07 554.14
140.33 6.41 722.75
103.22 11.37 531.14
88.44 5.50 529.25
123.92 10.06 659.08
109.74 9.67 526.50
111.12 13.35 632.05
72.26 12.64 364.73
98.65 7.04 498.93
105.64 7.93 548.35
101.73 13.30 507.72
87.22 13.64 475.00
98.82 15.17 550.09
128.94 12.87 673.55
97.83 13.58 533.12
115.37 16.81 627.35
