# x,y,label
0.77 0.35 0.00
0.02 0.81 1.00
0.63 0.46 0.00
0.75 0.63 0.00
0.50 0.20 0.00
0.22 0.09 2.00
0.20 0.98 1.00
0.76 0.37 0.00
0.17 0.58 2.00
0.09 0.25 2.00
0.69 0.99 1.00
0.95 0.57 0.00
0.00 0.52 2.00
0.51 0.88 1.00
0.81 0.01 0.00
0.61 0.73 1.00
0.72 0.32 0.00
0.29 0.65 1.00
0.92 0.83 0.00
0.71 0.43 0.00
0.54 0.16 0.00
0.14 0.48 2.00
0.37 0.33 2.00
0.67 0.24 0.00
0.44 0.61 1.00
0.43 0.21 0.00
0.62 0.48 0.00
0.51 0.44 0.00
0.65 0.36 0.00
0.60 0.36 0.00
0.81 0.21 0.00
0.52 0.37 0.00
0.91 0.15 0.00
0.32 0.71 1.00
0.09 0.82 1.00
0.30 0.29 2.00
0.11 0.71 1.00
0.83 0.94 1.00
0.05 0.14 2.00
0.63 0.49 0.00
0.55 0.66 1.00
0.82 0.52 0.00
0.20 0.13 2.00
0.86 0.40 0.00
0.35 0.41 2.00
0.75 0.43 0.00
0.30 0.12 2.00
0.88 0.26 0.00
0.33 0.47 2.00
0.17 0.88 1.00
0.39 0.78 1.00
0.09 0.80 1.00
0.82 0.00 0.00
0.15 0.86 1.00
0.38 0.20 0.00
0.94 0.92 0.00
0.99 0.12 0.00
0.46 0.10 0.00
0.83 0.41 0.00
0.25 0.83 1.00
0.60 0.66 1.00
0.90 0.84 0.00
0.53 0.30 0.00
0.59 0.29 0.00
0.04 0.22 2.00
0.36 0.87 1.00
0.08 0.99 1.00
0.31 0.12 2.00
0.33 0.52 2.00
0.77 0.36 0.00
0.04 0.79 1.00
0.43 0.89 1.00
0.31 0.86 1.00
0.64 0.85 1.00
0.35 0.43 2.00
0.04 0.76 1.00
0.88 0.06 0.00
0.76 0.25 0.00
0.88 0.60 0.00
0.42 0.27 0.00
0.61 0.94 1.00
0.51 0.61 1.00
0.60 0.94 1.00
0.26 0.95 1.00
0.30 0.60 1.00
0.03 0.94 1.00
0.30 0.45 2.00
0.24 0.04 2.00
0.56 0.05 0.00
0.57 0.35 0.00
0.48 0.20 0.00
0.29 0.89 1.00
0.06 0.13 2.00
0.98 0.52 0.00
0.34 0.99 1.00
0.50 0.99 1.00
0.98 0.16 0.00
0.44 0.41 2.00
0.32 0.69 1.00
0.52 0.36 0.00
0.58 0.66 1.00
0.85 0.17 0.00
0.07 0.48 2.00
0.46 0.26 0.00
0.78 0.86 1.00
0.72 0.06 0.00
0.59 0.70 1.00
0.04 0.76 1.00
0.35 0.13 0.00
0.56 0.16 0.00
0.30 0.82 1.00
0.51 0.90 1.00
0.67 0.98 1.00
0.16 0.74 1.00
0.05 0.77 1.00
0.34 0.25 2.00
0.11 0.84 1.00
0.18 0.02 2.00
0.89 0.14 0.00
0.37 0.36 2.00
0.22 0.39 2.00
0.75 0.43 0.00
0.11 0.85 1.00
0.74 0.71 0.00
0.47 0.45 2.00
0.60 0.74 1.00
0.15 0.11 2.00
0.18 0.27 2.00
0.65 0.72 1.00
0.05 0.93 1.00
0.25 0.58 2.00
0.54 0.24 0.00
0.23 0.68 1.00
0.38 0.91 1.00
0.92 0.30 0.00
0.93 0.48 0.00
0.57 0.14 0.00
0.53 0.84 1.00
0.01 0.57 2.00
0.98 0.03 0.00
0.57 0.19 0.00
0.79 0.94 1.00
0.56 0.65 1.00
0.88 0.03 0.00
0.58 0.89 1.00
0.71 0.01 0.00
0.15 0.01 2.00
0.43 0.00 0.00
0.69 0.04 0.00
0.10 0.39 2.00
0.44 0.31 0.00
0.17 0.33 2.00
0.51 0.45 0.00
0.82 0.98 1.00
0.09 0.83 1.00
0.80 0.81 1.00
0.57 0.70 1.00
0.59 0.49 0.00
0.20 0.56 2.00
0.44 0.04 0.00
0.30 0.24 2.00
0.04 0.13 2.00
0.03 0.69 2.00
0.45 0.22 0.00
0.74 0.83 1.00
0.56 0.24 0.00
0.39 0.92 1.00
0.17 0.98 1.00
0.84 0.49 0.00
0.60 0.88 1.00
0.78 0.20 0.00
0.85 0.09 0.00
0.60 0.73 1.00
0.78 0.11 0.00
0.62 0.81 1.00
0.02 0.77 1.00
0.75 0.06 0.00
0.18 0.14 2.00
0.46 0.64 1.00
0.51 0.38 0.00
0.48 0.28 0.00
0.84 0.36 0.00
0.17 0.28 2.00
0.01 0.89 1.00
0.85 0.94 1.00
0.74 0.72 0.00
0.46 0.52 2.00
0.42 0.74 1.00
0.12 0.87 1.00
0.34 0.07 0.00
0.09 0.12 2.00
0.72 0.11 0.00
0.08 0.23 2.00
0.21 0.87 1.00
0.57 0.78 1.00
0.29 0.27 2.00
0.66 0.76 1.00
0.80 0.96 1.00
0.35 0.73 1.00
0.09 0.59 2.00
0.81 0.68 0.00
0.78 0.12 0.00
0.39 0.97 1.00
0.86 0.08 0.00
0.38 0.31 2.00
0.26 0.59 2.00
0.83 0.61 0.00
0.74 0.21 0.00
0.51 0.08 0.00
0.64 0.65 1.00
0.21 0.27 2.00
0.90 0.74 0.00
0.97 0.52 0.00
0.32 0.20 2.00
0.87 0.89 1.00
0.31 0.56 2.00
0.03 0.90 1.00
0.05 0.61 2.00
0.18 0.72 1.00
0.07 0.26 2.00
0.26 0.71 1.00
0.91 0.29 0.00
0.46 0.48 2.00
0.13 0.01 2.00
0.81 0.36 0.00
0.40 0.04 0.00
0.02 0.22 2.00
0.86 0.44 0.00
0.27 0.14 2.00
0.71 0.96 1.00
0.36 0.27 2.00
0.79 0.20 0.00
0.84 0.91 1.00
0.54 0.71 1.00
0.56 0.87 1.00
0.12 0.21 2.00
0.38 0.24 0.00
0.43 0.88 1.00
0.51 1.00 1.00
0.89 0.96 1.00
0.30 0.50 2.00
0.40 0.39 2.00
0.79 0.40 0.00
0.41 0.76 1.00
0.18 0.23 2.00
0.84 0.78 0.00
0.57 0.64 1.00
0.06 0.46 2.00
0.99 0.10 0.00
0.23 0.47 2.00
0.61 0.93 1.00
0.37 0.93 1.00
0.80 0.59 0.00
0.63 0.84 1.00
0.82 0.31 0.00
0.29 0.54 2.00
0.27 0.60 2.00
0.60 0.02 0.00
0.94 0.18 0.00
0.71 0.11 0.00
0.26 0.93 1.00
0.12 0.04 2.00
0.46 0.98 1.00
0.97 0.24 0.00
0.68 0.12 0.00
0.19 0.44 2.00
0.05 0.78 1.00
0.95 0.44 0.00
0.86 0.87 1.00
0.83 0.27 0.00
0.96 0.47 0.00
0.60 0.78 1.00
0.93 0.85 0.00
0.15 0.46 2.00
0.11 0.66 2.00
0.37 0.77 1.00
0.77 0.63 0.00
0.32 0.20 2.00
0.64 0.85 1.00
0.01 0.84 1.00
0.54 0.41 0.00
0.34 0.66 1.00
0.90 0.43 0.00
0.94 0.58 0.00
0.38 0.52 2.00
0.40 0.13 0.00
0.90 0.94 1.00
0.06 0.23 2.00
0.41 0.88 1.00
0.13 0.24 2.00
0.09 0.24 2.00
0.78 0.69 0.00
0.30 0.87 1.00
0.58 0.18 0.00
0.88 0.45 0.00
0.88 0.19 0.00
0.60 0.98 1.00
0.65 0.49 0.00
0.06 0.83 1.00
0.30 0.38 2.00
0.69 0.05 0.00
0.19 0.29 2.00
0.80 0.94 1.00
0.51 0.01 0.00
0.76 0.67 0.00
0.18 0.98 1.00
0.08 0.39 2.00
0.48 0.31 0.00
0.53 0.25 0.00
0.70 0.39 0.00
0.20 0.16 2.00
0.67 0.32 0.00
0.79 0.51 0.00
0.04 0.47 2.00
0.96 0.60 0.00
0.98 0.82 0.00
0.55 0.31 0.00
0.06 0.96 1.00
0.35 0.17 0.00
0.02 0.91 1.00
0.80 0.50 0.00
0.21 0.37 2.00
0.14 0.37 2.00
0.70 0.31 0.00
0.06 0.42 2.00
0.26 0.00 0.00
0.51 0.02 0.00
1.00 0.26 0.00
0.15 0.52 2.00
0.45 0.19 0.00
0.60 0.49 0.00
0.10 0.58 2.00
0.29 0.59 2.00
0.72 0.78 1.00
0.55 0.61 1.00
0.84 0.65 0.00
0.58 0.58 1.00
0.18 0.36 2.00
0.62 0.20 0.00
0.89 0.64 0.00
0.52 0.22 0.00
0.63 0.58 0.00
0.51 0.85 1.00
0.91 0.56 0.00
0.41 0.16 0.00
0.54 0.57 1.00
0.34 0.86 1.00
0.13 0.19 2.00
0.66 0.61 0.00
0.94 0.00 0.00
0.61 0.60 0.00
0.84 0.91 1.00
0.22 0.13 2.00
0.90 0.25 0.00
0.01 0.92 1.00
0.23 0.20 2.00
0.13 0.73 1.00
0.91 0.57 0.00
0.91 0.23 0.00
0.58 0.79 1.00
0.09 0.47 2.00
0.12 0.84 1.00
0.77 0.49 0.00
0.73 0.79 1.00
0.09 0.40 2.00
0.36 0.85 1.00
0.77 0.79 1.00
0.13 0.47 2.00
0.54 0.14 0.00
0.75 0.02 0.00
0.27 0.56 2.00
0.57 0.18 0.00
0.48 0.70 1.00
0.56 0.10 0.00
0.44 0.21 0.00
0.69 0.08 0.00
0.72 0.63 0.00
0.76 0.51 0.00
0.04 0.88 1.00
0.68 0.97 1.00
0.48 0.18 0.00
0.10 0.59 2.00
0.61 0.88 1.00
0.84 0.97 1.00
0.73 0.87 1.00
0.32 0.29 2.00
0.07 0.89 1.00
0.04 0.33 2.00
0.56 0.64 1.00
0.16 0.70 1.00
0.27 0.06 2.00
0.24 0.14 2.00
0.02 0.34 2.00
0.15 0.20 2.00
0.03 0.03 2.00
0.98 0.90 0.00
0.36 0.27 2.00
0.83 0.51 0.00
0.41 0.35 2.00
0.25 0.91 1.00
0.24 0.93 1.00
0.77 0.29 0.00
0.67 0.74 1.00
0.71 0.41 0.00
0.85 0.26 0.00
0.52 0.64 1.00
0.44 0.04 0.00
0.55 0.55 0.00
0.65 0.97 1.00
0.79 0.69 0.00
0.89 0.28 0.00
0.31 0.99 1.00
0.14 0.81 1.00
0.75 0.01 0.00
0.53 0.75 1.00
0.78 0.77 0.00
0.43 0.40 2.00
0.84 0.78 0.00
0.54 0.82 1.00
0.25 0.13 2.00
0.06 0.06 2.00
0.09 0.84 1.00
0.17 0.12 2.00
0.44 0.71 1.00
0.81 0.46 0.00
0.91 0.94 1.00
0.58 0.48 0.00
0.29 0.48 2.00
0.65 0.68 1.00
0.64 0.38 0.00
0.50 0.64 1.00
0.97 0.87 0.00
0.81 0.37 0.00
0.93 0.04 0.00
0.61 0.25 0.00
0.98 0.87 0.00
0.71 0.64 0.00
0.01 0.62 2.00
0.29 0.34 2.00
0.84 0.80 0.00
0.44 0.30 0.00
0.17 0.05 2.00
0.11 0.97 1.00
0.80 0.19 0.00
0.65 0.21 0.00
0.50 0.56 1.00
0.29 0.34 2.00
0.64 0.73 1.00
0.37 0.66 1.00
0.54 0.97 1.00
0.76 0.85 1.00
0.84 0.44 0.00
0.10 0.86 1.00
0.51 0.65 1.00
0.65 0.69 1.00
0.15 0.97 1.00
0.00 0.24 2.00
0.97 0.79 0.00
0.81 0.64 0.00
0.27 0.67 1.00
0.28 0.40 2.00
0.12 0.13 2.00
0.48 0.84 1.00
0.93 0.17 0.00
0.91 0.62 0.00
0.24 0.52 2.00
0.39 0.36 2.00
0.97 0.11 0.00
0.28 0.67 1.00
0.94 0.67 0.00
0.77 0.77 1.00
0.88 0.25 0.00
0.87 0.88 1.00
0.15 0.29 2.00
0.79 0.70 0.00
0.91 0.57 0.00
0.84 0.39 0.00
0.71 0.29 0.00
0.31 0.20 2.00
0.35 0.67 1.00
0.24 0.82 1.00
0.09 0.31 2.00
0.19 0.28 2.00
0.62 0.18 0.00
0.93 0.85 0.00
0.69 0.97 1.00
0.56 0.21 0.00
0.26 0.50 2.00
0.53 0.45 0.00
0.80 0.60 0.00
0.30 0.49 2.00
0.18 0.31 2.00
0.02 0.85 1.00
0.74 0.29 0.00
0.04 0.32 2.00
0.43 0.62 1.00
0.83 0.30 0.00
0.01 0.29 2.00
0.51 0.49 0.00
0.48 0.65 1.00
0.03 0.51 2.00
0.01 0.77 1.00
0.33 0.20 2.00
0.06 0.51 2.00
0.60 0.88 1.00
0.89 0.49 0.00
0.41 0.95 1.00
0.04 0.64 2.00
0.08 0.06 2.00
0.08 0.24 2.00
0.81 0.61 0.00
0.80 0.52 0.00
0.02 0.76 1.00
0.86 0.23 0.00
0.91 0.78 0.00
0.40 0.77 1.00
0.29 0.44 2.00
0.84 0.70 0.00
0.62 0.96 1.00
0.14 0.79 1.00
0.23 0.11 2.00
0.84 0.82 0.00
0.84 0.64 0.00
0.22 0.07 2.00
0.81 0.38 0.00
0.54 0.99 1.00
0.61 0.85 1.00
0.52 0.03 0.00
0.64 0.23 0.00
0.01 0.64 2.00
0.02 0.03 2.00
0.69 0.44 0.00
0.17 0.61 2.00
0.69 0.60 0.00
0.29 0.88 1.00
0.06 0.52 2.00
0.58 0.46 0.00
0.30 0.32 2.00
0.32 0.45 2.00
0.97 0.19 0.00
0.19 0.14 2.00
0.35 0.01 0.00
0.10 0.29 2.00
0.40 0.82 1.00
0.09 0.03 2.00
0.50 0.70 1.00
0.74 0.93 1.00
0.01 0.83 1.00
0.09 0.69 2.00
0.06 0.50 2.00
0.88 0.57 0.00
0.99 0.51 0.00
0.52 0.29 0.00
0.20 0.49 2.00
0.93 0.30 0.00
0.65 0.92 1.00
0.79 0.37 0.00
0.51 0.29 0.00
0.79 0.56 0.00
0.33 0.45 2.00
0.11 0.58 2.00
0.90 0.43 0.00
0.00 0.64 2.00
0.07 0.04 2.00
0.13 0.86 1.00
0.94 0.62 0.00
0.30 0.52 2.00
0.21 0.26 2.00
0.26 0.53 2.00
0.10 0.34 2.00
0.40 0.31 2.00
0.73 0.10 0.00
0.65 0.38 0.00
0.25 0.58 2.00
0.23 0.97 1.00
0.50 0.44 0.00
0.86 0.68 0.00
0.63 0.52 0.00
0.75 0.17 0.00
0.44 0.12 0.00
0.40 0.13 0.00
0.72 0.08 0.00
0.37 0.19 0.00
0.55 0.65 1.00
0.08 0.32 2.00
0.59 0.06 0.00
0.28 0.71 1.00
0.74 0.75 1.00
0.30 0.88 1.00
0.76 0.77 1.00
0.23 0.86 1.00
0.00 0.80 1.00
0.14 0.68 1.00
0.30 0.53 2.00
0.20 0.70 1.00
0.55 0.73 1.00
0.21 0.78 1.00
0.78 0.75 0.00
0.48 0.60 1.00
0.64 0.24 0.00
0.17 0.67 2.00
0.92 0.42 0.00
0.72 0.88 1.00
0.15 0.80 1.00
0.72 0.40 0.00
0.19 0.69 1.00
0.83 0.59 0.00
0.20 0.22 2.00
0.96 0.83 0.00
0.55 0.77 1.00
0.22 0.87 1.00
0.21 0.20 2.00
0.63 0.23 0.00
0.63 0.40 0.00
0.30 0.94 1.00
0.82 0.99 1.00
0.42 0.57 1.00
0.81 0.93 1.00
0.27 0.31 2.00
0.98 0.98 0.00
0.87 0.36 0.00
0.45 0.37 0.00
0.34 0.61 1.00
0.03 0.17 2.00
0.99 0.86 0.00
0.68 0.92 1.00
0.19 0.62 2.00
0.05 0.12 2.00
0.01 0.44 2.00
0.66 0.20 0.00
0.11 0.14 2.00
0.31 0.67 1.00
0.31 0.25 2.00
0.12 0.37 2.00
0.95 0.35 0.00
0.98 0.82 0.00
0.90 0.84 0.00
0.80 0.09 0.00
0.07 0.27 2.00
0.72 0.50 0.00
0.46 0.79 1.00
0.15 0.02 2.00
0.65 0.54 0.00
0.03 0.05 2.00
0.75 0.55 0.00
0.89 0.94 1.00
0.01 0.13 2.00
0.33 0.12 0.00
0.83 0.49 0.00
0.11 0.27 2.00
0.02 0.01 2.00
0.81 0.13 0.00
0.25 0.79 1.00
0.25 0.94 1.00
0.16 0.98 1.00
0.28 0.48 2.00
0.43 0.17 0.00
0.26 0.68 1.00
0.37 0.95 1.00
0.35 0.45 2.00
0.33 0.23 2.00
0.30 0.72 1.00
0.32 0.14 2.00
0.27 0.10 2.00
0.90 0.63 0.00
0.97 0.09 0.00
0.90 0.14 0.00
0.37 0.95 1.00
0.65 0.64 0.00
0.31 1.00 1.00
0.81 0.78 0.00
0.80 0.02 0.00
0.79 0.21 0.00
0.11 0.13 2.00
0.81 0.57 0.00
0.78 0.91 1.00
0.89 0.80 0.00
0.32 0.79 1.00
0.11 0.69 2.00
0.16 0.23 2.00
0.67 0.95 1.00
0.71 0.05 0.00
0.24 0.24 2.00
0.81 0.49 0.00
0.92 0.84 0.00
0.98 0.84 0.00
1.00 0.13 0.00
0.52 0.76 1.00
0.70 0.29 0.00
0.08 0.76 1.00
0.90 0.84 0.00
0.81 0.38 0.00
0.36 0.70 1.00
0.98 0.92 0.00
0.39 0.47 2.00
0.02 0.73 2.00
0.02 0.01 2.00
0.54 0.04 0.00
0.44 0.52 2.00
0.03 0.29 2.00
0.37 0.20 0.00
0.42 0.15 0.00
0.41 0.26 0.00
1.00 0.29 0.00
0.16 0.73 1.00
0.44 0.13 0.00
0.27 0.63 1.00
0.97 0.19 0.00
0.59 0.62 1.00
0.70 0.06 0.00
0.65 0.42 0.00
0.76 0.76 1.00
0.89 0.23 0.00
0.25 0.91 1.00
0.23 0.23 2.00
0.60 0.97 1.00
0.24 0.31 2.00
0.73 0.62 0.00
0.66 0.15 0.00
0.24 0.78 1.00
0.19 0.18 2.00
0.31 0.03 0.00
0.37 0.36 2.00
0.59 0.29 0.00
0.76 0.92 1.00
0.32 0.22 2.00
0.50 0.63 1.00
0.58 0.06 0.00
0.27 0.90 1.00
0.71 0.63 0.00
0.46 0.46 2.00
0.65 0.09 0.00
0.50 0.98 1.00
0.43 0.75 1.00
0.72 0.93 1.00
0.01 0.58 2.00
0.08 0.44 2.00
0.58 0.12 0.00
0.81 0.00 0.00
0.56 0.43 0.00
0.60 0.45 0.00
0.22 0.23 2.00
0.92 0.32 0.00
0.21 0.26 2.00
0.69 0.25 0.00
0.38 0.92 1.00
0.21 0.75 1.00
0.82 0.36 0.00
0.11 0.48 2.00
0.77 0.90 1.00
0.48 0.76 1.00
0.95 0.19 0.00
0.55 0.34 0.00
0.52 0.06 0.00
0.87 0.31 0.00
0.65 0.92 1.00
0.33 0.01 0.00
0.01 0.89 1.00
0.14 0.72 1.00
0.77 0.01 0.00
0.83 0.51 0.00
0.66 0.36 0.00
0.58 0.59 1.00
0.91 0.83 0.00
0.71 0.87 1.00
0.48 0.88 1.00
0.71 0.93 1.00
0.64 0.92 1.00
0.02 0.72 2.00
0.80 0.41 0.00
0.75 0.64 0.00
0.39 0.38 2.00
0.59 0.22 0.00
0.24 0.42 2.00
0.99 0.92 0.00
0.59 0.19 0.00
0.20 0.01 2.00
0.99 0.28 0.00
0.85 0.81 0.00
0.34 0.74 1.00
0.66 0.88 1.00
0.93 0.73 0.00
0.56 0.62 1.00
0.62 0.83 1.00
0.47 0.62 1.00
0.99 0.81 0.00
0.93 0.30 0.00
0.03 0.86 1.00
0.45 0.17 0.00
0.34 0.34 2.00
0.16 0.25 2.00
0.30 0.82 1.00
0.72 0.19 0.00
0.49 0.13 0.00
0.31 0.38 2.00
0.92 0.49 0.00
0.70 0.62 0.00
0.28 0.18 2.00
0.79 0.59 0.00
1.00 0.37 0.00
0.70 0.69 0.00
0.47 0.96 1.00
0.80 0.16 0.00
0.53 0.79 1.00
0.57 0.01 0.00
0.97 0.01 0.00
0.94 0.15 0.00
0.59 0.15 0.00
0.23 0.98 1.00
0.50 0.12 0.00
0.44 0.68 1.00
0.33 0.89 1.00
0.60 0.74 1.00
0.09 0.01 2.00
0.12 0.66 2.00
0.97 0.61 0.00
0.95 0.43 0.00
0.38 0.85 1.00
0.99 0.53 0.00
0.72 0.97 1.00
0.92 0.41 0.00
0.33 0.52 2.00
0.84 0.07 0.00
0.60 0.91 1.00
0.84 0.92 1.00
0.09 0.94 1.00
0.35 0.55 2.00
0.43 0.47 2.00
0.80 0.87 1.00
0.24 0.98 1.00
0.00 0.75 1.00
0.39 0.58 1.00
0.92 0.03 0.00
0.15 1.00 1.00
0.75 0.94 1.00
0.95 0.84 0.00
0.25 0.34 2.00
0.16 0.79 1.00
0.34 0.70 1.00
0.29 0.09 2.00
0.27 0.13 2.00
0.47 0.52 1.00
0.56 0.57 1.00
0.01 0.29 2.00
0.84 0.96 1.00
0.14 0.14 2.00
0.76 0.31 0.00
0.08 0.61 2.00
0.76 0.09 0.00
0.36 0.02 0.00
0.24 1.00 1.00
0.76 0.54 0.00
0.06 0.65 2.00
0.45 0.50 2.00
0.90 0.56 0.00
0.91 0.05 0.00
0.47 0.79 1.00
0.83 0.53 0.00
0.67 0.27 0.00
0.26 0.02 0.00
0.36 0.18 0.00
0.93 0.33 0.00
0.88 0.99 1.00
0.96 0.90 0.00
0.22 0.57 2.00
0.15 0.71 1.00
0.12 0.36 2.00
0.48 0.20 0.00
0.26 0.75 1.00
0.95 0.26 0.00
0.49 0.67 1.00
0.72 0.28 0.00
1.00 0.62 0.00
0.44 0.79 1.00
0.02 0.43 2.00
0.02 0.10 2.00
0.47 0.43 0.00
0.64 0.71 1.00
0.11 0.76 1.00
0.22 0.55 2.00
0.73 0.81 1.00
0.71 0.90 1.00
0.96 0.84 0.00
0.73 0.31 0.00
0.84 0.54 0.00
0.59 0.59 0.00
0.68 0.93 1.00
0.71 0.74 1.00
0.18 0.74 1.00
0.38 0.20 0.00
0.40 0.25 0.00
0.39 0.49 2.00
0.19 0.14 2.00
0.42 0.63 1.00
0.74 0.64 0.00
0.99 0.53 0.00
0.07 0.62 2.00
0.85 0.11 0.00
0.78 1.00 1.00
0.48 0.70 1.00
0.30 0.84 1.00
0.48 0.07 0.00
0.39 0.19 0.00
0.90 0.83 0.00
0.28 0.70 1.00
0.09 0.73 1.00
0.50 0.07 0.00
0.18 0.31 2.00
0.23 0.70 1.00
0.70 0.37 0.00
0.89 0.92 1.00
0.90 0.46 0.00
0.81 0.10 0.00
0.79 0.28 0.00
0.81 0.41 0.00
0.32 0.18 2.00
0.62 0.41 0.00
0.18 0.86 1.00
0.85 0.65 0.00
0.96 0.56 0.00
0.25 0.44 2.00
0.07 0.89 1.00
0.73 0.48 0.00
0.92 0.60 0.00
0.84 0.26 0.00
0.01 0.24 2.00
0.43 0.01 0.00
0.40 0.91 1.00
0.42 0.25 0.00
0.14 0.97 1.00
0.76 0.26 0.00
0.69 0.78 1.00
0.61 0.66 1.00
0.93 0.53 0.00
0.72 0.19 0.00
0.32 0.82 1.00
0.82 0.96 1.00
0.95 0.16 0.00
0.16 0.19 2.00
0.53 0.42 0.00
0.78 0.05 0.00
0.36 0.05 0.00
0.37 0.10 0.00
0.70 0.15 0.00
0.55 0.09 0.00
0.62 0.20 0.00
0.21 0.65 1.00
0.64 0.59 0.00
0.50 0.38 0.00
0.66 0.78 1.00
0.29 0.18 2.00
0.14 0.49 2.00
0.84 0.23 0.00
0.11 0.69 2.00
0.11 0.70 1.00
0.46 0.94 1.00
0.41 0.16 0.00
0.95 0.12 0.00
0.41 0.95 1.00
0.33 0.11 0.00
0.32 0.92 1.00
0.25 0.78 1.00
0.74 0.19 0.00
0.03 0.83 1.00
0.65 0.03 0.00
0.07 0.56 2.00
0.24 0.41 2.00
0.09 0.35 2.00
0.76 0.78 1.00
0.22 0.44 2.00
0.68 0.82 1.00
0.47 0.01 0.00
0.93 0.53 0.00
0.16 0.64 2.00
0.48 0.33 0.00
0.09 0.85 1.00
0.18 0.68 1.00
0.07 0.17 2.00
0.34 0.34 2.00
0.68 0.13 0.00
0.28 0.58 2.00
0.31 0.86 1.00
0.05 0.99 1.00
0.30 0.55 2.00
0.86 0.04 0.00
0.57 0.81 1.00
0.97 0.50 0.00
0.69 0.15 0.00
0.13 0.12 2.00
0.16 0.76 1.00
0.39 0.05 0.00
0.17 0.31 2.00
0.03 0.84 1.00
0.23 0.63 2.00
0.40 0.53 2.00
0.52 0.92 1.00
0.21 0.50 2.00
0.17 0.46 2.00
0.69 0.95 1.00
0.10 0.04 2.00
