# x,y,label
0.5769 -4.0282 0.0000
4.0191 -3.9014 0.0000
-2.5422 4.1496 0.0000
-3.5006 2.9022 0.0000
4.0915 4.4444 0.0000
2.2593 1.5820 1.0000
-3.4177 -3.2318 0.0000
-0.6585 -0.2719 2.0000
1.0707 -3.9385 0.0000
-3.0844 4.4601 0.0000
-2.8887 1.4422 1.0000
0.9986 4.0831 0.0000
0.1798 2.6642 2.0000
-0.0600 -0.5714 2.0000
3.0894 -4.5280 0.0000
1.4909 -2.4916 1.0000
-1.5131 1.5845 1.0000
3.4143 -4.7464 0.0000
0.0777 1.3637 2.0000
2.0389 -3.5322 0.0000
0.3807 -2.0901 2.0000
-4.8650 -1.3501 0.0000
-1.2194 4.0525 0.0000
2.2099 -2.2759 1.0000
2.6478 2.1685 1.0000
3.7314 -0.8655 1.0000
-1.7545 -2.1225 2.0000
1.7677 1.5110 1.0000
3.5441 -1.7843 1.0000
-4.8819 3.8491 0.0000
-2.2512 -4.5291 0.0000
-4.5080 3.4948 0.0000
-0.4055 1.8223 2.0000
4.3618 -0.3893 0.0000
1.1920 -4.1884 0.0000
4.6488 -4.2163 0.0000
2.2457 3.7475 0.0000
-4.0882 -0.2246 0.0000
3.2981 -3.5723 0.0000
-3.2412 1.2025 1.0000
0.6816 -0.3626 2.0000
-3.1229 -0.4851 1.0000
-3.5737 -4.9651 0.0000
4.3532 1.5018 0.0000
1.5732 -2.7551 1.0000
0.5105 -0.1032 2.0000
0.6990 2.7693 1.0000
-1.9305 -2.6585 1.0000
-3.8763 -1.8353 0.0000
-0.6414 -0.9449 2.0000
-2.4172 4.1300 0.0000
-1.2841 4.1212 0.0000
-3.4026 3.8638 0.0000
3.3507 -3.6947 0.0000
-3.1928 -1.4549 1.0000
3.3869 0.9398 1.0000
0.6624 3.3057 1.0000
0.4420 -0.1629 2.0000
2.1039 1.8598 1.0000
-4.0677 1.2397 0.0000
-1.2903 3.5488 1.0000
2.1945 2.9391 1.0000
-2.2603 4.4033 0.0000
1.4438 -0.8956 2.0000
-3.6289 -0.5261 1.0000
3.4159 -1.1061 1.0000
3.8382 1.1072 1.0000
-4.5492 4.0442 0.0000
-2.0422 0.1256 1.0000
-0.4574 4.0115 0.0000
0.8087 -3.3015 1.0000
-0.3322 -3.6088 1.0000
2.7772 -1.9477 2.0000
-0.7507 -1.4879 2.0000
-4.3105 -3.6583 0.0000
-1.2991 -2.9454 1.0000
-4.4261 0.7667 0.0000
4.0047 1.8433 0.0000
3.6606 0.9849 1.0000
4.7555 -4.1694 0.0000
-1.2688 -2.3585 1.0000
-2.4953 -2.5880 1.0000
-0.1404 -2.4557 1.0000
-1.0876 4.8145 0.0000
0.8344 -0.7259 2.0000
3.5598 3.6403 0.0000
4.1804 4.8481 0.0000
-3.8691 2.0116 0.0000
-3.7934 -3.0025 0.0000
-2.7385 -2.8954 1.0000
2.7311 3.5372 0.0000
-0.6064 4.6641 0.0000
3.7327 0.9182 1.0000
-2.6012 -0.9039 1.0000
2.4750 -3.6650 0.0000
4.9024 -4.0690 0.0000
3.3832 4.5119 0.0000
-0.2323 -4.6059 0.0000
0.9427 3.0337 1.0000
-0.0073 -0.8906 2.0000
1.2941 3.3627 1.0000
-2.5096 -3.8618 0.0000
-1.4251 -4.8353 0.0000
-3.2573 4.5960 0.0000
-0.1335 -0.5979 2.0000
-2.5606 -3.5069 0.0000
-1.1357 1.6422 1.0000
-1.0465 -0.8423 2.0000
1.7830 -0.0005 1.0000
4.9094 1.1466 0.0000
1.7650 -2.9017 1.0000
2.1721 -2.6621 1.0000
-2.9338 -1.5244 1.0000
-2.6870 4.6328 0.0000
3.5697 -4.6197 0.0000
1.6873 -1.0119 2.0000
0.6148 4.1032 0.0000
2.1277 -3.5266 0.0000
1.4655 -2.3829 1.0000
-0.1039 3.6491 1.0000
0.1384 2.1023 2.0000
4.9842 3.9919 0.0000
1.9231 -0.3300 1.0000
4.8100 -0.2372 0.0000
-2.3843 4.8551 0.0000
-0.4594 -2.0847 2.0000
4.2674 2.2674 0.0000
3.4900 -3.7164 0.0000
1.0038 0.9862 2.0000
1.9552 4.7152 0.0000
-4.0757 -2.5369 0.0000
-1.3514 -2.3409 1.0000
-4.5220 1.7797 0.0000
-4.5933 4.3420 0.0000
4.6225 3.8953 0.0000
4.3131 -3.3980 0.0000
3.7471 -4.2894 0.0000
4.9361 4.9867 0.0000
1.6602 3.9868 0.0000
-2.4916 0.5874 1.0000
-1.3933 -4.3854 0.0000
-2.8852 -2.6617 1.0000
0.8090 -2.1268 2.0000
4.3066 -4.3964 0.0000
-2.1594 -4.5679 0.0000
-4.3948 -0.1246 0.0000
2.6613 -2.4082 1.0000
2.2252 -1.4280 2.0000
-1.8958 4.8896 0.0000
-2.7001 3.5886 0.0000
0.2993 2.6315 1.0000
-1.7479 0.5149 1.0000
-4.1841 3.2731 0.0000
-0.0919 0.3806 2.0000
3.7041 -0.8295 1.0000
2.5498 -0.8946 1.0000
2.7864 4.7906 0.0000
-1.2910 0.6769 2.0000
-1.5887 3.2738 1.0000
0.7765 0.5206 2.0000
-4.0068 3.5459 0.0000
-4.4047 -1.0185 0.0000
-0.0491 2.6067 2.0000
3.8360 3.2115 0.0000
-4.5630 4.5744 0.0000
2.3470 1.7681 1.0000
-3.1981 -1.7633 1.0000
2.4959 4.4911 0.0000
4.4003 -0.2937 0.0000
-4.8282 -0.9881 0.0000
-4.7777 3.4379 0.0000
0.9665 3.1745 1.0000
2.7868 4.6116 0.0000
-0.9972 1.8835 1.0000
-1.1101 1.4083 1.0000
0.7368 0.4429 2.0000
1.6332 3.3116 1.0000
-2.5422 -4.0008 0.0000
-1.1556 4.3763 0.0000
2.0662 4.3593 0.0000
1.3373 1.1326 1.0000
0.6304 2.3487 1.0000
-0.6268 0.1429 2.0000
-1.3111 0.8495 1.0000
-2.9242 3.7019 0.0000
-4.3381 -2.2383 0.0000
-1.3631 3.5393 1.0000
4.0514 -0.3801 0.0000
1.4315 0.8177 1.0000
-0.6912 3.1725 1.0000
0.7813 -2.4716 1.0000
1.2593 -0.6190 2.0000
-1.5603 -3.6878 0.0000
3.9443 -1.4170 0.0000
4.5144 0.6188 0.0000
3.4070 -3.4570 0.0000
-4.5262 -2.0118 0.0000
-1.2210 0.9109 1.0000
2.6437 1.1928 1.0000
4.8314 -1.0744 0.0000
-3.0370 -0.3855 1.0000
-4.9695 -2.0252 0.0000
2.0327 -1.7091 2.0000
-1.4475 -3.5845 1.0000
0.7297 1.3266 2.0000
4.7968 -2.5134 0.0000
1.9275 -3.7092 0.0000
0.8912 -3.2017 1.0000
1.5607 -3.0325 1.0000
3.5919 -3.9617 0.0000
2.7213 -0.1991 1.0000
-2.4366 1.0779 1.0000
0.7291 4.0231 0.0000
-2.9412 -3.5470 0.0000
-2.0781 -1.3572 2.0000
-4.8174 1.9669 0.0000
3.7217 -4.5227 0.0000
1.9006 -2.0305 2.0000
0.4914 3.4181 1.0000
-1.7527 -0.5338 2.0000
4.8461 4.6759 0.0000
-3.3788 1.7221 1.0000
-3.0542 -0.4629 1.0000
1.1766 0.3498 2.0000
0.8520 -4.9650 0.0000
-4.4901 -2.2736 0.0000
-3.3175 -0.3214 1.0000
1.7537 -0.8981 2.0000
-1.5073 3.9945 0.0000
-2.8702 -0.0200 1.0000
-4.1870 -2.9265 0.0000
4.2239 -1.4297 0.0000
-3.4501 1.3686 1.0000
2.0817 3.0452 1.0000
1.7911 -0.6017 2.0000
-4.4109 -3.6468 0.0000
4.1972 1.9116 0.0000
0.5171 -0.8520 2.0000
4.1759 4.1901 0.0000
1.2372 3.0371 1.0000
-4.9670 -1.7032 0.0000
-0.6502 -1.4813 2.0000
-4.6043 4.1062 0.0000
-1.2751 -4.3446 0.0000
-1.6937 3.6207 1.0000
-3.3742 -2.7907 0.0000
0.6583 3.8118 1.0000
2.3698 0.8286 1.0000
-2.6331 -2.0170 2.0000
-2.6956 1.0376 1.0000
-4.1060 2.1400 0.0000
-1.9122 1.2445 1.0000
-0.7665 -3.6018 1.0000
-3.6535 0.7252 1.0000
0.7773 -0.7939 2.0000
1.0960 4.8019 0.0000
-1.8707 4.8814 0.0000
-0.3992 -0.7156 2.0000
-1.9708 3.7916 0.0000
-3.1464 -3.3055 0.0000
3.0602 2.4077 1.0000
-3.4484 -3.4346 0.0000
3.8897 -1.6044 0.0000
1.6086 1.2614 1.0000
0.7397 4.8091 0.0000
-0.9122 -0.9227 2.0000
-2.0275 2.9270 1.0000
1.9295 -1.7769 2.0000
0.5174 0.6626 2.0000
2.8255 -1.7055 1.0000
2.7448 2.8909 1.0000
3.4956 -3.2387 0.0000
-2.7506 -0.7224 1.0000
-4.1347 -4.9666 0.0000
-3.2490 3.4963 0.0000
1.1561 -1.2188 2.0000
0.3188 -0.9444 2.0000
1.5838 2.6463 1.0000
1.7060 -1.1416 2.0000
1.6444 -0.3069 2.0000
0.0631 2.3893 2.0000
-3.6454 3.1117 0.0000
3.7529 1.6107 0.0000
-1.5474 -0.5580 2.0000
-1.8966 -2.3391 1.0000
1.3643 -0.0830 2.0000
-4.8692 4.3338 0.0000
-2.6620 1.4871 1.0000
4.3686 1.8246 0.0000
1.1917 -4.4876 0.0000
-4.9969 0.3721 0.0000
-3.0772 0.6622 1.0000
1.6585 -1.3039 2.0000
0.8867 2.9802 1.0000
-1.5222 1.1937 1.0000
2.2510 -0.1195 1.0000
-4.0560 2.6097 0.0000
4.5931 -4.3126 0.0000
-4.2936 -1.4010 0.0000
-1.4122 1.3851 1.0000
-0.0398 -3.5669 1.0000
-4.4137 1.5170 0.0000
3.1489 1.3598 1.0000
-1.5733 -1.6915 2.0000
1.8378 -4.5215 0.0000
-0.7538 1.2125 2.0000
-0.9901 -2.5371 1.0000
-2.8553 4.6754 0.0000
4.6371 3.4932 0.0000
-2.4585 -2.2718 1.0000
1.4648 0.9783 1.0000
-1.1894 2.0678 1.0000
0.0615 -3.5821 1.0000
-4.4415 -1.6215 0.0000
1.0669 0.9486 2.0000
-4.9614 0.0226 0.0000
2.4886 3.7425 0.0000
-4.6731 -0.2770 0.0000
4.3761 -3.2442 0.0000
1.4462 1.2311 1.0000
-4.9411 -4.2078 0.0000
3.4709 -1.9552 1.0000
0.3029 -0.0204 2.0000
2.1665 -4.6242 0.0000
-0.9583 4.7060 0.0000
-2.6446 -3.8087 0.0000
-1.3086 0.3165 2.0000
4.7284 2.6166 0.0000
1.1411 0.8599 2.0000
-1.4107 -2.8811 1.0000
0.6962 3.8702 1.0000
-0.7971 2.2406 1.0000
2.1008 -1.7994 2.0000
0.2632 4.7001 0.0000
0.2904 3.5540 1.0000
4.2958 3.1496 0.0000
3.9744 4.0943 0.0000
-4.3085 4.6844 0.0000
-0.1612 2.2504 2.0000
-1.6022 -0.9843 2.0000
-4.6096 1.8888 0.0000
-2.0571 0.2823 1.0000
3.0396 2.5167 1.0000
-0.1135 0.9505 2.0000
-4.4292 -1.0479 0.0000
-1.1174 4.9740 0.0000
-0.9986 2.8875 1.0000
-0.5360 -3.2105 1.0000
1.4986 1.5402 1.0000
2.9761 -2.7986 0.0000
-2.7870 2.2910 1.0000
3.2103 -4.6237 0.0000
3.0111 -0.6301 1.0000
3.8419 0.3150 1.0000
-3.6318 -0.1643 1.0000
1.6023 -3.8530 0.0000
1.9470 -0.9464 2.0000
-0.7792 -2.5249 1.0000
-3.8106 -3.5595 0.0000
-2.0126 3.2601 1.0000
-1.1497 2.3826 1.0000
0.8221 -3.9859 0.0000
3.3543 -4.2507 0.0000
-1.3295 3.9353 0.0000
-4.1171 -2.9788 0.0000
3.9935 1.7664 0.0000
-3.7244 2.5960 0.0000
4.3167 3.7849 0.0000
-0.6471 -3.5904 1.0000
2.3814 -3.0056 1.0000
4.4361 1.0721 0.0000
-3.1292 -0.4110 1.0000
2.8482 -1.9474 2.0000
1.0757 -1.8342 2.0000
-4.6972 -2.2694 0.0000
-1.3554 -1.8679 2.0000
2.3882 3.2646 0.0000
-2.0847 3.5080 0.0000
3.5785 2.6900 0.0000
0.5258 -0.2993 2.0000
2.3456 -0.2321 1.0000
3.9543 1.8813 0.0000
0.6908 1.1541 2.0000
-1.9394 -2.6384 1.0000
0.1111 2.1461 2.0000
3.1565 3.0451 0.0000
-4.9753 -3.2731 0.0000
-3.5148 3.9847 0.0000
2.3928 -4.7043 0.0000
-2.6021 1.9606 1.0000
-3.7133 0.0657 1.0000
1.8891 0.0871 1.0000
4.5264 0.6244 0.0000
4.4547 -0.7738 0.0000
4.7240 -3.2165 0.0000
-1.5665 -3.1917 1.0000
4.1463 3.4929 0.0000
2.6549 -3.1122 0.0000
4.2513 -0.6453 0.0000
0.3099 -0.7410 2.0000
-0.1317 2.9758 1.0000
-4.9266 -0.3553 0.0000
1.0634 -1.8310 2.0000
-2.4338 -0.2862 1.0000
3.6573 -1.7419 0.0000
-2.3959 -1.2121 2.0000
-4.8410 4.4985 0.0000
-1.9031 2.6069 1.0000
1.1946 0.0782 2.0000
-2.8807 2.5186 1.0000
-3.1179 2.2340 1.0000
2.6523 1.7897 1.0000
-0.5685 -4.4425 0.0000
-0.9016 -4.9062 0.0000
-2.7688 -3.7557 0.0000
1.1322 1.2557 1.0000
4.5537 2.4052 0.0000
0.7920 -2.7365 1.0000
1.1164 2.1268 1.0000
-3.2736 4.1220 0.0000
-3.6988 -2.4664 0.0000
4.3786 4.2262 0.0000
1.2664 4.2214 0.0000
-1.9699 -0.9660 2.0000
2.3062 -3.1381 1.0000
4.5849 -3.7177 0.0000
2.0190 -1.5003 2.0000
-4.8089 -2.6950 0.0000
4.5421 1.6842 0.0000
-2.5754 2.6555 1.0000
-4.1229 -3.4623 0.0000
-0.7025 4.7006 0.0000
1.5892 2.2178 1.0000
1.9786 0.4950 1.0000
0.5818 1.4252 2.0000
4.4578 -0.9792 0.0000
-2.6638 2.4058 1.0000
-0.2708 -3.4958 1.0000
-1.8067 -2.4388 1.0000
0.2384 2.9162 1.0000
-3.7857 2.2095 0.0000
-3.6767 -0.2149 1.0000
-0.3581 -4.9721 0.0000
2.0065 -3.1106 1.0000
2.0428 0.1028 1.0000
-0.2075 -0.9075 2.0000
-2.8915 1.7850 1.0000
-0.7029 3.2827 1.0000
2.5265 0.1252 1.0000
2.6207 4.0499 0.0000
2.6882 -1.8784 2.0000
3.3714 -3.5342 0.0000
-0.4572 -4.6584 0.0000
-1.0863 -0.0928 2.0000
3.0973 -1.5411 1.0000
-4.6286 -2.6731 0.0000
-0.9233 -0.4716 2.0000
-4.8016 -0.7343 0.0000
4.2261 3.2850 0.0000
-0.1624 -4.3962 0.0000
3.8646 2.8295 0.0000
-0.7561 -1.9376 2.0000
-3.9378 -3.3544 0.0000
-1.8635 -4.4521 0.0000
-4.1806 -1.6177 0.0000
-0.2977 -4.9169 0.0000
-0.1854 4.0871 0.0000
-0.8327 -4.4739 0.0000
1.2204 4.1137 0.0000
3.7378 -0.3182 1.0000
2.3772 -4.9731 0.0000
1.2552 2.1459 1.0000
2.1307 -4.2568 0.0000
4.3054 3.9116 0.0000
-1.0447 -3.7576 1.0000
-1.9440 -4.0366 0.0000
0.1407 -3.2503 1.0000
0.1279 -1.6688 2.0000
2.5335 4.7888 0.0000
1.7047 -3.5124 1.0000
-3.3957 -1.0029 1.0000
1.2927 -1.6798 2.0000
-2.9058 -0.0884 1.0000
-3.9993 1.0273 0.0000
-1.5939 -3.0256 1.0000
-4.4262 -2.9087 0.0000
-2.6711 2.5476 1.0000
-4.3208 0.2583 0.0000
1.4949 4.9902 0.0000
2.2594 -3.4289 0.0000
-0.7573 -0.6004 2.0000
2.0180 0.7371 1.0000
-3.8423 -1.9252 0.0000
0.4453 -1.0581 2.0000
3.7463 -1.2685 1.0000
-1.8055 -1.3474 2.0000
1.4971 -4.0348 0.0000
-1.9299 -0.8182 2.0000
2.5965 4.1031 0.0000
-3.6541 4.6721 0.0000
-1.1065 3.7305 1.0000
1.0005 -2.3357 1.0000
-3.3086 0.1035 1.0000
-2.1446 2.1039 1.0000
-0.4793 -0.1570 2.0000
2.8529 3.2746 0.0000
0.4393 -1.7333 2.0000
-4.8454 -0.6571 0.0000
-0.1152 1.4497 2.0000
1.5178 -0.7953 2.0000
1.9856 -3.5738 0.0000
-3.6555 -4.6520 0.0000
0.3468 3.0845 1.0000
-0.5914 -2.9085 1.0000
-2.7273 -4.2072 0.0000
1.3426 1.3334 1.0000
-4.9125 2.8612 0.0000
2.6390 2.8395 1.0000
0.5973 2.9095 1.0000
0.3784 3.8574 1.0000
3.1964 -0.4297 1.0000
-1.2076 -4.1931 0.0000
-3.6053 2.0672 0.0000
-3.8068 3.1191 0.0000
-3.1818 2.4664 0.0000
-4.1117 3.1675 0.0000
4.7479 3.0970 0.0000
2.2534 2.3037 1.0000
4.5231 -4.7517 0.0000
-0.8602 -1.7595 2.0000
2.3673 -0.3412 1.0000
-1.8119 -4.5293 0.0000
1.8108 4.9335 0.0000
-2.9391 2.5340 1.0000
-2.5896 2.7184 1.0000
4.9157 -3.0993 0.0000
-0.6886 0.8352 2.0000
-4.2130 1.4846 0.0000
-1.0935 -2.5591 1.0000
-0.3802 0.0736 2.0000
-1.2593 3.3281 1.0000
-1.7232 -0.4821 2.0000
3.9300 -3.0138 0.0000
-2.5334 -4.0911 0.0000
0.9512 -4.4687 0.0000
4.0010 4.1001 0.0000
-2.4050 0.2070 1.0000
-3.9217 2.3965 0.0000
3.6961 0.4162 1.0000
-1.4629 -1.5356 2.0000
2.9836 1.7772 1.0000
-1.8966 1.4924 1.0000
2.4906 -0.5254 1.0000
-1.7981 -1.2990 2.0000
-4.7625 1.8681 0.0000
-2.4707 0.4361 1.0000
-0.9216 1.3887 2.0000
-4.9019 -0.1827 0.0000
-2.0308 -0.6241 2.0000
-3.0567 -1.2345 1.0000
4.0485 4.2724 0.0000
3.6844 -4.0306 0.0000
-0.2893 -1.6819 2.0000
1.9338 -1.1670 2.0000
0.0410 -1.8893 2.0000
4.9697 -0.5852 0.0000
-4.3845 -0.8770 0.0000
-2.0096 -2.5907 1.0000
3.4002 -2.9767 0.0000
-2.1037 -1.7866 2.0000
-2.1613 1.3541 1.0000
3.1021 2.5315 0.0000
0.8910 -1.8776 2.0000
4.6119 -2.5043 0.0000
-1.9659 -2.9566 1.0000
1.2963 -2.8841 1.0000
0.1186 -0.8248 2.0000
-4.8027 -0.2867 0.0000
-3.7785 -4.0943 0.0000
4.5511 3.6247 0.0000
-2.6148 3.9447 0.0000
-0.0560 -0.6363 2.0000
-0.5962 0.0055 2.0000
2.5505 4.6618 0.0000
-3.2392 2.2995 1.0000
-4.8999 1.9420 0.0000
2.5879 -4.7048 0.0000
0.0173 -0.2416 2.0000
-4.0498 2.0047 0.0000
-0.8044 -0.0604 2.0000
0.5563 -4.8588 0.0000
-1.4042 -4.7583 0.0000
4.3893 -4.3589 0.0000
2.2870 3.5814 0.0000
2.8456 3.2370 0.0000
-1.6353 -3.6780 0.0000
-2.6234 -3.2369 0.0000
-1.2435 -3.3932 1.0000
2.1984 0.6440 1.0000
-3.8509 2.2479 0.0000
0.9794 -3.3269 1.0000
2.7183 4.4749 0.0000
4.5430 -3.4677 0.0000
0.8506 -1.5264 2.0000
4.4496 -1.9745 0.0000
-2.1718 1.8188 1.0000
-3.2104 -1.4721 1.0000
1.3030 -1.0162 2.0000
3.0669 -0.3186 1.0000
2.8128 2.3786 1.0000
1.5385 -1.8805 2.0000
-3.8986 -4.4631 0.0000
3.0071 -1.7937 1.0000
-2.2646 -3.8840 0.0000
-4.7247 2.5950 0.0000
-2.4536 -4.5711 0.0000
4.2511 -1.8669 0.0000
4.5879 -2.2790 0.0000
-0.1267 2.1687 2.0000
3.2879 -0.1706 1.0000
-4.6448 3.9350 0.0000
-3.1121 0.3211 1.0000
0.3617 -3.7715 1.0000
2.4997 -0.9163 1.0000
1.6756 -0.3267 2.0000
-2.9409 1.7649 1.0000
-1.2434 0.9531 1.0000
4.5286 3.9277 0.0000
-4.1787 0.5826 0.0000
0.0806 -3.5349 1.0000
-2.8289 -1.1297 1.0000
-2.8347 -4.5743 0.0000
-1.4760 4.5726 0.0000
-2.6386 2.2088 1.0000
-0.3553 3.0611 1.0000
-1.8949 -1.4866 2.0000
-1.8480 3.6709 0.0000
0.0544 -0.0484 2.0000
0.1120 2.0822 2.0000
0.9668 3.7167 1.0000
-0.3242 2.9845 1.0000
-0.2085 2.4792 2.0000
4.4252 -2.6119 0.0000
-4.6918 -1.7775 0.0000
-0.7478 -2.7245 1.0000
2.2158 2.1650 1.0000
-2.7294 0.8047 1.0000
-3.5716 0.9633 1.0000
3.1752 -4.0307 0.0000
3.3477 -1.3699 1.0000
3.8020 -2.2977 0.0000
-3.4887 4.6585 0.0000
0.5189 1.0585 2.0000
2.2600 4.1574 0.0000
-4.5105 1.3034 0.0000
4.9936 -1.3907 0.0000
-0.9943 -4.8628 0.0000
0.7946 -1.8280 2.0000
-3.2584 0.1018 1.0000
-2.2376 -1.3812 2.0000
4.5993 -0.1958 0.0000
4.9475 3.4266 0.0000
-3.1495 3.3187 0.0000
-3.8638 -1.7972 0.0000
-0.0675 4.8165 0.0000
1.4584 2.0665 1.0000
-2.3649 2.4902 1.0000
-2.5985 -4.1211 0.0000
3.0005 -4.6472 0.0000
1.3838 3.4170 1.0000
4.0636 -1.0974 0.0000
2.9921 -3.3471 0.0000
1.5556 4.4509 0.0000
2.7589 -4.2185 0.0000
-2.7756 4.8220 0.0000
-4.0988 -3.3226 0.0000
-3.7754 -4.3841 0.0000
2.0101 -3.4447 1.0000
0.2585 -1.9625 2.0000
4.8050 -4.2527 0.0000
2.7800 -1.6342 1.0000
3.5824 -1.3417 1.0000
-2.1971 -1.6676 2.0000
1.6212 4.7141 0.0000
-0.3592 1.5360 2.0000
-0.0885 -0.0169 2.0000
0.7352 3.5903 1.0000
1.1234 -0.1664 2.0000
3.9965 -1.1502 0.0000
0.8899 -2.8793 1.0000
-0.3018 -3.0984 1.0000
-0.3738 3.3058 1.0000
4.5204 -1.1441 0.0000
0.7098 -2.5467 1.0000
3.4928 0.0165 1.0000
-0.5036 1.7204 2.0000
-1.8623 0.9615 1.0000
3.4227 2.0377 1.0000
1.3463 -1.2880 2.0000
-1.1164 3.7407 1.0000
-4.7392 -1.1468 0.0000
1.6555 -0.1562 2.0000
-2.2628 1.2911 1.0000
2.3277 0.8341 1.0000
-0.4061 2.9488 1.0000
2.9181 -0.6137 1.0000
-0.3334 -0.5924 2.0000
4.8230 1.2030 0.0000
-3.4225 0.2303 1.0000
-3.3710 -0.4072 1.0000
-2.0759 -3.8156 0.0000
3.8151 -0.2543 1.0000
-3.8620 0.5930 1.0000
-2.3170 1.4178 1.0000
-4.3857 -2.3836 0.0000
-2.7340 2.5782 1.0000
-3.5067 -3.3464 0.0000
0.8594 -4.5525 0.0000
-1.4147 0.9736 1.0000
4.5356 -2.0962 0.0000
3.1141 -3.6864 0.0000
4.2822 -4.9706 0.0000
4.0749 -3.2597 0.0000
1.9637 -4.1127 0.0000
1.2194 -3.1879 1.0000
4.2675 -4.5750 0.0000
-0.2816 1.7183 2.0000
-1.8274 -1.9320 2.0000
0.8679 2.0995 1.0000
-1.5380 -1.9597 2.0000
2.0123 2.2244 1.0000
0.2294 2.1917 2.0000
4.0154 0.8490 0.0000
4.9987 4.5641 0.0000
-0.7774 -3.9501 0.0000
-3.3785 0.5738 1.0000
4.5848 2.7142 0.0000
3.8976 -0.2892 1.0000
-0.2591 -0.8291 2.0000
-0.3498 -2.5171 1.0000
1.0728 -3.2983 1.0000
2.9532 3.0743 0.0000
-0.5322 -4.8869 0.0000
-0.5437 -4.6356 0.0000
0.7537 -2.7927 1.0000
4.0318 3.0396 0.0000
0.3767 -2.8773 1.0000
-3.5577 3.1871 0.0000
2.7284 -2.8712 1.0000
2.8966 0.1747 1.0000
-0.8311 0.2153 2.0000
4.6995 -3.2008 0.0000
3.2753 0.1232 1.0000
2.7366 -1.5209 1.0000
4.4075 -0.3408 0.0000
-4.5164 -3.3920 0.0000
1.2624 0.4738 2.0000
3.4989 -3.8621 0.0000
-2.8758 2.9758 0.0000
-2.2732 -1.7304 2.0000
-0.4592 2.5183 1.0000
0.2345 1.0876 2.0000
-0.3591 1.5506 2.0000
-3.2962 2.5103 0.0000
-0.8077 2.2198 1.0000
4.5552 -1.9965 0.0000
4.6499 1.3890 0.0000
2.2313 2.1498 1.0000
-4.1111 4.5432 0.0000
-4.4644 -2.8281 0.0000
1.8208 0.4084 1.0000
0.8628 -0.1801 2.0000
-0.4848 4.6733 0.0000
-0.6873 -3.1171 1.0000
0.1639 3.1770 1.0000
3.6086 3.7560 0.0000
0.7116 -3.7170 1.0000
-1.5523 3.9867 0.0000
-1.2480 4.6438 0.0000
3.9508 -1.1536 0.0000
-0.5087 2.3468 1.0000
-2.4926 -4.3534 0.0000
0.2330 2.7080 1.0000
4.1774 -4.6114 0.0000
-2.3564 -0.5526 1.0000
-2.3162 -4.8466 0.0000
-4.0923 4.5675 0.0000
1.3439 -3.4050 1.0000
1.0080 -3.9782 0.0000
-0.0601 -1.5111 2.0000
0.2559 -2.6673 1.0000
2.8395 -3.5102 0.0000
-1.9932 -0.8263 2.0000
-2.6271 0.1443 1.0000
2.1755 -4.2568 0.0000
3.7272 3.5688 0.0000
2.4967 -0.7990 1.0000
-0.2455 -1.8797 2.0000
4.7044 -1.6692 0.0000
-1.5402 -0.2407 2.0000
2.4977 0.6690 1.0000
-3.4675 2.7329 0.0000
0.8634 -0.8587 2.0000
4.9152 -3.9255 0.0000
-4.2626 1.4132 0.0000
-2.4514 3.3377 0.0000
-0.2627 2.2551 2.0000
-4.5449 -3.7495 0.0000
-2.1492 -0.8380 2.0000
-4.2272 3.5030 0.0000
0.7938 1.5044 2.0000
2.7343 4.1297 0.0000
-1.8266 -1.5434 2.0000
3.2794 -2.5917 0.0000
-3.3803 -2.0642 1.0000
-2.9281 4.3457 0.0000
4.5647 -1.0235 0.0000
-0.6436 1.3371 2.0000
-4.8874 -1.1116 0.0000
-2.7766 -3.2439 0.0000
-1.7375 -4.4709 0.0000
-0.3461 2.1114 2.0000
-3.7971 -0.7562 1.0000
0.2569 3.9852 1.0000
-3.4003 -4.6995 0.0000
4.3881 1.2045 0.0000
-1.4977 -4.2242 0.0000
4.8000 2.2597 0.0000
0.6477 4.3845 0.0000
-1.7508 4.5109 0.0000
3.9950 -0.0600 1.0000
-0.7318 2.1581 1.0000
4.4205 -2.2656 0.0000
0.5642 3.7979 1.0000
-3.8455 2.1876 0.0000
-3.4151 0.9125 1.0000
1.4616 0.1957 2.0000
-2.4041 4.1557 0.0000
-0.7955 -0.8785 2.0000
0.5009 3.7141 1.0000
0.0802 -4.5320 0.0000
1.5614 3.9705 0.0000
-4.4981 1.6570 0.0000
-1.6490 -2.2911 1.0000
-1.9764 -1.0632 2.0000
-1.1277 -3.9239 0.0000
2.8376 -2.5038 1.0000
2.3190 -1.4641 2.0000
-2.1083 -2.7332 1.0000
-0.5673 2.9667 1.0000
3.9563 -2.1561 0.0000
4.6962 -0.6594 0.0000
1.4727 2.5361 1.0000
0.0003 3.6246 1.0000
-0.1866 0.2627 2.0000
4.0662 2.4405 0.0000
-2.9534 2.3729 1.0000
1.1190 -0.6259 2.0000
2.9061 0.9015 1.0000
3.9342 -0.1833 1.0000
-3.5206 2.2558 0.0000
2.5367 -3.1442 0.0000
-3.6601 -1.8374 0.0000
-2.3858 3.3005 0.0000
-1.3717 -2.1381 2.0000
0.1802 -3.6535 1.0000
-0.3327 2.1686 2.0000
-4.7358 -1.8451 0.0000
0.3436 3.7461 1.0000
-3.0937 2.1133 1.0000
-4.4018 -3.2015 0.0000
-2.3270 0.3829 1.0000
-3.8058 3.1446 0.0000
-1.1340 1.9500 1.0000
-2.2869 -3.6242 0.0000
2.5581 -2.2684 1.0000
-2.7043 -2.9158 1.0000
-0.4760 -3.6076 1.0000
-1.5649 4.5588 0.0000
3.1453 -1.2748 1.0000
-3.0281 -1.4081 1.0000
-4.3747 -2.6375 0.0000
0.9879 1.7310 1.0000
4.9220 -2.8695 0.0000
2.8311 3.6061 0.0000
-1.0973 2.7388 1.0000
-4.8845 -2.1048 0.0000
-1.8769 1.2592 1.0000
-0.6844 3.5454 1.0000
0.5639 4.2191 0.0000
-3.2309 -3.4149 0.0000
-4.9496 -1.0073 0.0000
0.0088 -2.3982 1.0000
-1.0233 3.7381 1.0000
-3.6018 -1.7348 1.0000
1.2114 -3.0260 1.0000
3.6459 4.9457 0.0000
-4.7084 0.0404 0.0000
1.3994 4.4172 0.0000
-2.3683 1.2583 1.0000
-1.3901 0.3774 2.0000
-1.2771 3.8848 0.0000
1.7584 -4.4840 0.0000
2.6782 -4.1067 0.0000
2.4390 3.8067 0.0000
-4.1874 3.3399 0.0000
-2.6380 1.9632 1.0000
0.7970 -0.4975 2.0000
-2.3398 -2.1454 2.0000
1.2734 4.4729 0.0000
-2.5585 -1.5497 2.0000
3.8098 -3.5999 0.0000
3.6724 1.4851 1.0000
2.1413 1.9090 1.0000
3.6182 -1.2539 1.0000
3.6347 0.5560 1.0000
2.1775 1.5247 1.0000
1.5585 3.0481 1.0000
-0.0064 -1.5301 2.0000
-3.4093 1.6122 1.0000
-3.4155 -1.0262 1.0000
0.1637 -3.4496 1.0000
-3.7870 0.4342 1.0000
3.7466 0.3182 1.0000
-4.9070 1.8983 0.0000
-4.7502 4.8196 0.0000
1.6498 1.8575 1.0000
1.5613 1.3063 1.0000
-4.1130 -0.8435 0.0000
-0.1861 2.9436 1.0000
3.9104 2.8968 0.0000
-1.7949 3.5280 1.0000
-4.1866 4.6903 0.0000
-1.9877 -0.7184 2.0000
4.8836 -0.8965 0.0000
-3.1329 -0.1663 1.0000
-2.1055 -3.9867 0.0000
-0.5528 2.9299 1.0000
4.2588 -1.2622 0.0000
0.9162 -3.2512 1.0000
3.0966 -4.8696 0.0000
-2.2328 0.2687 1.0000
2.7853 4.3268 0.0000
4.2978 -4.1595 0.0000
4.8844 4.1581 0.0000
-3.4050 -3.9536 0.0000
1.4508 0.3657 2.0000
-0.3488 4.0413 0.0000
-1.4249 1.8918 1.0000
0.6150 4.3811 0.0000
2.4773 -1.5478 2.0000
4.3529 1.8965 0.0000
-4.5729 1.5837 0.0000
-0.9883 0.3537 2.0000
-2.0398 -0.7309 2.0000
3.5867 -1.0804 1.0000
-3.4189 -1.4341 1.0000
3.4911 1.8755 1.0000
3.8010 -3.5848 0.0000
-4.1224 -2.8666 0.0000
-3.3678 -3.4696 0.0000
3.6434 4.9402 0.0000
2.6904 2.9538 1.0000
-3.1880 -1.4508 1.0000
0.1985 3.1829 1.0000
-1.0468 0.0436 2.0000
-2.9737 -1.9950 1.0000
1.2631 -1.1728 2.0000
1.7296 2.0130 1.0000
1.1708 1.8133 1.0000
4.5333 2.0654 0.0000
0.1615 3.7379 1.0000
3.4233 -4.7535 0.0000
-3.0134 2.0087 1.0000
4.0251 -3.0387 0.0000
-3.3731 -1.1526 1.0000
-3.9901 -0.7121 0.0000
4.1256 3.7407 0.0000
4.2067 -2.8031 0.0000
-0.5427 -2.8715 1.0000
-1.6878 -1.9704 2.0000
3.2688 4.7784 0.0000
1.1035 -4.0160 0.0000
0.7379 1.1182 2.0000
-4.6698 0.2156 0.0000
-0.2466 0.7887 2.0000
-3.5847 -3.9391 0.0000
0.4158 2.3300 1.0000
4.8984 1.3434 0.0000
0.3735 0.8787 2.0000
-2.1330 4.6832 0.0000
2.9537 1.8024 1.0000
-3.0974 3.6410 0.0000
2.2550 -1.6470 2.0000
-2.6480 -3.8511 0.0000
-3.9052 4.3701 0.0000
-3.1915 -4.9685 0.0000
-0.4899 1.2007 2.0000
3.2726 3.7096 0.0000
2.8159 -3.7445 0.0000
