# x,y,label
-2.6894 -2.7746 0.0000
-3.2298 -3.2098 0.0000
-1.2967 -4.5569 0.0000
-3.1747 -2.8881 0.0000
-2.9215 -2.9805 0.0000
-1.8905 -2.6166 0.0000
-3.6347 -3.9218 0.0000
-3.4124 -1.5647 0.0000
-2.8669 -4.1920 0.0000
-3.2291 -2.8204 0.0000
-3.8332 -3.2971 0.0000
-3.1416 -3.6703 0.0000
-3.2494 -2.7580 0.0000
-2.5758 -3.5263 0.0000
-4.1636 -4.9642 0.0000
-3.4883 -4.1464 0.0000
-2.1922 -3.0090 0.0000
-1.6981 -1.7627 0.0000
-4.0560 -4.3662 0.0000
-2.5468 -3.3412 0.0000
-3.6846 -2.3138 0.0000
-3.5980 -2.9045 0.0000
-3.6085 -3.5922 0.0000
-3.2940 -4.3247 0.0000
-2.3007 -4.5761 0.0000
-2.4995 -3.8528 0.0000
-2.9568 -3.5872 0.0000
-3.2525 -4.9037 0.0000
-2.9959 -4.5149 0.0000
-3.0724 -3.1168 0.0000
-2.4431 -3.6156 0.0000
-3.4403 -3.8577 0.0000
-3.0026 -3.6146 0.0000
-3.0690 -3.8981 0.0000
-3.0348 -2.6801 0.0000
-2.8238 -2.1813 0.0000
-2.8599 -1.8778 0.0000
-2.0638 -2.8325 0.0000
-3.0590 -2.8063 0.0000
-1.9051 -2.3051 0.0000
-3.2123 -2.1124 0.0000
-3.3326 -2.3037 0.0000
-2.9277 -2.4807 0.0000
-2.7494 -3.7736 0.0000
-2.8095 -4.4491 0.0000
-2.0938 -2.7153 0.0000
-2.2007 -3.3950 0.0000
-2.6521 -3.3683 0.0000
-3.2337 -3.9519 0.0000
-3.0686 -4.2400 0.0000
-2.0088 -2.3478 0.0000
-2.8433 -3.0037 0.0000
-3.9158 -4.0748 0.0000
-3.4809 -3.0560 0.0000
-3.4025 -3.1154 0.0000
-2.1917 -2.9640 0.0000
-3.0732 -1.7660 0.0000
-1.4161 -3.3536 0.0000
-2.5386 -4.2250 0.0000
-2.9109 -3.3037 0.0000
-3.3032 -3.7818 0.0000
-2.3177 -2.9453 0.0000
-3.1667 -3.1819 0.0000
-3.5751 -3.0868 0.0000
-2.6005 -3.7262 0.0000
-2.9893 -3.0397 0.0000
-2.1659 -3.6865 0.0000
-3.0497 -2.9672 0.0000
-5.0000 -3.5400 0.0000
-2.4457 -4.1122 0.0000
-4.3126 -2.9803 0.0000
-1.9211 -3.8236 0.0000
-1.7233 -2.3186 0.0000
-3.2971 -3.0192 0.0000
-3.8135 -3.0019 0.0000
-3.9762 -3.2584 0.0000
-2.3874 -3.3709 0.0000
-3.1397 -5.0000 0.0000
-3.4171 -2.4738 0.0000
-3.1686 -3.8990 0.0000
-1.5363 -2.6599 0.0000
-2.7554 -3.7763 0.0000
-2.4762 -3.4295 0.0000
-2.4544 -3.4862 0.0000
-2.2853 -4.0563 0.0000
-2.2553 -3.4495 0.0000
-3.4955 -2.9959 0.0000
-3.1488 -3.6192 0.0000
-3.5308 -4.2142 0.0000
-3.4960 -3.7306 0.0000
-2.1992 -3.1544 0.0000
-3.3494 -2.5263 0.0000
-3.0536 -2.7442 0.0000
-3.4832 -3.1281 0.0000
-3.4136 -4.0262 0.0000
-2.4465 -2.6945 0.0000
-3.3100 -3.3124 0.0000
-3.3357 -3.4973 0.0000
-2.6527 -2.6922 0.0000
-2.6479 -2.8968 0.0000
-2.7081 3.4473 1.0000
-3.8639 4.9603 1.0000
-3.4852 3.6053 1.0000
-4.2505 3.5023 1.0000
-2.9217 2.8151 1.0000
-3.0380 3.8559 1.0000
-2.4050 4.0997 1.0000
-2.9094 1.9568 1.0000
-3.3154 2.1820 1.0000
-1.5797 4.6195 1.0000
-3.7785 3.4464 1.0000
-3.9932 3.2387 1.0000
-3.4852 3.5423 1.0000
-2.6905 3.9160 1.0000
-3.3023 3.7088 1.0000
-3.3663 2.9921 1.0000
-3.8427 4.5928 1.0000
-2.0268 3.1571 1.0000
-3.4942 2.5359 1.0000
-3.8143 2.7583 1.0000
-3.1436 3.0556 1.0000
-3.6232 2.8828 1.0000
-3.2206 3.0168 1.0000
-2.1232 3.3691 1.0000
-3.3703 0.8495 1.0000
-3.0926 2.6032 1.0000
-3.3158 3.8135 1.0000
-3.1920 3.5424 1.0000
-2.4840 2.6718 1.0000
-2.6856 2.7111 1.0000
-3.2969 3.9466 1.0000
-3.7094 2.9748 1.0000
-3.1517 2.7771 1.0000
-2.4750 4.4473 1.0000
-3.0699 2.8893 1.0000
-3.1472 3.6272 1.0000
-4.3233 3.1163 1.0000
-2.3620 3.1838 1.0000
-4.1016 2.4852 1.0000
-3.9553 2.5694 1.0000
-3.3208 4.0289 1.0000
-3.0335 2.3510 1.0000
-3.0262 3.3424 1.0000
-3.5924 2.3121 1.0000
-3.2770 2.9799 1.0000
-3.4827 3.1222 1.0000
-4.3245 2.0075 1.0000
-3.2367 3.9427 1.0000
-3.5435 3.0196 1.0000
-2.7644 3.9986 1.0000
-3.1594 2.4943 1.0000
-2.3831 3.7866 1.0000
-2.5704 4.7822 1.0000
-2.4282 3.2998 1.0000
-2.2119 2.6953 1.0000
-2.5725 3.4833 1.0000
-3.1742 3.2468 1.0000
-2.1106 3.0013 1.0000
-3.7078 3.0639 1.0000
-3.0826 2.7431 1.0000
-2.4560 3.4450 1.0000
-3.2590 2.8771 1.0000
-2.5573 2.5484 1.0000
-3.6202 3.7190 1.0000
-3.4361 3.0322 1.0000
-2.6755 5.0000 1.0000
-2.5595 2.9736 1.0000
-2.2198 2.6461 1.0000
-3.1068 2.7636 1.0000
-2.8490 3.4080 1.0000
-2.6195 2.6601 1.0000
-2.7306 2.2639 1.0000
-3.9696 4.2957 1.0000
-3.4569 2.2802 1.0000
-2.0477 4.2078 1.0000
-3.9286 3.2470 1.0000
-2.6176 2.4048 1.0000
-3.3557 4.3147 1.0000
-2.3555 3.0058 1.0000
-3.6025 2.4430 1.0000
-3.0235 3.1940 1.0000
-4.4763 4.0488 1.0000
-3.0871 3.6269 1.0000
-2.3056 3.7266 1.0000
-4.1084 4.3763 1.0000
-2.2278 3.2984 1.0000
-3.5583 3.4113 1.0000
-3.0937 2.9901 1.0000
-5.0000 2.1300 1.0000
-2.3028 3.0471 1.0000
-3.6708 4.2801 1.0000
-3.4345 1.9365 1.0000
-3.9525 4.0890 1.0000
-3.7527 3.3313 1.0000
-2.2574 2.5109 1.0000
-3.4141 3.1941 1.0000
-2.4313 4.3917 1.0000
-3.1811 2.7471 1.0000
-2.8155 3.7017 1.0000
-3.4122 3.9403 1.0000
2.8034 -2.4999 1.0000
3.8742 -2.9121 1.0000
3.8059 -2.6593 1.0000
3.0994 -3.2814 1.0000
3.9108 -3.2615 1.0000
3.1785 -4.4758 1.0000
3.0271 -3.1254 1.0000
2.5670 -2.3564 1.0000
3.7012 -3.7671 1.0000
3.1309 -4.0624 1.0000
3.0401 -3.1797 1.0000
2.6270 -2.4494 1.0000
2.4757 -2.3989 1.0000
2.8789 -4.2939 1.0000
3.9423 -2.9285 1.0000
2.8616 -3.7029 1.0000
4.4427 -3.0493 1.0000
3.7171 -4.8239 1.0000
3.5420 -2.5983 1.0000
2.5891 -3.5204 1.0000
4.7988 -3.1000 1.0000
2.4229 -3.3693 1.0000
3.8052 -3.9673 1.0000
4.6174 -2.8757 1.0000
3.2921 -3.5807 1.0000
2.9529 -3.7254 1.0000
3.4180 -2.7821 1.0000
4.0723 -3.3021 1.0000
4.3824 -3.7332 1.0000
3.8544 -2.5860 1.0000
2.6827 -3.6568 1.0000
2.9594 -3.2655 1.0000
3.5737 -2.7296 1.0000
2.5380 -2.5829 1.0000
3.2631 -2.4034 1.0000
5.0000 -2.0838 1.0000
2.6911 -3.2120 1.0000
4.2437 -3.8023 1.0000
2.7782 -2.0899 1.0000
3.1928 -2.2694 1.0000
3.3822 -3.4531 1.0000
2.3775 -2.7527 1.0000
3.3578 -3.5079 1.0000
4.3391 -4.3336 1.0000
3.9334 -2.5168 1.0000
3.9198 -3.0013 1.0000
2.8682 -3.1579 1.0000
3.3298 -2.0605 1.0000
3.5730 -2.2406 1.0000
3.9064 -3.6927 1.0000
4.3711 -4.0195 1.0000
2.7318 -4.5698 1.0000
4.6210 -3.2392 1.0000
3.2310 -3.5138 1.0000
3.2552 -2.9893 1.0000
2.5854 -3.2345 1.0000
3.3839 -3.7030 1.0000
3.2716 -3.5266 1.0000
2.5672 -4.3341 1.0000
3.2274 -2.3837 1.0000
3.5163 -3.6163 1.0000
3.1433 -2.8149 1.0000
3.9768 -3.7040 1.0000
2.7141 -3.1939 1.0000
4.0543 -2.8025 1.0000
3.3011 -3.4352 1.0000
3.6919 -3.8142 1.0000
2.1397 -1.6159 1.0000
3.5217 -3.3825 1.0000
3.3880 -2.8457 1.0000
4.0863 -3.3002 1.0000
2.6054 -3.7848 1.0000
4.3862 -2.3236 1.0000
2.6735 -2.9697 1.0000
4.3530 -3.0049 1.0000
3.8361 -4.8365 1.0000
2.9032 -3.0425 1.0000
4.9502 -2.6558 1.0000
2.5944 -3.0454 1.0000
3.3110 -3.3474 1.0000
3.5763 -2.4085 1.0000
3.7966 -3.0713 1.0000
3.5898 -2.8371 1.0000
3.9907 -2.5179 1.0000
3.7528 -2.5429 1.0000
3.4542 -4.1635 1.0000
2.7806 -3.0081 1.0000
3.1898 -3.7767 1.0000
4.0631 -4.6490 1.0000
2.6148 -3.0437 1.0000
3.5090 -4.4601 1.0000
1.9975 -3.5701 1.0000
2.9444 -5.0000 1.0000
2.2951 -3.9583 1.0000
4.3025 -3.5724 1.0000
2.1554 -3.2490 1.0000
3.2636 -3.6214 1.0000
3.9412 -3.8906 1.0000
3.8576 -3.8743 1.0000
3.9726 -2.1710 1.0000
3.1398 1.7659 0.0000
3.4007 2.5486 0.0000
4.7882 1.1071 0.0000
2.2494 2.8039 0.0000
2.0210 3.0774 0.0000
2.7537 2.6753 0.0000
3.1923 2.2642 0.0000
2.6660 3.2137 0.0000
3.4391 3.2852 0.0000
3.4068 3.0065 0.0000
2.3833 2.4907 0.0000
3.5818 2.9432 0.0000
2.4634 2.9727 0.0000
3.9579 3.1001 0.0000
3.6228 3.3485 0.0000
5.0000 2.8942 0.0000
4.0439 1.9013 0.0000
3.3217 2.7212 0.0000
3.7055 3.1728 0.0000
3.5671 2.6053 0.0000
2.9462 3.0657 0.0000
2.4469 2.4337 0.0000
4.2334 3.8532 0.0000
4.5276 3.1958 0.0000
3.1397 3.0110 0.0000
3.2836 3.4429 0.0000
3.1251 3.4475 0.0000
4.1721 2.9762 0.0000
4.3119 3.6138 0.0000
2.8544 3.3718 0.0000
3.2267 3.0631 0.0000
3.0896 2.9150 0.0000
3.6149 2.1372 0.0000
4.0030 3.0482 0.0000
4.2143 3.0372 0.0000
3.2720 2.3296 0.0000
2.7764 3.8660 0.0000
3.8430 2.9100 0.0000
3.8818 2.1625 0.0000
3.2208 2.6205 0.0000
3.5843 2.8835 0.0000
3.7176 2.8882 0.0000
4.0834 2.3668 0.0000
3.5172 2.9376 0.0000
3.8083 1.8930 0.0000
3.5930 2.6122 0.0000
2.7915 3.2173 0.0000
3.9609 2.4416 0.0000
3.5380 3.3656 0.0000
4.2065 3.4736 0.0000
2.6382 2.4964 0.0000
2.9773 1.2335 0.0000
3.6973 3.5294 0.0000
2.2676 3.8562 0.0000
3.3755 1.7994 0.0000
3.1556 3.0600 0.0000
3.1786 3.1415 0.0000
3.2926 1.7825 0.0000
1.9086 2.5384 0.0000
3.4983 3.7929 0.0000
3.5212 3.0747 0.0000
4.2039 2.9338 0.0000
4.4799 3.7329 0.0000
3.7176 2.5113 0.0000
4.1170 1.6637 0.0000
1.7936 3.8716 0.0000
3.8522 2.3798 0.0000
4.2429 2.9255 0.0000
4.0784 3.7437 0.0000
3.6353 3.1277 0.0000
3.2202 3.0505 0.0000
3.2140 2.5096 0.0000
3.4855 3.3419 0.0000
3.7695 4.4754 0.0000
3.8694 2.5343 0.0000
3.4031 2.1582 0.0000
2.5897 3.1523 0.0000
4.7455 2.4293 0.0000
2.8635 3.0294 0.0000
1.5944 2.9584 0.0000
4.4675 3.2897 0.0000
4.1784 3.0827 0.0000
3.6013 3.1639 0.0000
4.1503 3.8352 0.0000
3.7807 2.2672 0.0000
2.8864 2.9798 0.0000
3.5507 3.1718 0.0000
2.6042 2.0950 0.0000
3.0144 2.2850 0.0000
2.8626 2.7143 0.0000
3.5786 2.5724 0.0000
4.2136 3.7308 0.0000
3.0174 3.0403 0.0000
3.7915 5.0000 0.0000
1.9768 2.6857 0.0000
2.7188 2.7304 0.0000
3.8440 4.5278 0.0000
4.1397 2.5572 0.0000
4.1296 4.4865 0.0000
4.2179 0.7698 0.0000
