# x,y,label
0.7003 -0.1448 0.0000
0.1924 -0.9552 0.0000
0.2441 0.0629 0.0000
0.5352 -2.7715 0.0000
0.2843 -1.5996 0.0000
-0.4025 -2.6627 0.0000
0.3913 -0.6460 0.0000
-0.2467 -0.9786 0.0000
-0.4099 1.2102 0.0000
0.0694 -0.2797 0.0000
-0.0399 -4.0788 0.0000
0.4363 -0.8361 0.0000
0.1393 -1.0817 0.0000
-0.2138 0.0704 0.0000
-0.0300 -0.3626 0.0000
-0.2842 -2.2287 0.0000
-0.1618 -1.6194 0.0000
0.6331 0.1844 0.0000
0.2068 -2.1959 0.0000
-0.1867 -1.0438 0.0000
-0.1601 -2.5599 0.0000
-0.2966 0.1864 0.0000
-0.0938 0.2189 0.0000
-0.7432 -1.1593 0.0000
0.3059 -2.4764 0.0000
-0.1349 -1.8907 0.0000
0.3462 -1.5189 0.0000
0.4807 -1.7087 0.0000
0.1575 -0.9437 0.0000
-0.5073 -3.1652 0.0000
-0.6113 -2.9180 0.0000
0.4114 -2.5082 0.0000
0.4182 -0.2271 0.0000
-0.6890 -2.8279 0.0000
-0.4727 -1.1474 0.0000
0.5456 -0.2331 0.0000
0.0370 -3.1995 0.0000
1.0154 -3.8083 0.0000
0.2584 -3.7414 0.0000
0.4644 -0.7581 0.0000
-0.0421 -0.9117 0.0000
-0.2243 -1.6834 0.0000
-0.7250 -2.7282 0.0000
-1.3535 -1.3564 0.0000
0.5578 -3.3823 0.0000
0.3971 -0.8362 0.0000
-0.2521 -1.3900 0.0000
0.5263 -1.4429 0.0000
-0.7335 0.3719 0.0000
0.7871 -2.7650 0.0000
0.2362 -2.8595 0.0000
0.8385 -0.8857 0.0000
-0.8456 -0.0265 0.0000
0.7139 -2.6575 0.0000
0.4643 -2.7603 0.0000
0.1697 -1.6555 0.0000
-0.4344 -0.6979 0.0000
0.1774 -2.4063 0.0000
0.1314 -0.2141 0.0000
-0.3045 1.2596 0.0000
-0.6855 -1.5806 0.0000
-0.5343 -2.1293 0.0000
-0.2654 1.3213 0.0000
0.5685 -3.1454 0.0000
0.5935 -0.0117 0.0000
0.8454 -0.1502 0.0000
0.2451 -3.3838 0.0000
-0.7228 -0.5994 0.0000
-0.3716 0.3863 0.0000
-0.5770 -1.9898 0.0000
-0.1288 -4.4228 0.0000
0.6884 -2.4810 0.0000
-0.0895 0.9675 0.0000
-0.2153 -2.8031 0.0000
0.2645 -0.1926 0.0000
0.3667 -3.1041 0.0000
0.4834 -2.1155 0.0000
-0.4676 -2.4480 0.0000
-0.4391 -1.6276 0.0000
-0.2279 -0.8527 0.0000
0.3715 -1.3987 0.0000
0.0966 -2.5745 0.0000
-0.4857 -1.5638 0.0000
0.9484 -1.6811 0.0000
-0.2717 -1.9615 0.0000
-0.0619 -2.1784 0.0000
-0.0483 -2.3230 0.0000
-0.4100 -1.1175 0.0000
-0.0178 1.2700 0.0000
0.0282 -1.3761 0.0000
0.1310 -1.1530 0.0000
0.1578 -2.5630 0.0000
-0.2664 -2.1896 0.0000
-0.4627 0.3753 0.0000
0.5470 -1.8947 0.0000
-0.1090 -0.9057 0.0000
0.5489 -0.3694 0.0000
0.2267 -2.1921 0.0000
1.3414 -0.0566 0.0000
-0.0480 -0.5197 0.0000
-0.8271 -0.6959 0.0000
-0.1577 -2.5463 0.0000
0.6058 -1.2774 0.0000
0.9506 -3.8907 0.0000
0.8754 -1.3317 0.0000
0.3345 -1.2996 0.0000
0.8019 -2.0004 0.0000
-0.4899 -1.0104 0.0000
-0.2756 -3.2594 0.0000
-0.4555 -2.3668 0.0000
0.3107 -3.3454 0.0000
0.6663 -1.3604 0.0000
0.0352 -2.0856 0.0000
0.2259 -0.2158 0.0000
-0.2109 -2.4991 0.0000
-0.1650 -0.8674 0.0000
0.0820 -1.5415 0.0000
0.7922 -1.1567 0.0000
0.2586 -0.5833 0.0000
0.2794 0.4204 0.0000
0.5593 0.1662 0.0000
0.3439 -3.2441 0.0000
-0.3379 -0.8966 0.0000
0.8923 -2.8561 0.0000
-0.0457 -1.1652 0.0000
0.0306 -2.6544 0.0000
-0.0164 -0.3352 0.0000
0.3233 -0.5604 0.0000
-0.0868 -1.4878 0.0000
0.2055 -2.8276 0.0000
0.8772 -3.5883 0.0000
-0.3736 -3.3288 0.0000
-0.9100 -1.9355 0.0000
0.6583 -0.8262 0.0000
0.1513 -0.3856 0.0000
0.3567 -0.2753 0.0000
0.3686 -2.7580 0.0000
-0.1681 -1.6876 0.0000
0.1049 -0.5084 0.0000
-0.8470 -0.9124 0.0000
-0.0322 -1.7519 0.0000
0.0507 -3.2154 0.0000
-0.5780 0.6416 0.0000
-0.3403 -1.7103 0.0000
-0.0574 -3.6855 0.0000
0.1634 -1.1716 0.0000
-0.0842 -1.3176 0.0000
0.6966 -1.8360 0.0000
0.3719 -1.7431 0.0000
0.4071 -3.1630 0.0000
-0.8782 0.0543 0.0000
-0.1999 -1.7608 0.0000
0.1012 -4.0491 0.0000
-0.1888 -1.9769 0.0000
0.1143 -5.0000 0.0000
-0.2841 -1.3978 0.0000
-0.4175 -2.6143 0.0000
-0.0246 -1.2178 0.0000
0.0437 -0.6431 0.0000
-0.1466 -1.6509 0.0000
-0.0205 1.4669 0.0000
0.4837 -1.3182 0.0000
0.2526 -0.7511 0.0000
0.4082 -1.4372 0.0000
0.3023 -1.8048 0.0000
0.0597 -2.4442 0.0000
-0.1586 -0.0453 0.0000
0.9220 -0.5435 0.0000
0.0772 0.4922 0.0000
0.4028 -2.1993 0.0000
-0.2941 -2.3975 0.0000
-0.6941 -1.7134 0.0000
-0.5938 -1.3683 0.0000
-0.1377 -1.6011 0.0000
-0.5713 -3.8093 0.0000
0.4140 -1.6081 0.0000
-0.1869 -1.1544 0.0000
-0.2151 -0.8797 0.0000
0.8295 -1.8495 0.0000
-0.1573 -1.4783 0.0000
-0.2077 -0.0013 0.0000
1.3572 0.1422 0.0000
0.2327 -1.3189 0.0000
0.0750 -1.4235 0.0000
-0.1927 -1.3904 0.0000
0.6508 -0.3406 0.0000
0.6182 -1.1971 0.0000
-1.1738 -1.2001 0.0000
0.0120 0.3730 0.0000
0.1625 -2.1481 0.0000
0.3106 -2.6739 0.0000
-0.6102 -1.5431 0.0000
0.0161 0.8481 0.0000
0.8888 -0.7429 0.0000
0.6023 -3.3591 0.0000
-0.4640 -0.3045 0.0000
0.1981 -1.1412 0.0000
-0.3322 -1.0580 0.0000
0.4493 -3.3552 0.0000
-1.4173 -2.2742 0.0000
-5.0000 -0.9056 1.0000
-4.9497 -2.5859 1.0000
-4.8995 -0.9197 1.0000
-4.8492 -3.2984 1.0000
-4.7990 -2.9828 1.0000
-4.7487 -1.3247 1.0000
-4.6985 -1.4288 1.0000
-4.6482 -1.6795 1.0000
-4.5980 -1.8431 1.0000
-4.5477 -0.8264 1.0000
-4.4975 -1.3133 1.0000
-4.4472 -0.2644 1.0000
-4.3970 -0.8596 1.0000
-4.3467 -0.5675 1.0000
-4.2965 -0.2581 1.0000
-4.2462 0.9378 1.0000
-4.1960 0.4906 1.0000
-4.1457 -0.7107 1.0000
-4.0955 0.8593 1.0000
-4.0452 0.7851 1.0000
-3.9950 -1.5746 1.0000
-3.9447 0.6337 1.0000
-3.8945 0.9904 1.0000
-3.8442 0.8704 1.0000
-3.7940 0.8721 1.0000
-3.7437 0.4237 1.0000
-3.6935 -0.8159 1.0000
-3.6432 1.9244 1.0000
-3.5930 0.2422 1.0000
-3.5427 -0.2678 1.0000
-3.4925 1.4099 1.0000
-3.4422 2.3745 1.0000
-3.3920 0.1012 1.0000
-3.3417 1.5061 1.0000
-3.2915 1.3545 1.0000
-3.2412 1.8096 1.0000
-3.1910 2.5877 1.0000
-3.1407 0.7972 1.0000
-3.0905 0.5590 1.0000
-3.0402 1.1072 1.0000
-2.9899 2.2764 1.0000
-2.9397 2.2765 1.0000
-2.8894 1.3335 1.0000
-2.8392 3.2621 1.0000
-2.7889 1.6129 1.0000
-2.7387 1.4357 1.0000
-2.6884 2.5723 1.0000
-2.6382 0.6383 1.0000
-2.5879 1.7092 1.0000
-2.5377 2.9594 1.0000
-2.4874 3.0016 1.0000
-2.4372 1.5293 1.0000
-2.3869 1.2882 1.0000
-2.3367 2.2444 1.0000
-2.2864 1.8666 1.0000
-2.2362 3.1974 1.0000
-2.1859 1.5131 1.0000
-2.1357 2.0193 1.0000
-2.0854 3.7074 1.0000
-2.0352 3.0281 1.0000
-1.9849 3.9396 1.0000
-1.9347 4.2795 1.0000
-1.8844 3.8822 1.0000
-1.8342 1.8375 1.0000
-1.7839 3.2777 1.0000
-1.7337 2.8682 1.0000
-1.6834 2.6818 1.0000
-1.6332 3.8000 1.0000
-1.5829 4.1084 1.0000
-1.5327 3.6929 1.0000
-1.4824 1.9971 1.0000
-1.4322 3.8302 1.0000
-1.3819 1.8131 1.0000
-1.3317 2.2740 1.0000
-1.2814 4.6407 1.0000
-1.2312 3.0161 1.0000
-1.1809 2.2282 1.0000
-1.1307 3.9596 1.0000
-1.0804 2.3341 1.0000
-1.0302 3.9059 1.0000
-0.9799 2.6674 1.0000
-0.9296 2.0216 1.0000
-0.8794 4.9686 1.0000
-0.8291 2.1456 1.0000
-0.7789 3.5900 1.0000
-0.7286 3.0621 1.0000
-0.6784 4.0960 1.0000
-0.6281 4.7005 1.0000
-0.5779 3.9491 1.0000
-0.5276 3.9102 1.0000
-0.4774 2.4244 1.0000
-0.4271 4.3274 1.0000
-0.3769 2.7251 1.0000
-0.3266 3.6452 1.0000
-0.2764 2.2066 1.0000
-0.2261 3.1017 1.0000
-0.1759 4.8524 1.0000
-0.1256 3.8855 1.0000
-0.0754 3.8506 1.0000
-0.0251 3.2817 1.0000
0.0251 4.7489 1.0000
0.0754 2.9888 1.0000
0.1256 2.5059 1.0000
0.1759 3.8954 1.0000
0.2261 2.9485 1.0000
0.2764 4.5603 1.0000
0.3266 2.6541 1.0000
0.3769 4.5698 1.0000
0.4271 4.0009 1.0000
0.4774 2.1844 1.0000
0.5276 3.8275 1.0000
0.5779 4.1540 1.0000
0.6281 5.0000 1.0000
0.6784 4.4976 1.0000
0.7286 4.3662 1.0000
0.7789 3.5394 1.0000
0.8291 2.0707 1.0000
0.8794 4.5164 1.0000
0.9296 1.9331 1.0000
0.9799 3.6186 1.0000
1.0302 3.6464 1.0000
1.0804 2.1729 1.0000
1.1307 1.9849 1.0000
1.1809 3.5874 1.0000
1.2312 3.2723 1.0000
1.2814 2.6538 1.0000
1.3317 1.7868 1.0000
1.3819 3.6461 1.0000
1.4322 1.9863 1.0000
1.4824 1.5902 1.0000
1.5327 2.3970 1.0000
1.5829 2.4370 1.0000
1.6332 2.0101 1.0000
1.6834 1.6071 1.0000
1.7337 3.8344 1.0000
1.7839 2.5839 1.0000
1.8342 2.0447 1.0000
1.8844 2.8841 1.0000
1.9347 1.9796 1.0000
1.9849 3.8333 1.0000
2.0352 2.6089 1.0000
2.0854 3.0027 1.0000
2.1357 4.0655 1.0000
2.1859 2.0410 1.0000
2.2362 1.5715 1.0000
2.2864 3.9190 1.0000
2.3367 2.6136 1.0000
2.3869 3.8130 1.0000
2.4372 3.7121 1.0000
2.4874 2.8114 1.0000
2.5377 0.5641 1.0000
2.5879 2.3928 1.0000
2.6382 1.1709 1.0000
2.6884 0.7230 1.0000
2.7387 1.4116 1.0000
2.7889 0.8147 1.0000
2.8392 2.5517 1.0000
2.8894 3.0167 1.0000
2.9397 0.0527 1.0000
2.9899 0.7132 1.0000
3.0402 0.6728 1.0000
3.0905 0.2042 1.0000
3.1407 2.7086 1.0000
3.1910 0.3892 1.0000
3.2412 0.6584 1.0000
3.2915 -0.3988 1.0000
3.3417 0.1254 1.0000
3.3920 2.1004 1.0000
3.4422 2.2796 1.0000
3.4925 1.2147 1.0000
3.5427 -0.0130 1.0000
3.5930 -0.8540 1.0000
3.6432 1.6273 1.0000
3.6935 -0.7193 1.0000
3.7437 -0.4414 1.0000
3.7940 0.3591 1.0000
3.8442 -0.6727 1.0000
3.8945 1.1259 1.0000
3.9447 -0.0561 1.0000
3.9950 -0.2034 1.0000
4.0452 1.0449 1.0000
4.0955 0.9836 1.0000
4.1457 -1.2576 1.0000
4.1960 -2.0628 1.0000
4.2462 -0.0820 1.0000
4.2965 -1.4527 1.0000
4.3467 -2.3669 1.0000
4.3970 -2.2012 1.0000
4.4472 -1.2749 1.0000
4.4975 -2.3256 1.0000
4.5477 -2.1505 1.0000
4.5980 -0.5373 1.0000
4.6482 -1.5620 1.0000
4.6985 -2.7557 1.0000
4.7487 -2.5350 1.0000
4.7990 -0.3609 1.0000
4.8492 -3.4061 1.0000
4.8995 -1.4914 1.0000
4.9497 -1.5893 1.0000
5.0000 -1.5833 1.0000
