# x,y,label
-0.0221 -3.1755 0.0000
0.9727 -2.5455 0.0000
-0.1226 3.1014 0.0000
-0.3451 2.6299 0.0000
0.3490 1.6656 0.0000
-0.5866 -2.2753 0.0000
-0.9238 2.8153 0.0000
-0.9202 2.3745 0.0000
0.1091 2.5949 0.0000
-0.1823 1.5989 0.0000
-0.7373 -3.0987 0.0000
0.0581 1.5105 0.0000
0.0255 2.9644 0.0000
-0.6053 -2.6973 0.0000
0.7450 -1.9972 0.0000
0.3902 2.0948 0.0000
0.3451 1.7787 0.0000
0.7353 2.2935 0.0000
0.3321 2.5921 0.0000
-0.0673 1.6427 0.0000
0.3861 1.6697 0.0000
0.3242 3.2958 0.0000
0.1161 -2.9432 0.0000
-0.8904 2.7530 0.0000
0.7578 2.2273 0.0000
0.3665 -2.2664 0.0000
0.2700 -2.4633 0.0000
0.1869 -3.2272 0.0000
-0.1604 2.5581 0.0000
0.2184 -2.6683 0.0000
0.5580 1.7709 0.0000
0.6571 3.1053 0.0000
0.8764 2.9732 0.0000
-0.0771 -3.4579 0.0000
0.4813 2.1024 0.0000
-0.2158 -1.5271 0.0000
0.1910 -2.3637 0.0000
-0.4062 2.0760 0.0000
0.0673 2.5560 0.0000
-0.7145 -2.2139 0.0000
-0.8338 -2.0548 0.0000
-0.7981 -2.6689 0.0000
0.3723 2.0012 0.0000
-0.2141 -3.1130 0.0000
0.0258 3.2852 0.0000
0.0402 -2.4413 0.0000
0.0848 2.8386 0.0000
-0.1365 2.6180 0.0000
0.0181 3.2826 0.0000
-0.7227 2.6835 0.0000
-0.6900 2.6247 0.0000
0.6896 -2.1591 0.0000
-0.3595 2.1471 0.0000
0.3629 -3.3877 0.0000
0.8104 -2.2866 0.0000
-2.4702 -0.6521 1.0000
-3.3616 0.9733 1.0000
-0.6385 4.4898 1.0000
0.2791 4.3757 1.0000
-3.4178 0.4520 1.0000
0.2440 1.3761 1.0000
-0.9850 1.4981 1.0000
-1.0310 1.2392 1.0000
-1.2442 0.0253 1.0000
0.5474 1.2493 1.0000
-1.6883 0.7214 1.0000
0.1473 1.0356 1.0000
-4.3493 0.4007 1.0000
-3.7081 1.1456 1.0000
-1.3635 2.6776 1.0000
0.7164 3.4371 1.0000
0.1024 4.2672 1.0000
-1.3545 3.6577 1.0000
-2.3908 -0.8753 1.0000
-0.8097 4.0242 1.0000
-4.1682 2.3300 1.0000
1.7869 3.2602 1.0000
-0.9137 4.4380 1.0000
-4.8403 0.4329 1.0000
-4.6612 1.5748 1.0000
-1.4585 4.2581 1.0000
-3.1904 -0.9041 1.0000
-1.6007 -0.5546 1.0000
-1.3366 3.4047 1.0000
0.5708 3.5618 1.0000
-2.7842 -1.6750 1.0000
-2.4320 -1.8779 1.0000
-3.8155 -1.2466 1.0000
-4.7023 0.3778 1.0000
1.2415 1.1181 1.0000
-1.6654 3.8613 1.0000
-3.7677 -0.4306 1.0000
-2.6528 0.6315 1.0000
-2.9723 0.1139 1.0000
0.4881 0.9980 1.0000
-3.2015 -0.6298 1.0000
-2.2055 -3.7721 1.0000
-2.6814 -3.7501 1.0000
-2.6622 -1.1642 1.0000
-0.9619 0.6737 1.0000
-0.7734 3.7506 1.0000
-3.3227 -1.6282 1.0000
1.4331 1.1011 1.0000
-2.7121 -0.7398 1.0000
-0.5940 1.6745 1.0000
-4.3167 -1.4466 1.0000
-1.3602 0.7736 1.0000
-0.9056 3.7678 1.0000
0.6103 0.7182 1.0000
-3.4851 -1.3802 1.0000
-0.2315 4.4806 1.0000
-0.9973 0.7123 1.0000
-3.8052 2.9618 1.0000
-4.7290 0.6278 1.0000
0.3223 4.3883 1.0000
-1.9518 -4.3646 1.0000
-0.0893 4.0851 1.0000
-2.1331 0.6186 1.0000
-4.2223 -2.1272 1.0000
-2.1469 1.9705 1.0000
-2.4639 2.0313 1.0000
-0.2031 1.0614 1.0000
1.2514 3.5317 1.0000
-0.0197 0.7258 1.0000
2.2440 1.5476 1.0000
-1.2671 3.0350 1.0000
0.7192 4.4894 1.0000
1.4017 1.3489 1.0000
-1.1936 2.8190 1.0000
-1.7359 1.7320 1.0000
-2.1115 -4.1829 1.0000
-2.1190 1.9708 1.0000
0.0267 0.8006 1.0000
1.2624 0.3510 1.0000
-3.9212 0.1760 1.0000
1.5150 3.3412 1.0000
1.3725 2.3748 1.0000
-3.3073 -3.1792 1.0000
-2.6763 3.4342 1.0000
-2.3310 1.4184 1.0000
-3.7102 -0.0513 1.0000
-3.0560 -1.9566 1.0000
1.8493 2.9958 1.0000
-1.7024 -0.0933 1.0000
-1.1279 -0.0546 1.0000
-2.7828 -2.0925 1.0000
-1.2978 -0.1790 1.0000
-0.4224 4.5812 1.0000
-3.0658 3.3606 1.0000
1.2062 3.0702 1.0000
-1.4178 0.7767 1.0000
-2.7208 -1.6869 1.0000
1.8660 2.6119 1.0000
-1.8227 1.3886 1.0000
-2.3009 0.8445 1.0000
-0.8528 1.7488 1.0000
-4.9261 -0.5744 1.0000
-4.2209 1.5414 1.0000
-3.8646 -2.7907 1.0000
0.7337 0.6298 1.0000
1.9843 3.4532 1.0000
-1.2444 1.0926 1.0000
-3.7874 -1.1121 1.0000
-2.0393 1.7483 1.0000
-2.4169 1.8696 1.0000
-2.0199 2.4531 1.0000
0.0072 4.5510 1.0000
-1.4190 1.8107 1.0000
-4.3040 -0.2905 1.0000
0.4532 3.6300 1.0000
-2.2270 -0.8591 1.0000
-1.4596 4.0770 1.0000
-3.4543 3.5289 1.0000
-2.2657 0.5689 1.0000
-4.5386 -0.3679 1.0000
-0.2229 1.0208 1.0000
-4.5110 1.9900 1.0000
1.0758 2.9787 1.0000
-3.1786 -1.5688 1.0000
-1.7290 1.4298 1.0000
-3.3187 -2.2469 1.0000
-4.5130 1.1309 1.0000
-3.1732 2.8338 1.0000
-4.5679 1.4785 1.0000
-3.4841 -2.0441 1.0000
-2.5560 2.1555 1.0000
1.2188 1.1134 1.0000
-2.6315 2.4249 1.0000
-3.8346 2.1303 1.0000
-3.9869 -1.6938 1.0000
-4.2763 -0.6179 1.0000
-2.9310 0.8608 1.0000
1.0461 1.8677 1.0000
-0.8387 1.1578 1.0000
-2.9209 -3.2645 1.0000
-1.0515 3.8262 1.0000
1.7100 4.3056 1.0000
-2.3294 1.4512 1.0000
-4.5377 -1.9299 1.0000
1.2749 4.5379 1.0000
-3.8173 -0.9291 1.0000
-1.4301 2.8065 1.0000
-3.6267 2.6672 1.0000
0.4837 1.4035 1.0000
-2.4076 1.4852 1.0000
-1.1980 4.7168 1.0000
-2.7480 2.0872 1.0000
-2.2963 3.7717 1.0000
0.1162 3.8789 1.0000
-0.1616 3.7549 1.0000
-0.1191 4.4504 1.0000
-3.4469 2.6801 1.0000
1.6769 2.4332 1.0000
-0.3270 4.5621 1.0000
-3.3937 -1.8316 1.0000
-2.6845 1.2233 1.0000
1.4887 2.1844 1.0000
1.0683 0.8794 1.0000
-0.7871 1.5167 1.0000
-4.2896 -1.3499 1.0000
-4.7903 0.7410 1.0000
-0.5171 3.8306 1.0000
-1.3026 1.8573 1.0000
2.1201 2.9172 1.0000
1.6600 3.3321 1.0000
1.8242 3.7031 1.0000
-3.0585 2.0218 1.0000
-3.2511 -2.4756 1.0000
-2.4537 0.2537 1.0000
-4.5528 -0.7731 1.0000
-3.1858 -2.4144 1.0000
-1.5760 1.4386 1.0000
-2.1618 4.4395 1.0000
-2.2149 3.6344 1.0000
0.2000 3.6920 1.0000
-2.8486 -0.8067 1.0000
1.8256 1.1849 1.0000
-1.1258 4.6552 1.0000
-3.2955 1.7874 1.0000
-2.6640 -1.3555 1.0000
-2.4463 0.6011 1.0000
-3.2488 0.9558 1.0000
-3.5051 0.5141 1.0000
-3.6430 -3.1788 1.0000
-1.3455 -0.2836 1.0000
1.4453 4.4755 1.0000
-1.3770 3.6205 1.0000
-3.1019 0.6335 1.0000
0.5502 4.6937 1.0000
-1.4104 -0.2552 1.0000
-3.5265 -0.3410 1.0000
1.5839 3.5064 1.0000
-2.0738 -0.0704 1.0000
-1.1185 2.7995 1.0000
1.6929 2.7095 1.0000
0.0930 4.3614 1.0000
-4.5386 -0.4278 1.0000
0.3730 0.9082 1.0000
-2.7360 3.1002 1.0000
-2.9893 -3.6826 1.0000
-1.7840 3.9437 1.0000
-0.2594 4.3527 1.0000
1.0402 4.0287 1.0000
-1.7061 4.6024 1.0000
-2.5894 2.9973 1.0000
0.2379 3.5572 1.0000
-1.7803 -4.2721 1.0000
-3.2448 3.2553 1.0000
-3.1821 -0.9593 1.0000
-4.9326 -0.7700 1.0000
0.4633 4.7761 1.0000
-2.6904 -3.2858 1.0000
-3.2298 2.8997 1.0000
-2.1579 0.9180 1.0000
-3.3472 0.6499 1.0000
-1.8341 2.6415 1.0000
-4.7336 -1.5642 1.0000
-2.4438 3.3928 1.0000
-0.3985 0.4598 1.0000
-2.9455 0.2750 1.0000
-4.2096 -0.2526 1.0000
-4.0091 0.2787 1.0000
0.0557 0.7398 1.0000
-1.1225 0.3400 1.0000
-0.9187 1.8639 1.0000
-3.6571 1.5109 1.0000
-2.0357 -0.1404 1.0000
-3.2695 -0.4990 1.0000
-1.0824 3.3945 1.0000
-4.6561 -0.2176 1.0000
-2.4978 -0.7259 1.0000
-1.6745 2.1448 1.0000
-3.8891 0.4504 1.0000
-1.2642 2.3015 1.0000
-1.4084 1.7310 1.0000
-3.2908 -3.3437 1.0000
-1.8568 3.7333 1.0000
-2.8292 -0.0572 1.0000
1.0313 1.8872 1.0000
-2.6437 0.1242 1.0000
0.3088 3.7039 1.0000
-2.2888 -4.2683 1.0000
-3.9566 -2.4537 1.0000
-2.7402 -0.5030 1.0000
-2.5081 2.7081 1.0000
-1.7639 0.9210 1.0000
-2.5651 0.3757 1.0000
-0.9108 3.8931 1.0000
-2.8555 3.8338 1.0000
-2.0805 3.9410 1.0000
-0.2374 4.7062 1.0000
1.1132 2.3362 1.0000
-3.4744 2.2467 1.0000
0.9111 1.0276 1.0000
-4.5824 1.7369 1.0000
0.3921 0.0686 1.0000
0.4244 3.9725 1.0000
-1.7081 3.6893 1.0000
-3.3201 -0.2954 1.0000
-2.0969 3.4038 1.0000
-3.0637 0.0150 1.0000
-1.4088 1.0318 1.0000
-2.2869 -0.4021 1.0000
2.0751 2.4270 1.0000
-2.2076 -4.4071 1.0000
-3.5497 -0.5006 1.0000
-4.4953 -1.0707 1.0000
1.2416 3.1663 1.0000
0.1005 0.6808 1.0000
-3.9657 0.4977 1.0000
1.5174 3.8026 1.0000
-2.6364 3.3731 1.0000
-0.5907 0.8001 1.0000
-3.0939 -0.4252 1.0000
2.0072 3.1154 1.0000
-0.6110 1.1966 1.0000
1.5700 1.8220 1.0000
1.3249 3.7576 1.0000
1.5269 2.4569 1.0000
-3.8582 -2.4217 1.0000
0.5612 1.1137 1.0000
0.3945 4.0823 1.0000
-2.0255 3.0104 1.0000
-1.1980 3.2063 1.0000
-3.9954 2.5637 1.0000
-4.7961 0.6656 1.0000
1.2773 1.3205 1.0000
-3.3487 -2.0250 1.0000
-3.0961 3.0380 1.0000
2.0826 1.8334 1.0000
-4.2873 -0.9374 1.0000
-1.7141 0.5254 1.0000
-2.8325 1.2010 1.0000
-2.5767 3.9502 1.0000
-2.7279 -1.1207 1.0000
1.6540 3.4429 1.0000
-4.5205 0.7181 1.0000
-0.3500 0.3104 1.0000
-2.2190 -3.8359 1.0000
-2.0852 -0.6128 1.0000
-0.2321 0.7699 1.0000
-2.2766 1.7226 1.0000
-3.4359 0.2125 1.0000
0.1344 0.1776 1.0000
-4.4550 0.1383 1.0000
-3.1867 1.2618 1.0000
-3.5313 -0.7569 1.0000
-1.6553 -0.0394 1.0000
-2.0584 1.0937 1.0000
-2.9681 1.8883 1.0000
-1.7794 1.9084 1.0000
1.9958 2.7335 1.0000
-3.5277 -2.9598 1.0000
-4.1097 1.2721 1.0000
-3.1890 -2.0966 1.0000
-2.5814 -0.0678 1.0000
-2.8586 1.1051 1.0000
1.4509 3.0323 1.0000
-4.0007 2.9769 1.0000
-4.0918 0.6248 1.0000
-4.4397 1.9401 1.0000
-3.4219 1.3896 1.0000
-1.9601 0.9045 1.0000
-1.7432 -4.3974 1.0000
-3.7930 -0.9570 1.0000
-3.6315 2.1908 1.0000
-3.8456 -2.5909 1.0000
-1.7090 4.0667 1.0000
-2.4694 -3.3650 1.0000
-0.0307 4.5759 1.0000
-3.6782 -2.2342 1.0000
-1.6704 -4.6414 1.0000
-2.9900 -3.4951 1.0000
0.4459 3.7984 1.0000
0.3737 4.3814 1.0000
-3.1011 2.7000 1.0000
-1.1949 1.9500 1.0000
-1.0306 1.3501 1.0000
-2.9155 2.0022 1.0000
1.1459 2.8335 1.0000
-2.9448 -2.3910 1.0000
-2.7573 -1.4723 1.0000
-0.7938 4.1892 1.0000
-3.9995 2.5394 1.0000
-1.1033 3.6752 1.0000
-3.1992 0.5791 1.0000
-1.0132 2.1589 1.0000
-2.8666 3.6660 1.0000
-2.9691 -1.1574 1.0000
-1.5428 0.2517 1.0000
1.3641 4.3321 1.0000
-3.4312 3.4126 1.0000
-3.9219 0.4962 1.0000
1.0901 0.4013 1.0000
-3.3540 -1.5534 1.0000
-4.1343 -2.4720 1.0000
-2.5456 3.3978 1.0000
1.3131 0.8784 1.0000
0.0486 4.7178 1.0000
-1.4860 3.1739 1.0000
-3.4128 1.1206 1.0000
-0.5241 3.4595 1.0000
2.3802 3.1204 1.0000
4.7268 2.1482 2.0000
4.7627 -4.9377 2.0000
3.6299 4.8340 2.0000
-4.9101 -1.1343 2.0000
-4.5584 4.5665 2.0000
-3.2683 -4.2505 2.0000
-4.5147 -3.9018 2.0000
-3.2622 4.4259 2.0000
2.5282 4.8121 2.0000
4.7328 -4.5991 2.0000
4.4967 2.2827 2.0000
-4.9368 -4.0067 2.0000
2.6288 4.9080 2.0000
-4.2635 -3.6525 2.0000
-4.1123 3.2942 2.0000
4.3529 4.1999 2.0000
4.6867 3.0755 2.0000
-4.1308 -4.0909 2.0000
4.5580 -3.4811 2.0000
4.0746 -3.1479 2.0000
-2.6925 -4.4757 2.0000
4.5422 -4.4279 2.0000
4.6175 4.2519 2.0000
4.7591 2.3650 2.0000
4.5396 4.3889 2.0000
-4.5710 3.3871 2.0000
-4.1729 -3.4347 2.0000
4.8622 -3.9548 2.0000
-3.0649 -4.7867 2.0000
4.3994 3.0825 2.0000
-3.7678 4.0746 2.0000
2.6421 -4.6896 2.0000
3.4823 4.4759 2.0000
-3.5227 -4.3837 2.0000
4.8251 -4.7853 2.0000
4.6130 3.1066 2.0000
4.6338 1.9334 2.0000
-1.7558 -4.8808 2.0000
-4.3219 4.6167 2.0000
4.6375 3.3520 2.0000
-2.0583 -4.6904 2.0000
3.1008 3.9288 2.0000
3.0539 -4.8098 2.0000
2.1910 4.8086 2.0000
-4.3510 -4.3725 2.0000
3.5060 4.3364 2.0000
-3.6681 -4.3090 2.0000
4.1488 2.9048 2.0000
-4.6019 -3.2390 2.0000
-4.5642 -4.9909 2.0000
4.7660 4.9936 2.0000
-3.6383 4.1151 2.0000
2.1295 4.7832 2.0000
-4.4111 -3.9199 2.0000
3.8306 4.3800 2.0000
4.9067 4.1965 2.0000
4.7567 2.6826 2.0000
-3.5369 3.6247 2.0000
4.4677 -4.3538 2.0000
-4.5980 -4.2244 2.0000
-3.4343 4.7305 2.0000
-4.5885 -3.9708 2.0000
-3.3474 4.8982 2.0000
-4.1799 -4.7806 2.0000
-4.2926 -4.1370 2.0000
-4.2257 -3.0333 2.0000
-4.6811 -3.6186 2.0000
-1.9573 4.9053 2.0000
4.9349 -2.0806 2.0000
-4.8541 -3.7451 2.0000
-3.0395 -4.7695 2.0000
1.3557 -4.8350 2.0000
-3.6205 3.6078 2.0000
4.2850 -3.5362 2.0000
-4.3583 -3.7081 2.0000
-3.2213 -4.1209 2.0000
4.8465 -2.2409 2.0000
-4.2619 4.5602 2.0000
-3.8153 4.7600 2.0000
-3.2393 -4.9695 2.0000
-4.7657 -2.4408 2.0000
-2.9467 -4.7943 2.0000
4.9727 -1.9991 2.0000
4.6267 2.2372 2.0000
-4.4888 -4.5449 2.0000
2.9753 4.4384 2.0000
4.3190 2.6695 2.0000
3.8880 4.9411 2.0000
3.5369 -4.6930 2.0000
4.8382 -1.4098 2.0000
-3.9969 4.7437 2.0000
4.4258 4.3184 2.0000
3.7552 4.1805 2.0000
2.5091 -4.8945 2.0000
-4.8659 -1.4571 2.0000
2.9444 4.6363 2.0000
-3.5157 4.4521 2.0000
3.9053 3.8076 2.0000
-4.6594 -3.4330 2.0000
2.6996 -4.6778 2.0000
4.7208 2.4002 2.0000
-4.9385 3.9595 2.0000
-4.2452 4.9180 2.0000
-4.9039 4.2439 2.0000
-4.0385 -3.6058 2.0000
4.3307 4.3792 2.0000
-4.6593 -2.1259 2.0000
4.5510 -2.4051 2.0000
-4.7551 2.1621 2.0000
-4.8537 -3.1467 2.0000
3.4378 3.9104 2.0000
3.5991 -4.3557 2.0000
4.6205 4.3889 2.0000
1.9388 4.7026 2.0000
3.9554 4.4796 2.0000
-1.3241 4.9309 2.0000
2.1080 -4.6903 2.0000
-3.6703 4.7463 2.0000
-3.3700 4.7425 2.0000
4.4195 -4.7622 2.0000
-4.1924 -2.8804 2.0000
2.1787 4.8813 2.0000
-3.8770 -3.4289 2.0000
4.7168 4.8376 2.0000
-4.3639 -2.9949 2.0000
-2.5588 4.6172 2.0000
4.4638 -2.3772 2.0000
-0.7458 -4.9956 2.0000
-4.1478 3.7636 2.0000
3.2076 -4.0572 2.0000
-4.6459 4.9286 2.0000
-3.8310 4.2772 2.0000
3.4775 -3.8361 2.0000
3.8895 4.4524 2.0000
4.3903 -4.5999 2.0000
-2.8638 4.7163 2.0000
-4.3167 -3.3662 2.0000
-4.1832 -3.4080 2.0000
4.6335 4.2278 2.0000
4.0228 -3.5849 2.0000
-4.2144 4.4929 2.0000
-4.2642 2.6922 2.0000
3.3884 -4.4182 2.0000
-2.8793 -4.5515 2.0000
4.2844 2.7998 2.0000
4.3210 -4.4886 2.0000
-2.9238 4.2024 2.0000
-4.9901 -2.9022 2.0000
-2.9933 -4.9689 2.0000
2.7617 4.7515 2.0000
-4.8139 4.5850 2.0000
2.7594 4.5688 2.0000
-4.6081 -2.9343 2.0000
4.6659 3.7376 2.0000
3.7974 -3.6516 2.0000
-3.7244 -4.9913 2.0000
-4.4910 -3.1607 2.0000
-3.0906 -3.9951 2.0000
-2.5874 -4.4403 2.0000
4.8592 3.8730 2.0000
-4.3007 2.7127 2.0000
-4.7101 -3.2311 2.0000
-4.5222 2.7491 2.0000
4.7819 -3.1278 2.0000
-4.4048 -2.4578 2.0000
3.7309 4.2845 2.0000
-4.6847 2.0657 2.0000
-4.7261 4.0126 2.0000
4.2693 4.5626 2.0000
4.8987 -3.8549 2.0000
1.3798 -4.8997 2.0000
3.4998 4.7956 2.0000
3.1622 -4.3729 2.0000
-4.6307 -2.2529 2.0000
-4.9782 3.4253 2.0000
3.9494 -3.5170 2.0000
-4.7748 4.9166 2.0000
4.4805 2.9066 2.0000
-4.9690 3.6129 2.0000
-3.7571 4.3792 2.0000
4.1140 -4.4082 2.0000
1.8326 4.8764 2.0000
-3.2333 -3.9333 2.0000
4.3700 -4.9471 2.0000
4.9387 -4.7863 2.0000
2.2627 4.9929 2.0000
3.8077 -4.0770 2.0000
4.3437 4.5902 2.0000
-4.0255 -3.6021 2.0000
2.9026 -4.1855 2.0000
-4.6994 3.4643 2.0000
-4.4977 -4.9707 2.0000
-4.1967 -3.3413 2.0000
4.8216 2.4575 2.0000
4.0604 -3.2159 2.0000
-4.5110 4.4457 2.0000
-2.9480 4.5784 2.0000
4.7451 -3.3388 2.0000
3.8049 4.5343 2.0000
3.7351 -4.1321 2.0000
4.8076 3.9385 2.0000
4.7057 3.9250 2.0000
-3.6307 3.7442 2.0000
-3.8828 4.8704 2.0000
4.6703 0.4723 3.0000
1.9773 -2.8391 3.0000
2.7938 -3.0231 3.0000
2.8631 3.6629 3.0000
1.0074 -3.3203 3.0000
2.3338 -0.9156 3.0000
0.2170 -3.9181 3.0000
2.6740 -3.2103 3.0000
1.8667 -2.4632 3.0000
3.9550 -1.3715 3.0000
1.3756 -3.0855 3.0000
4.1838 -0.6818 3.0000
3.3019 -0.8322 3.0000
4.0467 -0.9517 3.0000
3.4544 3.6101 3.0000
0.9569 -4.1534 3.0000
2.3259 3.9465 3.0000
1.8402 0.1465 3.0000
1.6693 -3.5127 3.0000
-1.4971 -3.1097 3.0000
-0.2738 -1.0722 3.0000
1.1893 -0.6323 3.0000
4.7962 1.2357 3.0000
-1.5255 -4.4112 3.0000
1.1182 -3.7599 3.0000
2.5953 2.9442 3.0000
1.3169 -2.1196 3.0000
2.2045 0.5193 3.0000
2.4004 3.3378 3.0000
2.8673 1.8822 3.0000
-1.7168 -1.7743 3.0000
3.8420 1.3685 3.0000
4.4583 -0.5487 3.0000
4.3338 2.3452 3.0000
3.2482 -1.6415 3.0000
3.6066 -3.3488 3.0000
3.5872 -1.6078 3.0000
-1.0675 -2.2963 3.0000
4.4833 -1.2817 3.0000
3.6612 0.7723 3.0000
1.3613 -3.6716 3.0000
0.8428 -4.8247 3.0000
3.8870 -1.1585 3.0000
0.9415 -4.6225 3.0000
0.8392 -0.5464 3.0000
3.4206 -3.0094 3.0000
1.8604 -2.5493 3.0000
3.5988 3.3398 3.0000
1.3886 -0.7185 3.0000
1.7707 -1.8057 3.0000
2.2999 -0.2504 3.0000
-0.6427 -4.4227 3.0000
2.2373 -1.7320 3.0000
3.6797 -2.2690 3.0000
-1.7625 -3.8437 3.0000
2.0720 0.1491 3.0000
1.5759 -2.4986 3.0000
-0.6472 -4.2783 3.0000
4.0864 2.3452 3.0000
3.3133 -3.3800 3.0000
3.4554 -0.8436 3.0000
3.5749 -0.6683 3.0000
4.5507 0.5015 3.0000
1.4901 -1.2425 3.0000
-0.4919 -4.2602 3.0000
0.1675 -0.1323 3.0000
4.0694 -1.7734 3.0000
1.9505 -0.0813 3.0000
3.7238 -1.9051 3.0000
3.0171 2.5138 3.0000
4.4110 -1.5955 3.0000
-0.2507 -3.7836 3.0000
0.7145 -1.6610 3.0000
2.0081 -3.1231 3.0000
-1.6721 -3.7907 3.0000
1.8069 0.3965 3.0000
3.4369 -1.0354 3.0000
4.1230 -2.2821 3.0000
2.6466 -4.1058 3.0000
-0.2165 -4.1718 3.0000
2.4752 -3.9155 3.0000
2.0715 -1.5638 3.0000
2.6399 0.2112 3.0000
2.5738 -0.3930 3.0000
2.6524 -3.2399 3.0000
3.8746 -2.0167 3.0000
4.1216 0.8568 3.0000
1.6467 4.4940 3.0000
4.8397 -0.6945 3.0000
4.0351 2.1342 3.0000
3.8546 -0.3746 3.0000
3.9762 1.7196 3.0000
-2.1414 -3.4463 3.0000
3.9046 2.8234 3.0000
3.7962 1.5890 3.0000
2.9943 -3.1044 3.0000
4.0878 2.8429 3.0000
3.9300 -0.4492 3.0000
0.8549 -4.5964 3.0000
-1.2362 -3.7883 3.0000
-0.2777 -4.8143 3.0000
4.2851 -2.4906 3.0000
3.3470 3.4424 3.0000
3.3638 3.1775 3.0000
0.5553 -3.5201 3.0000
4.1774 0.8476 3.0000
2.2231 0.9961 3.0000
-0.6519 -4.2279 3.0000
1.2819 -0.2604 3.0000
2.8985 -0.1223 3.0000
1.3705 -3.8792 3.0000
2.2039 -3.8253 3.0000
4.7800 0.3409 3.0000
1.7808 -1.2149 3.0000
-0.9434 -1.7678 3.0000
1.9963 -3.2007 3.0000
1.7185 -3.7809 3.0000
-1.2992 -4.2781 3.0000
0.8117 -4.2274 3.0000
1.8466 0.0317 3.0000
3.6414 -0.2181 3.0000
3.5257 -1.4233 3.0000
1.9120 -1.9459 3.0000
2.5912 3.7880 3.0000
-1.0105 -1.6430 3.0000
3.3459 0.2585 3.0000
2.2947 0.9207 3.0000
2.0541 0.9964 3.0000
4.7716 -0.8010 3.0000
1.2615 -1.0392 3.0000
2.3725 -1.3860 3.0000
3.2877 -2.2334 3.0000
1.9228 -2.8986 3.0000
2.6089 0.1857 3.0000
2.6525 0.3732 3.0000
0.6619 -4.2537 3.0000
-1.3537 -1.4248 3.0000
1.8499 -1.8922 3.0000
3.4912 1.3665 3.0000
3.9429 1.1592 3.0000
-1.0728 -1.2711 3.0000
-0.9193 -3.8483 3.0000
1.0284 -1.0376 3.0000
-1.7163 -2.9817 3.0000
2.6989 -4.0908 3.0000
0.0709 -4.4529 3.0000
2.4951 -4.1468 3.0000
4.5149 -1.8819 3.0000
1.9919 -4.2744 3.0000
-0.8756 -1.7846 3.0000
-0.6611 -4.6140 3.0000
3.8734 -2.4350 3.0000
-1.0964 -2.6774 3.0000
2.6423 1.2818 3.0000
2.4818 0.6293 3.0000
-2.3431 -1.7080 3.0000
-0.4498 -4.5832 3.0000
2.2056 -2.1783 3.0000
0.2250 -0.5706 3.0000
-0.3950 -0.1682 3.0000
2.1345 0.3080 3.0000
2.7935 -2.6654 3.0000
-2.1035 -1.5801 3.0000
2.9758 0.1464 3.0000
3.8253 1.0743 3.0000
0.5364 -4.0540 3.0000
3.6027 -0.3317 3.0000
3.1209 3.0669 3.0000
4.2535 1.2564 3.0000
2.1821 -4.0125 3.0000
-1.9530 -3.8922 3.0000
0.9762 -0.4813 3.0000
3.3119 -3.3330 3.0000
3.6087 -2.0574 3.0000
3.1808 1.2500 3.0000
0.1632 -0.5980 3.0000
3.7128 0.9067 3.0000
1.3732 -3.1862 3.0000
-0.1238 -4.6365 3.0000
-0.9975 -3.2890 3.0000
1.1033 -1.5450 3.0000
3.8651 2.7989 3.0000
1.4053 -4.3610 3.0000
-0.7466 -4.4014 3.0000
4.4335 1.0859 3.0000
0.4681 -3.8271 3.0000
-1.5078 -1.9364 3.0000
4.9149 -0.8119 3.0000
1.3212 -1.5171 3.0000
3.4292 -0.1029 3.0000
1.7592 4.6365 3.0000
-2.3995 -2.1336 3.0000
3.4482 -0.2828 3.0000
3.8875 -1.1624 3.0000
-1.6455 -3.7655 3.0000
1.7453 -2.3868 3.0000
4.3547 1.2079 3.0000
-1.7149 -3.5966 3.0000
2.6145 0.4248 3.0000
4.3103 -0.0997 3.0000
2.3122 1.0796 3.0000
3.7545 2.8599 3.0000
2.2466 0.4937 3.0000
2.2368 -1.4370 3.0000
3.5645 3.0352 3.0000
0.4701 -4.3852 3.0000
-0.9492 -0.2972 3.0000
2.5088 1.9810 3.0000
1.9708 -4.3759 3.0000
1.3114 -4.0914 3.0000
4.2720 -0.7201 3.0000
1.2713 -2.1582 3.0000
4.4417 -0.6652 3.0000
2.8092 -0.8082 3.0000
-0.9716 -4.3165 3.0000
3.6784 -1.9106 3.0000
-1.1583 -2.4399 3.0000
2.5599 3.2208 3.0000
4.7990 -0.9595 3.0000
2.2633 -4.3668 3.0000
2.8447 2.0373 3.0000
2.6110 0.1578 3.0000
-2.2634 -1.5833 3.0000
-1.9085 -2.6792 3.0000
3.3984 -2.6097 3.0000
4.4487 -2.0356 3.0000
2.1953 -1.1416 3.0000
-1.2894 -0.8369 3.0000
4.9283 0.1169 3.0000
2.4725 -3.3621 3.0000
3.0323 -1.8551 3.0000
1.4198 -4.3773 3.0000
3.5900 -3.0440 3.0000
-1.2396 -3.6507 3.0000
-0.8606 -4.1347 3.0000
-0.6591 -1.6339 3.0000
2.5206 2.4911 3.0000
-1.5438 -3.5949 3.0000
2.3685 -0.3624 3.0000
-1.2414 -0.4521 3.0000
1.4960 0.0501 3.0000
1.8528 -1.8235 3.0000
1.3877 -0.4336 3.0000
0.5361 0.0290 3.0000
3.1030 1.0297 3.0000
3.5993 -0.7757 3.0000
2.1434 -2.4881 3.0000
4.3923 -1.7268 3.0000
-1.6791 -1.0737 3.0000
-1.0585 -4.4273 3.0000
-2.1130 -1.5906 3.0000
1.6076 -3.2588 3.0000
-1.6485 -3.3498 3.0000
1.5652 -4.4034 3.0000
3.8229 2.9400 3.0000
2.3464 -3.5036 3.0000
3.3082 3.3846 3.0000
-1.8358 -0.9894 3.0000
1.1846 -1.1008 3.0000
1.2334 -2.7194 3.0000
-0.9298 -3.6423 3.0000
2.0668 -4.2609 3.0000
3.4471 0.5645 3.0000
3.9958 2.8003 3.0000
3.3790 -0.6650 3.0000
2.7770 0.3639 3.0000
1.3099 -3.9644 3.0000
1.0393 -1.7801 3.0000
4.1624 0.8413 3.0000
0.2201 -3.6973 3.0000
2.1335 4.2596 3.0000
1.4279 -0.6702 3.0000
2.1581 -4.5036 3.0000
1.0234 -3.8729 3.0000
0.3840 -4.4043 3.0000
0.4256 -1.1289 3.0000
-0.3590 -0.1548 3.0000
4.4978 -1.8286 3.0000
0.4426 -0.1004 3.0000
-2.0853 -3.0397 3.0000
4.5901 -0.1276 3.0000
3.2720 -3.6648 3.0000
-1.3865 -0.4767 3.0000
0.8819 -3.3164 3.0000
0.9305 4.8554 3.0000
1.2431 0.2331 3.0000
3.8026 -2.7917 3.0000
2.4899 -0.2080 3.0000
-1.4345 -4.3430 3.0000
1.4133 -2.8899 3.0000
1.0284 -1.9947 3.0000
-0.9999 -1.1184 3.0000
1.1332 -0.5514 3.0000
3.3377 1.0458 3.0000
2.2067 -0.9904 3.0000
3.3914 -1.5506 3.0000
3.8607 1.8814 3.0000
-1.7880 -2.1966 3.0000
2.9509 -2.9854 3.0000
3.8487 -1.3001 3.0000
1.7777 0.3731 3.0000
2.8218 3.2414 3.0000
2.1705 -0.8479 3.0000
3.8445 -2.0859 3.0000
-0.5002 -4.5528 3.0000
1.4702 -0.4861 3.0000
1.8741 -4.3914 3.0000
2.6276 1.5337 3.0000
1.8532 -1.1365 3.0000
4.0096 -2.4659 3.0000
3.8853 1.7526 3.0000
3.3451 -1.9253 3.0000
4.6724 1.2367 3.0000
2.0477 -2.8645 3.0000
0.3215 -3.8084 3.0000
-1.3095 -2.0281 3.0000
3.6980 1.3964 3.0000
1.2883 0.0400 3.0000
-1.4347 -3.9438 3.0000
3.9068 -2.7732 3.0000
2.6163 1.7969 3.0000
0.7693 -4.5481 3.0000
3.2068 -0.9296 3.0000
3.6334 2.1191 3.0000
-1.2828 -3.2147 3.0000
1.9671 -2.1058 3.0000
2.8846 -1.6547 3.0000
3.9271 1.5346 3.0000
2.2418 -1.7251 3.0000
4.0171 -1.7430 3.0000
-0.9124 -3.3918 3.0000
3.2389 2.1016 3.0000
1.6478 -0.2143 3.0000
2.5508 -3.9831 3.0000
2.5312 -1.4695 3.0000
3.2389 0.6135 3.0000
2.6647 -2.8274 3.0000
-1.6610 -3.1595 3.0000
3.0465 2.5741 3.0000
-1.2646 -1.8872 3.0000
1.6567 -2.4844 3.0000
-1.3766 -3.7209 3.0000
-1.8057 -3.4504 3.0000
4.8402 -0.6116 3.0000
2.3607 -2.8979 3.0000
-1.6148 -3.6160 3.0000
1.7540 -1.0472 3.0000
-0.1101 -1.2658 3.0000
3.8245 -1.8400 3.0000
2.4938 1.7982 3.0000
2.4214 -3.2613 3.0000
3.0705 3.2018 3.0000
1.6743 -1.1132 3.0000
-0.8975 -1.1412 3.0000
-1.1154 -3.5898 3.0000
2.7116 2.4711 3.0000
-1.2258 -4.5657 3.0000
-0.0919 -4.0059 3.0000
1.6140 0.0657 3.0000
-0.1272 -4.5650 3.0000
3.4797 -2.2410 3.0000
-1.3002 -1.0890 3.0000
4.6727 0.7071 3.0000
2.1752 -0.5283 3.0000
-2.0545 -3.3356 3.0000
1.8892 0.0065 3.0000
4.7634 0.5299 3.0000
2.4950 0.3166 3.0000
-0.8452 -0.5150 3.0000
0.9924 -0.4015 3.0000
2.2962 -0.8624 3.0000
1.3451 -4.1195 3.0000
1.5101 -0.4192 3.0000
