163.00 0.00 0.00 243.00 0.00 0.00 165.00 0.00 0.00 0.00
0.00 244.00 0.00 0.00 152.00 0.00 0.00 203.00 0.00 0.00
0.00 0.00 142.00 0.00 0.00 236.00 0.00 0.00 132.00 0.00
205.00 212.00 174.00 0.00 0.00 0.00 0.00 0.00 0.00 1.00
0.00 0.00 0.00 229.00 227.00 247.00 0.00 0.00 0.00 1.00
0.00 0.00 0.00 0.00 0.00 0.00 233.00 143.00 163.00 1.00
242.00 0.00 0.00 248.00 152.00 0.00 0.00 0.00 0.00 2.00
0.00 133.00 0.00 0.00 234.00 244.00 0.00 0.00 0.00 2.00
0.00 0.00 0.00 138.00 0.00 0.00 154.00 209.00 0.00 2.00
0.00 0.00 0.00 0.00 221.00 0.00 0.00 170.00 152.00 2.00
168.00 0.00 0.00 250.00 0.00 0.00 231.00 0.00 0.00 0.00
0.00 211.00 0.00 0.00 175.00 0.00 0.00 188.00 0.00 0.00
0.00 0.00 249.00 0.00 0.00 228.00 0.00 0.00 172.00 0.00
172.00 215.00 251.00 0.00 0.00 0.00 0.00 0.00 0.00 1.00
0.00 0.00 0.00 226.00 203.00 230.00 0.00 0.00 0.00 1.00
0.00 0.00 0.00 0.00 0.00 0.00 247.00 182.00 163.00 1.00
252.00 0.00 0.00 143.00 147.00 0.00 0.00 0.00 0.00 2.00
0.00 204.00 0.00 0.00 203.00 252.00 0.00 0.00 0.00 2.00
0.00 0.00 0.00 142.00 0.00 0.00 159.00 151.00 0.00 2.00
0.00 0.00 0.00 0.00 224.00 0.00 0.00 246.00 177.00 2.00
211.00 0.00 0.00 200.00 0.00 0.00 130.00 0.00 0.00 0.00
0.00 192.00 0.00 0.00 164.00 0.00 0.00 173.00 0.00 0.00
0.00 0.00 188.00 0.00 0.00 170.00 0.00 0.00 145.00 0.00
244.00 216.00 210.00 0.00 0.00 0.00 0.00 0.00 0.00 1.00
0.00 0.00 0.00 229.00 228.00 224.00 0.00 0.00 0.00 1.00
0.00 0.00 0.00 0.00 0.00 0.00 142.00 156.00 235.00 1.00
190.00 0.00 0.00 157.00 205.00 0.00 0.00 0.00 0.00 2.00
0.00 191.00 0.00 0.00 235.00 222.00 0.00 0.00 0.00 2.00
0.00 0.00 0.00 172.00 0.00 0.00 180.00 141.00 0.00 2.00
0.00 0.00 0.00 0.00 205.00 0.00 0.00 215.00 162.00 2.00
155.00 0.00 0.00 133.00 0.00 0.00 196.00 0.00 0.00 0.00
0.00 204.00 0.00 0.00 192.00 0.00 0.00 190.00 0.00 0.00
0.00 0.00 189.00 0.00 0.00 236.00 0.00 0.00 186.00 0.00
173.00 202.00 195.00 0.00 0.00 0.00 0.00 0.00 0.00 1.00
0.00 0.00 0.00 182.00 232.00 214.00 0.00 0.00 0.00 1.00
0.00 0.00 0.00 0.00 0.00 0.00 159.00 188.00 142.00 1.00
182.00 0.00 0.00 162.00 145.00 0.00 0.00 0.00 0.00 2.00
0.00 229.00 0.00 0.00 152.00 239.00 0.00 0.00 0.00 2.00
0.00 0.00 0.00 165.00 0.00 0.00 251.00 153.00 0.00 2.00
0.00 0.00 0.00 0.00 133.00 0.00 0.00 240.00 236.00 2.00
166.00 0.00 0.00 216.00 0.00 0.00 170.00 0.00 0.00 0.00
0.00 146.00 0.00 0.00 178.00 0.00 0.00 148.00 0.00 0.00
0.00 0.00 211.00 0.00 0.00 157.00 0.00 0.00 151.00 0.00
135.00 253.00 195.00 0.00 0.00 0.00 0.00 0.00 0.00 1.00
0.00 0.00 0.00 137.00 162.00 201.00 0.00 0.00 0.00 1.00
0.00 0.00 0.00 0.00 0.00 0.00 197.00 224.00 233.00 1.00
133.00 0.00 0.00 130.00 227.00 0.00 0.00 0.00 0.00 2.00
0.00 241.00 0.00 0.00 153.00 169.00 0.00 0.00 0.00 2.00
0.00 0.00 0.00 183.00 0.00 0.00 210.00 212.00 0.00 2.00
0.00 0.00 0.00 0.00 189.00 0.00 0.00 224.00 187.00 2.00
145.00 0.00 0.00 183.00 0.00 0.00 211.00 0.00 0.00 0.00
0.00 141.00 0.00 0.00 217.00 0.00 0.00 129.00 0.00 0.00
0.00 0.00 238.00 0.00 0.00 189.00 0.00 0.00 171.00 0.00
165.00 245.00 177.00 0.00 0.00 0.00 0.00 0.00 0.00 1.00
0.00 0.00 0.00 160.00 151.00 143.00 0.00 0.00 0.00 1.00
0.00 0.00 0.00 0.00 0.00 0.00 204.00 242.00 182.00 1.00
219.00 0.00 0.00 129.00 163.00 0.00 0.00 0.00 0.00 2.00
0.00 176.00 0.00 0.00 189.00 167.00 0.00 0.00 0.00 2.00
0.00 0.00 0.00 242.00 0.00 0.00 164.00 189.00 0.00 2.00
0.00 0.00 0.00 0.00 251.00 0.00 0.00 166.00 218.00 2.00
157.00 0.00 0.00 201.00 0.00 0.00 185.00 0.00 0.00 0.00
0.00 156.00 0.00 0.00 203.00 0.00 0.00 208.00 0.00 0.00
0.00 0.00 239.00 0.00 0.00 244.00 0.00 0.00 142.00 0.00
217.00 180.00 154.00 0.00 0.00 0.00 0.00 0.00 0.00 1.00
0.00 0.00 0.00 199.00 253.00 225.00 0.00 0.00 0.00 1.00
0.00 0.00 0.00 0.00 0.00 0.00 148.00 246.00 191.00 1.00
161.00 0.00 0.00 142.00 234.00 0.00 0.00 0.00 0.00 2.00
0.00 161.00 0.00 0.00 254.00 246.00 0.00 0.00 0.00 2.00
0.00 0.00 0.00 210.00 0.00 0.00 230.00 160.00 0.00 2.00
0.00 0.00 0.00 0.00 245.00 0.00 0.00 191.00 220.00 2.00
236.00 0.00 0.00 168.00 0.00 0.00 205.00 0.00 0.00 0.00
0.00 220.00 0.00 0.00 191.00 0.00 0.00 233.00 0.00 0.00
0.00 0.00 211.00 0.00 0.00 189.00 0.00 0.00 195.00 0.00
157.00 174.00 208.00 0.00 0.00 0.00 0.00 0.00 0.00 1.00
0.00 0.00 0.00 184.00 163.00 200.00 0.00 0.00 0.00 1.00
0.00 0.00 0.00 0.00 0.00 0.00 166.00 179.00 169.00 1.00
247.00 0.00 0.00 132.00 138.00 0.00 0.00 0.00 0.00 2.00
0.00 143.00 0.00 0.00 212.00 175.00 0.00 0.00 0.00 2.00
0.00 0.00 0.00 136.00 0.00 0.00 172.00 133.00 0.00 2.00
0.00 0.00 0.00 0.00 130.00 0.00 0.00 159.00 176.00 2.00
139.00 0.00 0.00 252.00 0.00 0.00 191.00 0.00 0.00 0.00
0.00 217.00 0.00 0.00 131.00 0.00 0.00 173.00 0.00 0.00
0.00 0.00 245.00 0.00 0.00 218.00 0.00 0.00 184.00 0.00
142.00 245.00 229.00 0.00 0.00 0.00 0.00 0.00 0.00 1.00
0.00 0.00 0.00 167.00 170.00 241.00 0.00 0.00 0.00 1.00
0.00 0.00 0.00 0.00 0.00 0.00 165.00 240.00 158.00 1.00
173.00 0.00 0.00 227.00 202.00 0.00 0.00 0.00 0.00 2.00
0.00 145.00 0.00 0.00 228.00 207.00 0.00 0.00 0.00 2.00
0.00 0.00 0.00 153.00 0.00 0.00 217.00 164.00 0.00 2.00
0.00 0.00 0.00 0.00 185.00 0.00 0.00 162.00 164.00 2.00
254.00 0.00 0.00 128.00 0.00 0.00 132.00 0.00 0.00 0.00
0.00 198.00 0.00 0.00 150.00 0.00 0.00 231.00 0.00 0.00
0.00 0.00 164.00 0.00 0.00 236.00 0.00 0.00 253.00 0.00
195.00 161.00 240.00 0.00 0.00 0.00 0.00 0.00 0.00 1.00
0.00 0.00 0.00 137.00 254.00 190.00 0.00 0.00 0.00 1.00
0.00 0.00 0.00 0.00 0.00 0.00 128.00 152.00 253.00 1.00
149.00 0.00 0.00 200.00 231.00 0.00 0.00 0.00 0.00 2.00
0.00 158.00 0.00 0.00 186.00 231.00 0.00 0.00 0.00 2.00
0.00 0.00 0.00 160.00 0.00 0.00 130.00 176.00 0.00 2.00
0.00 0.00 0.00 0.00 240.00 0.00 0.00 218.00 147.00 2.00
242.00 0.00 0.00 175.00 0.00 0.00 239.00 0.00 0.00 0.00
0.00 128.00 0.00 0.00 139.00 0.00 0.00 230.00 0.00 0.00
0.00 0.00 222.00 0.00 0.00 212.00 0.00 0.00 193.00 0.00
133.00 159.00 142.00 0.00 0.00 0.00 0.00 0.00 0.00 1.00
0.00 0.00 0.00 195.00 217.00 201.00 0.00 0.00 0.00 1.00
0.00 0.00 0.00 0.00 0.00 0.00 248.00 184.00 180.00 1.00
200.00 0.00 0.00 173.00 134.00 0.00 0.00 0.00 0.00 2.00
0.00 213.00 0.00 0.00 175.00 175.00 0.00 0.00 0.00 2.00
0.00 0.00 0.00 155.00 0.00 0.00 142.00 147.00 0.00 2.00
0.00 0.00 0.00 0.00 242.00 0.00 0.00 180.00 143.00 2.00
194.00 0.00 0.00 153.00 0.00 0.00 145.00 0.00 0.00 0.00
0.00 215.00 0.00 0.00 207.00 0.00 0.00 137.00 0.00 0.00
0.00 0.00 162.00 0.00 0.00 236.00 0.00 0.00 188.00 0.00
198.00 219.00 249.00 0.00 0.00 0.00 0.00 0.00 0.00 1.00
0.00 0.00 0.00 136.00 150.00 232.00 0.00 0.00 0.00 1.00
0.00 0.00 0.00 0.00 0.00 0.00 244.00 179.00 224.00 1.00
164.00 0.00 0.00 230.00 179.00 0.00 0.00 0.00 0.00 2.00
0.00 161.00 0.00 0.00 225.00 176.00 0.00 0.00 0.00 2.00
0.00 0.00 0.00 129.00 0.00 0.00 156.00 179.00 0.00 2.00
0.00 0.00 0.00 0.00 212.00 0.00 0.00 240.00 185.00 2.00
241.00 0.00 0.00 220.00 0.00 0.00 145.00 0.00 0.00 0.00
0.00 134.00 0.00 0.00 141.00 0.00 0.00 219.00 0.00 0.00
0.00 0.00 237.00 0.00 0.00 234.00 0.00 0.00 131.00 0.00
140.00 247.00 251.00 0.00 0.00 0.00 0.00 0.00 0.00 1.00
0.00 0.00 0.00 139.00 175.00 239.00 0.00 0.00 0.00 1.00
0.00 0.00 0.00 0.00 0.00 0.00 167.00 167.00 221.00 1.00
198.00 0.00 0.00 228.00 202.00 0.00 0.00 0.00 0.00 2.00
0.00 140.00 0.00 0.00 222.00 135.00 0.00 0.00 0.00 2.00
0.00 0.00 0.00 203.00 0.00 0.00 149.00 197.00 0.00 2.00
0.00 0.00 0.00 0.00 208.00 0.00 0.00 204.00 239.00 2.00
151.00 0.00 0.00 226.00 0.00 0.00 147.00 0.00 0.00 0.00
0.00 247.00 0.00 0.00 215.00 0.00 0.00 232.00 0.00 0.00
0.00 0.00 219.00 0.00 0.00 194.00 0.00 0.00 208.00 0.00
232.00 147.00 214.00 0.00 0.00 0.00 0.00 0.00 0.00 1.00
0.00 0.00 0.00 195.00 211.00 169.00 0.00 0.00 0.00 1.00
0.00 0.00 0.00 0.00 0.00 0.00 130.00 219.00 167.00 1.00
162.00 0.00 0.00 248.00 242.00 0.00 0.00 0.00 0.00 2.00
0.00 240.00 0.00 0.00 179.00 159.00 0.00 0.00 0.00 2.00
0.00 0.00 0.00 219.00 0.00 0.00 203.00 193.00 0.00 2.00
0.00 0.00 0.00 0.00 173.00 0.00 0.00 174.00 200.00 2.00
245.00 0.00 0.00 227.00 0.00 0.00 132.00 0.00 0.00 0.00
0.00 228.00 0.00 0.00 199.00 0.00 0.00 132.00 0.00 0.00
0.00 0.00 226.00 0.00 0.00 192.00 0.00 0.00 156.00 0.00
135.00 172.00 245.00 0.00 0.00 0.00 0.00 0.00 0.00 1.00
0.00 0.00 0.00 195.00 250.00 162.00 0.00 0.00 0.00 1.00
0.00 0.00 0.00 0.00 0.00 0.00 252.00 249.00 242.00 1.00
153.00 0.00 0.00 189.00 143.00 0.00 0.00 0.00 0.00 2.00
0.00 197.00 0.00 0.00 155.00 223.00 0.00 0.00 0.00 2.00
0.00 0.00 0.00 136.00 0.00 0.00 171.00 165.00 0.00 2.00
0.00 0.00 0.00 0.00 212.00 0.00 0.00 199.00 240.00 2.00
230.00 0.00 0.00 221.00 0.00 0.00 176.00 0.00 0.00 0.00
0.00 240.00 0.00 0.00 206.00 0.00 0.00 156.00 0.00 0.00
0.00 0.00 190.00 0.00 0.00 211.00 0.00 0.00 195.00 0.00
188.00 141.00 227.00 0.00 0.00 0.00 0.00 0.00 0.00 1.00
0.00 0.00 0.00 207.00 180.00 232.00 0.00 0.00 0.00 1.00
0.00 0.00 0.00 0.00 0.00 0.00 141.00 173.00 246.00 1.00
189.00 0.00 0.00 156.00 250.00 0.00 0.00 0.00 0.00 2.00
0.00 199.00 0.00 0.00 153.00 139.00 0.00 0.00 0.00 2.00
0.00 0.00 0.00 234.00 0.00 0.00 251.00 239.00 0.00 2.00
0.00 0.00 0.00 0.00 168.00 0.00 0.00 167.00 135.00 2.00
153.00 0.00 0.00 189.00 0.00 0.00 235.00 0.00 0.00 0.00
0.00 132.00 0.00 0.00 191.00 0.00 0.00 208.00 0.00 0.00
0.00 0.00 250.00 0.00 0.00 155.00 0.00 0.00 172.00 0.00
236.00 163.00 191.00 0.00 0.00 0.00 0.00 0.00 0.00 1.00
0.00 0.00 0.00 238.00 132.00 142.00 0.00 0.00 0.00 1.00
0.00 0.00 0.00 0.00 0.00 0.00 251.00 134.00 144.00 1.00
195.00 0.00 0.00 145.00 137.00 0.00 0.00 0.00 0.00 2.00
0.00 162.00 0.00 0.00 135.00 142.00 0.00 0.00 0.00 2.00
0.00 0.00 0.00 193.00 0.00 0.00 196.00 140.00 0.00 2.00
0.00 0.00 0.00 0.00 134.00 0.00 0.00 164.00 142.00 2.00
241.00 0.00 0.00 230.00 0.00 0.00 229.00 0.00 0.00 0.00
0.00 174.00 0.00 0.00 150.00 0.00 0.00 213.00 0.00 0.00
0.00 0.00 166.00 0.00 0.00 145.00 0.00 0.00 145.00 0.00
169.00 243.00 179.00 0.00 0.00 0.00 0.00 0.00 0.00 1.00
0.00 0.00 0.00 131.00 202.00 161.00 0.00 0.00 0.00 1.00
0.00 0.00 0.00 0.00 0.00 0.00 151.00 188.00 194.00 1.00
228.00 0.00 0.00 229.00 217.00 0.00 0.00 0.00 0.00 2.00
0.00 174.00 0.00 0.00 130.00 145.00 0.00 0.00 0.00 2.00
0.00 0.00 0.00 207.00 0.00 0.00 230.00 177.00 0.00 2.00
0.00 0.00 0.00 0.00 225.00 0.00 0.00 145.00 209.00 2.00
204.00 0.00 0.00 181.00 0.00 0.00 231.00 0.00 0.00 0.00
0.00 183.00 0.00 0.00 134.00 0.00 0.00 131.00 0.00 0.00
0.00 0.00 225.00 0.00 0.00 147.00 0.00 0.00 246.00 0.00
150.00 203.00 217.00 0.00 0.00 0.00 0.00 0.00 0.00 1.00
0.00 0.00 0.00 184.00 152.00 175.00 0.00 0.00 0.00 1.00
0.00 0.00 0.00 0.00 0.00 0.00 132.00 214.00 224.00 1.00
218.00 0.00 0.00 172.00 183.00 0.00 0.00 0.00 0.00 2.00
0.00 187.00 0.00 0.00 213.00 208.00 0.00 0.00 0.00 2.00
0.00 0.00 0.00 184.00 0.00 0.00 199.00 154.00 0.00 2.00
0.00 0.00 0.00 0.00 145.00 0.00 0.00 143.00 193.00 2.00
249.00 0.00 0.00 137.00 0.00 0.00 209.00 0.00 0.00 0.00
0.00 218.00 0.00 0.00 150.00 0.00 0.00 254.00 0.00 0.00
0.00 0.00 171.00 0.00 0.00 181.00 0.00 0.00 158.00 0.00
239.00 244.00 177.00 0.00 0.00 0.00 0.00 0.00 0.00 1.00
0.00 0.00 0.00 152.00 151.00 183.00 0.00 0.00 0.00 1.00
0.00 0.00 0.00 0.00 0.00 0.00 145.00 179.00 213.00 1.00
141.00 0.00 0.00 229.00 176.00 0.00 0.00 0.00 0.00 2.00
0.00 128.00 0.00 0.00 185.00 157.00 0.00 0.00 0.00 2.00
0.00 0.00 0.00 140.00 0.00 0.00 254.00 164.00 0.00 2.00
0.00 0.00 0.00 0.00 201.00 0.00 0.00 229.00 235.00 2.00
252.00 0.00 0.00 241.00 0.00 0.00 246.00 0.00 0.00 0.00
0.00 225.00 0.00 0.00 213.00 0.00 0.00 231.00 0.00 0.00
0.00 0.00 158.00 0.00 0.00 230.00 0.00 0.00 163.00 0.00
145.00 204.00 176.00 0.00 0.00 0.00 0.00 0.00 0.00 1.00
0.00 0.00 0.00 234.00 216.00 216.00 0.00 0.00 0.00 1.00
0.00 0.00 0.00 0.00 0.00 0.00 191.00 165.00 181.00 1.00
180.00 0.00 0.00 147.00 230.00 0.00 0.00 0.00 0.00 2.00
0.00 201.00 0.00 0.00 247.00 148.00 0.00 0.00 0.00 2.00
0.00 0.00 0.00 137.00 0.00 0.00 181.00 233.00 0.00 2.00
0.00 0.00 0.00 0.00 201.00 0.00 0.00 175.00 131.00 2.00
168.00 0.00 0.00 205.00 0.00 0.00 134.00 0.00 0.00 0.00
0.00 222.00 0.00 0.00 147.00 0.00 0.00 162.00 0.00 0.00
0.00 0.00 229.00 0.00 0.00 152.00 0.00 0.00 178.00 0.00
245.00 209.00 173.00 0.00 0.00 0.00 0.00 0.00 0.00 1.00
0.00 0.00 0.00 176.00 176.00 160.00 0.00 0.00 0.00 1.00
0.00 0.00 0.00 0.00 0.00 0.00 217.00 145.00 139.00 1.00
168.00 0.00 0.00 186.00 239.00 0.00 0.00 0.00 0.00 2.00
0.00 210.00 0.00 0.00 175.00 168.00 0.00 0.00 0.00 2.00
0.00 0.00 0.00 176.00 0.00 0.00 240.00 159.00 0.00 2.00
0.00 0.00 0.00 0.00 184.00 0.00 0.00 193.00 240.00 2.00
197.00 0.00 0.00 131.00 0.00 0.00 219.00 0.00 0.00 0.00
0.00 134.00 0.00 0.00 217.00 0.00 0.00 133.00 0.00 0.00
0.00 0.00 162.00 0.00 0.00 143.00 0.00 0.00 224.00 0.00
143.00 242.00 199.00 0.00 0.00 0.00 0.00 0.00 0.00 1.00
0.00 0.00 0.00 241.00 173.00 186.00 0.00 0.00 0.00 1.00
0.00 0.00 0.00 0.00 0.00 0.00 159.00 189.00 209.00 1.00
153.00 0.00 0.00 218.00 237.00 0.00 0.00 0.00 0.00 2.00
0.00 166.00 0.00 0.00 204.00 208.00 0.00 0.00 0.00 2.00
0.00 0.00 0.00 204.00 0.00 0.00 142.00 211.00 0.00 2.00
0.00 0.00 0.00 0.00 190.00 0.00 0.00 164.00 172.00 2.00
254.00 0.00 0.00 186.00 0.00 0.00 134.00 0.00 0.00 0.00
0.00 214.00 0.00 0.00 160.00 0.00 0.00 179.00 0.00 0.00
0.00 0.00 204.00 0.00 0.00 233.00 0.00 0.00 168.00 0.00
159.00 188.00 140.00 0.00 0.00 0.00 0.00 0.00 0.00 1.00
0.00 0.00 0.00 136.00 151.00 163.00 0.00 0.00 0.00 1.00
0.00 0.00 0.00 0.00 0.00 0.00 195.00 234.00 223.00 1.00
175.00 0.00 0.00 242.00 230.00 0.00 0.00 0.00 0.00 2.00
0.00 205.00 0.00 0.00 139.00 243.00 0.00 0.00 0.00 2.00
0.00 0.00 0.00 247.00 0.00 0.00 144.00 215.00 0.00 2.00
0.00 0.00 0.00 0.00 232.00 0.00 0.00 234.00 128.00 2.00
242.00 0.00 0.00 209.00 0.00 0.00 154.00 0.00 0.00 0.00
0.00 201.00 0.00 0.00 251.00 0.00 0.00 243.00 0.00 0.00
0.00 0.00 209.00 0.00 0.00 236.00 0.00 0.00 211.00 0.00
210.00 170.00 251.00 0.00 0.00 0.00 0.00 0.00 0.00 1.00
0.00 0.00 0.00 156.00 200.00 220.00 0.00 0.00 0.00 1.00
0.00 0.00 0.00 0.00 0.00 0.00 220.00 136.00 142.00 1.00
234.00 0.00 0.00 222.00 215.00 0.00 0.00 0.00 0.00 2.00
0.00 173.00 0.00 0.00 218.00 187.00 0.00 0.00 0.00 2.00
0.00 0.00 0.00 184.00 0.00 0.00 140.00 141.00 0.00 2.00
0.00 0.00 0.00 0.00 162.00 0.00 0.00 224.00 157.00 2.00
180.00 0.00 0.00 149.00 0.00 0.00 209.00 0.00 0.00 0.00
0.00 233.00 0.00 0.00 208.00 0.00 0.00 208.00 0.00 0.00
0.00 0.00 238.00 0.00 0.00 229.00 0.00 0.00 211.00 0.00
238.00 227.00 181.00 0.00 0.00 0.00 0.00 0.00 0.00 1.00
0.00 0.00 0.00 153.00 150.00 180.00 0.00 0.00 0.00 1.00
0.00 0.00 0.00 0.00 0.00 0.00 199.00 191.00 217.00 1.00
218.00 0.00 0.00 167.00 151.00 0.00 0.00 0.00 0.00 2.00
0.00 132.00 0.00 0.00 208.00 223.00 0.00 0.00 0.00 2.00
0.00 0.00 0.00 157.00 0.00 0.00 234.00 186.00 0.00 2.00
0.00 0.00 0.00 0.00 182.00 0.00 0.00 133.00 136.00 2.00
170.00 0.00 0.00 130.00 0.00 0.00 195.00 0.00 0.00 0.00
0.00 133.00 0.00 0.00 202.00 0.00 0.00 186.00 0.00 0.00
0.00 0.00 179.00 0.00 0.00 167.00 0.00 0.00 173.00 0.00
201.00 177.00 197.00 0.00 0.00 0.00 0.00 0.00 0.00 1.00
0.00 0.00 0.00 223.00 161.00 219.00 0.00 0.00 0.00 1.00
0.00 0.00 0.00 0.00 0.00 0.00 199.00 182.00 181.00 1.00
155.00 0.00 0.00 245.00 191.00 0.00 0.00 0.00 0.00 2.00
0.00 133.00 0.00 0.00 142.00 222.00 0.00 0.00 0.00 2.00
0.00 0.00 0.00 183.00 0.00 0.00 211.00 180.00 0.00 2.00
0.00 0.00 0.00 0.00 234.00 0.00 0.00 213.00 163.00 2.00
203.00 0.00 0.00 131.00 0.00 0.00 156.00 0.00 0.00 0.00
0.00 177.00 0.00 0.00 202.00 0.00 0.00 192.00 0.00 0.00
0.00 0.00 196.00 0.00 0.00 239.00 0.00 0.00 131.00 0.00
222.00 209.00 203.00 0.00 0.00 0.00 0.00 0.00 0.00 1.00
0.00 0.00 0.00 180.00 212.00 137.00 0.00 0.00 0.00 1.00
0.00 0.00 0.00 0.00 0.00 0.00 215.00 195.00 185.00 1.00
227.00 0.00 0.00 174.00 196.00 0.00 0.00 0.00 0.00 2.00
0.00 241.00 0.00 0.00 187.00 128.00 0.00 0.00 0.00 2.00
0.00 0.00 0.00 194.00 0.00 0.00 203.00 193.00 0.00 2.00
0.00 0.00 0.00 0.00 205.00 0.00 0.00 219.00 144.00 2.00
143.00 0.00 0.00 231.00 0.00 0.00 212.00 0.00 0.00 0.00
0.00 134.00 0.00 0.00 195.00 0.00 0.00 215.00 0.00 0.00
0.00 0.00 211.00 0.00 0.00 151.00 0.00 0.00 182.00 0.00
144.00 234.00 167.00 0.00 0.00 0.00 0.00 0.00 0.00 1.00
0.00 0.00 0.00 179.00 196.00 199.00 0.00 0.00 0.00 1.00
0.00 0.00 0.00 0.00 0.00 0.00 227.00 186.00 155.00 1.00
159.00 0.00 0.00 140.00 210.00 0.00 0.00 0.00 0.00 2.00
0.00 200.00 0.00 0.00 174.00 136.00 0.00 0.00 0.00 2.00
0.00 0.00 0.00 231.00 0.00 0.00 162.00 245.00 0.00 2.00
0.00 0.00 0.00 0.00 177.00 0.00 0.00 206.00 178.00 2.00
222.00 0.00 0.00 202.00 0.00 0.00 160.00 0.00 0.00 0.00
0.00 209.00 0.00 0.00 215.00 0.00 0.00 176.00 0.00 0.00
0.00 0.00 180.00 0.00 0.00 241.00 0.00 0.00 165.00 0.00
136.00 249.00 130.00 0.00 0.00 0.00 0.00 0.00 0.00 1.00
0.00 0.00 0.00 233.00 134.00 151.00 0.00 0.00 0.00 1.00
0.00 0.00 0.00 0.00 0.00 0.00 233.00 211.00 140.00 1.00
177.00 0.00 0.00 218.00 162.00 0.00 0.00 0.00 0.00 2.00
0.00 140.00 0.00 0.00 167.00 209.00 0.00 0.00 0.00 2.00
0.00 0.00 0.00 138.00 0.00 0.00 233.00 230.00 0.00 2.00
0.00 0.00 0.00 0.00 136.00 0.00 0.00 206.00 210.00 2.00
218.00 0.00 0.00 141.00 0.00 0.00 239.00 0.00 0.00 0.00
0.00 140.00 0.00 0.00 224.00 0.00 0.00 211.00 0.00 0.00
0.00 0.00 149.00 0.00 0.00 148.00 0.00 0.00 201.00 0.00
175.00 180.00 218.00 0.00 0.00 0.00 0.00 0.00 0.00 1.00
0.00 0.00 0.00 219.00 221.00 211.00 0.00 0.00 0.00 1.00
0.00 0.00 0.00 0.00 0.00 0.00 129.00 151.00 247.00 1.00
186.00 0.00 0.00 163.00 143.00 0.00 0.00 0.00 0.00 2.00
0.00 180.00 0.00 0.00 158.00 139.00 0.00 0.00 0.00 2.00
0.00 0.00 0.00 230.00 0.00 0.00 158.00 151.00 0.00 2.00
0.00 0.00 0.00 0.00 180.00 0.00 0.00 227.00 223.00 2.00
178.00 0.00 0.00 225.00 0.00 0.00 245.00 0.00 0.00 0.00
0.00 230.00 0.00 0.00 142.00 0.00 0.00 191.00 0.00 0.00
0.00 0.00 212.00 0.00 0.00 151.00 0.00 0.00 209.00 0.00
185.00 181.00 146.00 0.00 0.00 0.00 0.00 0.00 0.00 1.00
0.00 0.00 0.00 169.00 242.00 213.00 0.00 0.00 0.00 1.00
0.00 0.00 0.00 0.00 0.00 0.00 220.00 230.00 202.00 1.00
242.00 0.00 0.00 204.00 249.00 0.00 0.00 0.00 0.00 2.00
0.00 171.00 0.00 0.00 129.00 191.00 0.00 0.00 0.00 2.00
0.00 0.00 0.00 215.00 0.00 0.00 136.00 196.00 0.00 2.00
0.00 0.00 0.00 0.00 174.00 0.00 0.00 199.00 195.00 2.00
171.00 0.00 0.00 225.00 0.00 0.00 131.00 0.00 0.00 0.00
0.00 206.00 0.00 0.00 134.00 0.00 0.00 152.00 0.00 0.00
0.00 0.00 240.00 0.00 0.00 133.00 0.00 0.00 201.00 0.00
219.00 224.00 162.00 0.00 0.00 0.00 0.00 0.00 0.00 1.00
0.00 0.00 0.00 185.00 147.00 202.00 0.00 0.00 0.00 1.00
0.00 0.00 0.00 0.00 0.00 0.00 167.00 196.00 248.00 1.00
197.00 0.00 0.00 243.00 170.00 0.00 0.00 0.00 0.00 2.00
0.00 252.00 0.00 0.00 188.00 149.00 0.00 0.00 0.00 2.00
0.00 0.00 0.00 170.00 0.00 0.00 219.00 204.00 0.00 2.00
0.00 0.00 0.00 0.00 206.00 0.00 0.00 246.00 241.00 2.00
147.00 0.00 0.00 135.00 0.00 0.00 211.00 0.00 0.00 0.00
0.00 153.00 0.00 0.00 237.00 0.00 0.00 164.00 0.00 0.00
0.00 0.00 199.00 0.00 0.00 237.00 0.00 0.00 239.00 0.00
170.00 253.00 187.00 0.00 0.00 0.00 0.00 0.00 0.00 1.00
0.00 0.00 0.00 152.00 138.00 248.00 0.00 0.00 0.00 1.00
0.00 0.00 0.00 0.00 0.00 0.00 241.00 136.00 234.00 1.00
235.00 0.00 0.00 164.00 194.00 0.00 0.00 0.00 0.00 2.00
0.00 240.00 0.00 0.00 236.00 211.00 0.00 0.00 0.00 2.00
0.00 0.00 0.00 233.00 0.00 0.00 165.00 214.00 0.00 2.00
0.00 0.00 0.00 0.00 214.00 0.00 0.00 143.00 205.00 2.00
153.00 0.00 0.00 204.00 0.00 0.00 203.00 0.00 0.00 0.00
0.00 153.00 0.00 0.00 227.00 0.00 0.00 182.00 0.00 0.00
0.00 0.00 177.00 0.00 0.00 189.00 0.00 0.00 139.00 0.00
214.00 176.00 240.00 0.00 0.00 0.00 0.00 0.00 0.00 1.00
0.00 0.00 0.00 231.00 182.00 249.00 0.00 0.00 0.00 1.00
0.00 0.00 0.00 0.00 0.00 0.00 219.00 215.00 248.00 1.00
227.00 0.00 0.00 150.00 233.00 0.00 0.00 0.00 0.00 2.00
0.00 196.00 0.00 0.00 154.00 240.00 0.00 0.00 0.00 2.00
0.00 0.00 0.00 140.00 0.00 0.00 210.00 166.00 0.00 2.00
0.00 0.00 0.00 0.00 146.00 0.00 0.00 236.00 237.00 2.00
215.00 0.00 0.00 245.00 0.00 0.00 145.00 0.00 0.00 0.00
0.00 202.00 0.00 0.00 131.00 0.00 0.00 163.00 0.00 0.00
0.00 0.00 248.00 0.00 0.00 241.00 0.00 0.00 150.00 0.00
243.00 240.00 207.00 0.00 0.00 0.00 0.00 0.00 0.00 1.00
0.00 0.00 0.00 209.00 150.00 193.00 0.00 0.00 0.00 1.00
0.00 0.00 0.00 0.00 0.00 0.00 202.00 138.00 184.00 1.00
180.00 0.00 0.00 149.00 210.00 0.00 0.00 0.00 0.00 2.00
0.00 161.00 0.00 0.00 143.00 201.00 0.00 0.00 0.00 2.00
0.00 0.00 0.00 168.00 0.00 0.00 220.00 187.00 0.00 2.00
0.00 0.00 0.00 0.00 175.00 0.00 0.00 217.00 231.00 2.00
245.00 0.00 0.00 221.00 0.00 0.00 203.00 0.00 0.00 0.00
0.00 131.00 0.00 0.00 210.00 0.00 0.00 156.00 0.00 0.00
0.00 0.00 144.00 0.00 0.00 225.00 0.00 0.00 173.00 0.00
249.00 159.00 240.00 0.00 0.00 0.00 0.00 0.00 0.00 1.00
0.00 0.00 0.00 251.00 209.00 148.00 0.00 0.00 0.00 1.00
0.00 0.00 0.00 0.00 0.00 0.00 179.00 197.00 163.00 1.00
198.00 0.00 0.00 222.00 228.00 0.00 0.00 0.00 0.00 2.00
0.00 172.00 0.00 0.00 131.00 177.00 0.00 0.00 0.00 2.00
0.00 0.00 0.00 224.00 0.00 0.00 254.00 226.00 0.00 2.00
0.00 0.00 0.00 0.00 149.00 0.00 0.00 207.00 246.00 2.00
191.00 0.00 0.00 165.00 0.00 0.00 209.00 0.00 0.00 0.00
0.00 249.00 0.00 0.00 163.00 0.00 0.00 198.00 0.00 0.00
0.00 0.00 151.00 0.00 0.00 185.00 0.00 0.00 159.00 0.00
214.00 170.00 137.00 0.00 0.00 0.00 0.00 0.00 0.00 1.00
0.00 0.00 0.00 192.00 217.00 142.00 0.00 0.00 0.00 1.00
0.00 0.00 0.00 0.00 0.00 0.00 200.00 219.00 239.00 1.00
173.00 0.00 0.00 233.00 236.00 0.00 0.00 0.00 0.00 2.00
0.00 132.00 0.00 0.00 222.00 205.00 0.00 0.00 0.00 2.00
0.00 0.00 0.00 163.00 0.00 0.00 202.00 228.00 0.00 2.00
0.00 0.00 0.00 0.00 241.00 0.00 0.00 156.00 233.00 2.00
216.00 0.00 0.00 133.00 0.00 0.00 240.00 0.00 0.00 0.00
0.00 234.00 0.00 0.00 246.00 0.00 0.00 148.00 0.00 0.00
0.00 0.00 209.00 0.00 0.00 144.00 0.00 0.00 214.00 0.00
173.00 149.00 146.00 0.00 0.00 0.00 0.00 0.00 0.00 1.00
0.00 0.00 0.00 217.00 221.00 240.00 0.00 0.00 0.00 1.00
0.00 0.00 0.00 0.00 0.00 0.00 234.00 230.00 237.00 1.00
129.00 0.00 0.00 185.00 163.00 0.00 0.00 0.00 0.00 2.00
0.00 140.00 0.00 0.00 225.00 199.00 0.00 0.00 0.00 2.00
0.00 0.00 0.00 216.00 0.00 0.00 151.00 249.00 0.00 2.00
0.00 0.00 0.00 0.00 164.00 0.00 0.00 177.00 235.00 2.00
136.00 0.00 0.00 246.00 0.00 0.00 220.00 0.00 0.00 0.00
0.00 211.00 0.00 0.00 209.00 0.00 0.00 197.00 0.00 0.00
0.00 0.00 200.00 0.00 0.00 168.00 0.00 0.00 203.00 0.00
204.00 190.00 174.00 0.00 0.00 0.00 0.00 0.00 0.00 1.00
0.00 0.00 0.00 238.00 169.00 175.00 0.00 0.00 0.00 1.00
0.00 0.00 0.00 0.00 0.00 0.00 215.00 143.00 241.00 1.00
195.00 0.00 0.00 187.00 207.00 0.00 0.00 0.00 0.00 2.00
0.00 231.00 0.00 0.00 241.00 176.00 0.00 0.00 0.00 2.00
0.00 0.00 0.00 228.00 0.00 0.00 231.00 130.00 0.00 2.00
0.00 0.00 0.00 0.00 137.00 0.00 0.00 218.00 175.00 2.00
165.00 0.00 0.00 221.00 0.00 0.00 151.00 0.00 0.00 0.00
0.00 241.00 0.00 0.00 212.00 0.00 0.00 223.00 0.00 0.00
0.00 0.00 236.00 0.00 0.00 181.00 0.00 0.00 251.00 0.00
176.00 207.00 147.00 0.00 0.00 0.00 0.00 0.00 0.00 1.00
0.00 0.00 0.00 146.00 168.00 148.00 0.00 0.00 0.00 1.00
0.00 0.00 0.00 0.00 0.00 0.00 135.00 250.00 174.00 1.00
246.00 0.00 0.00 191.00 138.00 0.00 0.00 0.00 0.00 2.00
0.00 162.00 0.00 0.00 239.00 215.00 0.00 0.00 0.00 2.00
0.00 0.00 0.00 219.00 0.00 0.00 159.00 144.00 0.00 2.00
0.00 0.00 0.00 0.00 237.00 0.00 0.00 211.00 247.00 2.00
230.00 0.00 0.00 140.00 0.00 0.00 176.00 0.00 0.00 0.00
0.00 216.00 0.00 0.00 138.00 0.00 0.00 183.00 0.00 0.00
0.00 0.00 222.00 0.00 0.00 217.00 0.00 0.00 253.00 0.00
153.00 162.00 133.00 0.00 0.00 0.00 0.00 0.00 0.00 1.00
0.00 0.00 0.00 189.00 157.00 220.00 0.00 0.00 0.00 1.00
0.00 0.00 0.00 0.00 0.00 0.00 238.00 211.00 226.00 1.00
229.00 0.00 0.00 188.00 218.00 0.00 0.00 0.00 0.00 2.00
0.00 248.00 0.00 0.00 186.00 213.00 0.00 0.00 0.00 2.00
0.00 0.00 0.00 242.00 0.00 0.00 207.00 134.00 0.00 2.00
0.00 0.00 0.00 0.00 195.00 0.00 0.00 201.00 225.00 2.00
239.00 0.00 0.00 203.00 0.00 0.00 220.00 0.00 0.00 0.00
0.00 217.00 0.00 0.00 241.00 0.00 0.00 235.00 0.00 0.00
0.00 0.00 194.00 0.00 0.00 184.00 0.00 0.00 163.00 0.00
142.00 201.00 180.00 0.00 0.00 0.00 0.00 0.00 0.00 1.00
0.00 0.00 0.00 196.00 190.00 183.00 0.00 0.00 0.00 1.00
0.00 0.00 0.00 0.00 0.00 0.00 242.00 226.00 222.00 1.00
170.00 0.00 0.00 145.00 233.00 0.00 0.00 0.00 0.00 2.00
0.00 214.00 0.00 0.00 219.00 131.00 0.00 0.00 0.00 2.00
0.00 0.00 0.00 213.00 0.00 0.00 157.00 203.00 0.00 2.00
0.00 0.00 0.00 0.00 199.00 0.00 0.00 253.00 187.00 2.00
196.00 0.00 0.00 162.00 0.00 0.00 142.00 0.00 0.00 0.00
0.00 241.00 0.00 0.00 139.00 0.00 0.00 146.00 0.00 0.00
0.00 0.00 142.00 0.00 0.00 137.00 0.00 0.00 163.00 0.00
192.00 129.00 212.00 0.00 0.00 0.00 0.00 0.00 0.00 1.00
0.00 0.00 0.00 137.00 247.00 241.00 0.00 0.00 0.00 1.00
0.00 0.00 0.00 0.00 0.00 0.00 195.00 192.00 249.00 1.00
250.00 0.00 0.00 243.00 155.00 0.00 0.00 0.00 0.00 2.00
0.00 152.00 0.00 0.00 243.00 248.00 0.00 0.00 0.00 2.00
0.00 0.00 0.00 176.00 0.00 0.00 243.00 133.00 0.00 2.00
0.00 0.00 0.00 0.00 242.00 0.00 0.00 129.00 235.00 2.00
168.00 0.00 0.00 196.00 0.00 0.00 139.00 0.00 0.00 0.00
0.00 251.00 0.00 0.00 235.00 0.00 0.00 185.00 0.00 0.00
0.00 0.00 248.00 0.00 0.00 233.00 0.00 0.00 146.00 0.00
227.00 135.00 235.00 0.00 0.00 0.00 0.00 0.00 0.00 1.00
0.00 0.00 0.00 236.00 253.00 248.00 0.00 0.00 0.00 1.00
0.00 0.00 0.00 0.00 0.00 0.00 178.00 138.00 237.00 1.00
234.00 0.00 0.00 171.00 212.00 0.00 0.00 0.00 0.00 2.00
0.00 198.00 0.00 0.00 210.00 154.00 0.00 0.00 0.00 2.00
0.00 0.00 0.00 164.00 0.00 0.00 204.00 137.00 0.00 2.00
0.00 0.00 0.00 0.00 182.00 0.00 0.00 154.00 238.00 2.00
145.00 0.00 0.00 250.00 0.00 0.00 225.00 0.00 0.00 0.00
0.00 211.00 0.00 0.00 157.00 0.00 0.00 183.00 0.00 0.00
0.00 0.00 244.00 0.00 0.00 246.00 0.00 0.00 189.00 0.00
164.00 168.00 131.00 0.00 0.00 0.00 0.00 0.00 0.00 1.00
0.00 0.00 0.00 158.00 148.00 187.00 0.00 0.00 0.00 1.00
0.00 0.00 0.00 0.00 0.00 0.00 251.00 208.00 249.00 1.00
249.00 0.00 0.00 164.00 246.00 0.00 0.00 0.00 0.00 2.00
0.00 168.00 0.00 0.00 145.00 130.00 0.00 0.00 0.00 2.00
0.00 0.00 0.00 226.00 0.00 0.00 137.00 181.00 0.00 2.00
0.00 0.00 0.00 0.00 175.00 0.00 0.00 156.00 145.00 2.00
238.00 0.00 0.00 174.00 0.00 0.00 128.00 0.00 0.00 0.00
0.00 174.00 0.00 0.00 155.00 0.00 0.00 130.00 0.00 0.00
0.00 0.00 214.00 0.00 0.00 250.00 0.00 0.00 224.00 0.00
147.00 210.00 168.00 0.00 0.00 0.00 0.00 0.00 0.00 1.00
0.00 0.00 0.00 241.00 239.00 243.00 0.00 0.00 0.00 1.00
0.00 0.00 0.00 0.00 0.00 0.00 203.00 170.00 220.00 1.00
185.00 0.00 0.00 188.00 135.00 0.00 0.00 0.00 0.00 2.00
0.00 150.00 0.00 0.00 235.00 187.00 0.00 0.00 0.00 2.00
0.00 0.00 0.00 220.00 0.00 0.00 213.00 132.00 0.00 2.00
0.00 0.00 0.00 0.00 149.00 0.00 0.00 192.00 130.00 2.00
206.00 0.00 0.00 223.00 0.00 0.00 249.00 0.00 0.00 0.00
0.00 251.00 0.00 0.00 155.00 0.00 0.00 254.00 0.00 0.00
0.00 0.00 140.00 0.00 0.00 136.00 0.00 0.00 140.00 0.00
253.00 182.00 174.00 0.00 0.00 0.00 0.00 0.00 0.00 1.00
0.00 0.00 0.00 174.00 179.00 250.00 0.00 0.00 0.00 1.00
0.00 0.00 0.00 0.00 0.00 0.00 187.00 200.00 227.00 1.00
230.00 0.00 0.00 158.00 201.00 0.00 0.00 0.00 0.00 2.00
0.00 201.00 0.00 0.00 185.00 170.00 0.00 0.00 0.00 2.00
0.00 0.00 0.00 168.00 0.00 0.00 220.00 148.00 0.00 2.00
0.00 0.00 0.00 0.00 175.00 0.00 0.00 198.00 200.00 2.00
220.00 0.00 0.00 186.00 0.00 0.00 153.00 0.00 0.00 0.00
0.00 203.00 0.00 0.00 136.00 0.00 0.00 238.00 0.00 0.00
0.00 0.00 233.00 0.00 0.00 145.00 0.00 0.00 173.00 0.00
131.00 225.00 208.00 0.00 0.00 0.00 0.00 0.00 0.00 1.00
0.00 0.00 0.00 175.00 222.00 209.00 0.00 0.00 0.00 1.00
0.00 0.00 0.00 0.00 0.00 0.00 187.00 184.00 150.00 1.00
182.00 0.00 0.00 229.00 249.00 0.00 0.00 0.00 0.00 2.00
0.00 204.00 0.00 0.00 220.00 146.00 0.00 0.00 0.00 2.00
0.00 0.00 0.00 191.00 0.00 0.00 163.00 186.00 0.00 2.00
0.00 0.00 0.00 0.00 134.00 0.00 0.00 244.00 243.00 2.00
162.00 0.00 0.00 247.00 0.00 0.00 156.00 0.00 0.00 0.00
0.00 163.00 0.00 0.00 240.00 0.00 0.00 129.00 0.00 0.00
0.00 0.00 232.00 0.00 0.00 233.00 0.00 0.00 215.00 0.00
164.00 233.00 139.00 0.00 0.00 0.00 0.00 0.00 0.00 1.00
0.00 0.00 0.00 208.00 132.00 142.00 0.00 0.00 0.00 1.00
0.00 0.00 0.00 0.00 0.00 0.00 207.00 150.00 169.00 1.00
131.00 0.00 0.00 166.00 234.00 0.00 0.00 0.00 0.00 2.00
0.00 188.00 0.00 0.00 146.00 156.00 0.00 0.00 0.00 2.00
0.00 0.00 0.00 170.00 0.00 0.00 152.00 183.00 0.00 2.00
0.00 0.00 0.00 0.00 234.00 0.00 0.00 160.00 245.00 2.00
