151.00 0.00 0.00 153.00 0.00 0.00 251.00 0.00 0.00 0.00
0.00 154.00 0.00 0.00 212.00 0.00 0.00 213.00 0.00 0.00
0.00 0.00 213.00 0.00 0.00 224.00 0.00 0.00 133.00 0.00
197.00 223.00 227.00 0.00 0.00 0.00 0.00 0.00 0.00 1.00
0.00 0.00 0.00 226.00 193.00 152.00 0.00 0.00 0.00 1.00
0.00 0.00 0.00 0.00 0.00 0.00 185.00 136.00 202.00 1.00
253.00 0.00 0.00 175.00 189.00 0.00 0.00 0.00 0.00 2.00
0.00 147.00 0.00 0.00 230.00 181.00 0.00 0.00 0.00 2.00
0.00 0.00 0.00 193.00 0.00 0.00 224.00 206.00 0.00 2.00
0.00 0.00 0.00 0.00 232.00 0.00 0.00 133.00 154.00 2.00
186.00 0.00 0.00 243.00 0.00 0.00 195.00 0.00 0.00 0.00
0.00 168.00 0.00 0.00 184.00 0.00 0.00 203.00 0.00 0.00
0.00 0.00 233.00 0.00 0.00 224.00 0.00 0.00 243.00 0.00
253.00 217.00 221.00 0.00 0.00 0.00 0.00 0.00 0.00 1.00
0.00 0.00 0.00 193.00 163.00 177.00 0.00 0.00 0.00 1.00
0.00 0.00 0.00 0.00 0.00 0.00 197.00 146.00 170.00 1.00
211.00 0.00 0.00 171.00 186.00 0.00 0.00 0.00 0.00 2.00
0.00 212.00 0.00 0.00 245.00 207.00 0.00 0.00 0.00 2.00
0.00 0.00 0.00 226.00 0.00 0.00 228.00 168.00 0.00 2.00
0.00 0.00 0.00 0.00 180.00 0.00 0.00 244.00 207.00 2.00
247.00 0.00 0.00 248.00 0.00 0.00 220.00 0.00 0.00 0.00
0.00 171.00 0.00 0.00 254.00 0.00 0.00 204.00 0.00 0.00
0.00 0.00 193.00 0.00 0.00 213.00 0.00 0.00 246.00 0.00
151.00 194.00 150.00 0.00 0.00 0.00 0.00 0.00 0.00 1.00
0.00 0.00 0.00 234.00 217.00 251.00 0.00 0.00 0.00 1.00
0.00 0.00 0.00 0.00 0.00 0.00 134.00 248.00 194.00 1.00
189.00 0.00 0.00 253.00 185.00 0.00 0.00 0.00 0.00 2.00
0.00 221.00 0.00 0.00 178.00 202.00 0.00 0.00 0.00 2.00
0.00 0.00 0.00 150.00 0.00 0.00 250.00 172.00 0.00 2.00
0.00 0.00 0.00 0.00 200.00 0.00 0.00 136.00 205.00 2.00
222.00 0.00 0.00 170.00 0.00 0.00 241.00 0.00 0.00 0.00
0.00 252.00 0.00 0.00 195.00 0.00 0.00 218.00 0.00 0.00
0.00 0.00 169.00 0.00 0.00 146.00 0.00 0.00 230.00 0.00
194.00 149.00 239.00 0.00 0.00 0.00 0.00 0.00 0.00 1.00
0.00 0.00 0.00 192.00 248.00 168.00 0.00 0.00 0.00 1.00
0.00 0.00 0.00 0.00 0.00 0.00 254.00 164.00 178.00 1.00
207.00 0.00 0.00 192.00 252.00 0.00 0.00 0.00 0.00 2.00
0.00 187.00 0.00 0.00 252.00 153.00 0.00 0.00 0.00 2.00
0.00 0.00 0.00 145.00 0.00 0.00 251.00 203.00 0.00 2.00
0.00 0.00 0.00 0.00 188.00 0.00 0.00 187.00 210.00 2.00
132.00 0.00 0.00 190.00 0.00 0.00 219.00 0.00 0.00 0.00
0.00 134.00 0.00 0.00 231.00 0.00 0.00 237.00 0.00 0.00
0.00 0.00 234.00 0.00 0.00 159.00 0.00 0.00 208.00 0.00
201.00 249.00 143.00 0.00 0.00 0.00 0.00 0.00 0.00 1.00
0.00 0.00 0.00 137.00 135.00 207.00 0.00 0.00 0.00 1.00
0.00 0.00 0.00 0.00 0.00 0.00 132.00 191.00 251.00 1.00
149.00 0.00 0.00 149.00 227.00 0.00 0.00 0.00 0.00 2.00
0.00 169.00 0.00 0.00 131.00 201.00 0.00 0.00 0.00 2.00
0.00 0.00 0.00 253.00 0.00 0.00 140.00 149.00 0.00 2.00
0.00 0.00 0.00 0.00 211.00 0.00 0.00 156.00 152.00 2.00
254.00 0.00 0.00 246.00 0.00 0.00 211.00 0.00 0.00 0.00
0.00 201.00 0.00 0.00 221.00 0.00 0.00 143.00 0.00 0.00
0.00 0.00 176.00 0.00 0.00 141.00 0.00 0.00 220.00 0.00
217.00 135.00 226.00 0.00 0.00 0.00 0.00 0.00 0.00 1.00
0.00 0.00 0.00 246.00 138.00 164.00 0.00 0.00 0.00 1.00
0.00 0.00 0.00 0.00 0.00 0.00 241.00 197.00 134.00 1.00
141.00 0.00 0.00 130.00 186.00 0.00 0.00 0.00 0.00 2.00
0.00 201.00 0.00 0.00 221.00 174.00 0.00 0.00 0.00 2.00
0.00 0.00 0.00 209.00 0.00 0.00 220.00 194.00 0.00 2.00
0.00 0.00 0.00 0.00 224.00 0.00 0.00 161.00 214.00 2.00
147.00 0.00 0.00 149.00 0.00 0.00 138.00 0.00 0.00 0.00
0.00 158.00 0.00 0.00 161.00 0.00 0.00 230.00 0.00 0.00
0.00 0.00 144.00 0.00 0.00 218.00 0.00 0.00 217.00 0.00
166.00 197.00 247.00 0.00 0.00 0.00 0.00 0.00 0.00 1.00
0.00 0.00 0.00 240.00 222.00 254.00 0.00 0.00 0.00 1.00
0.00 0.00 0.00 0.00 0.00 0.00 193.00 196.00 243.00 1.00
250.00 0.00 0.00 181.00 129.00 0.00 0.00 0.00 0.00 2.00
0.00 165.00 0.00 0.00 151.00 254.00 0.00 0.00 0.00 2.00
0.00 0.00 0.00 149.00 0.00 0.00 184.00 213.00 0.00 2.00
0.00 0.00 0.00 0.00 132.00 0.00 0.00 199.00 177.00 2.00
253.00 0.00 0.00 145.00 0.00 0.00 239.00 0.00 0.00 0.00
0.00 203.00 0.00 0.00 166.00 0.00 0.00 235.00 0.00 0.00
0.00 0.00 189.00 0.00 0.00 174.00 0.00 0.00 131.00 0.00
171.00 231.00 230.00 0.00 0.00 0.00 0.00 0.00 0.00 1.00
0.00 0.00 0.00 183.00 132.00 184.00 0.00 0.00 0.00 1.00
0.00 0.00 0.00 0.00 0.00 0.00 213.00 242.00 177.00 1.00
137.00 0.00 0.00 131.00 155.00 0.00 0.00 0.00 0.00 2.00
0.00 140.00 0.00 0.00 223.00 198.00 0.00 0.00 0.00 2.00
0.00 0.00 0.00 183.00 0.00 0.00 233.00 243.00 0.00 2.00
0.00 0.00 0.00 0.00 153.00 0.00 0.00 241.00 235.00 2.00
137.00 0.00 0.00 143.00 0.00 0.00 229.00 0.00 0.00 0.00
0.00 193.00 0.00 0.00 211.00 0.00 0.00 220.00 0.00 0.00
0.00 0.00 202.00 0.00 0.00 162.00 0.00 0.00 132.00 0.00
196.00 227.00 211.00 0.00 0.00 0.00 0.00 0.00 0.00 1.00
0.00 0.00 0.00 168.00 198.00 175.00 0.00 0.00 0.00 1.00
0.00 0.00 0.00 0.00 0.00 0.00 149.00 149.00 230.00 1.00
234.00 0.00 0.00 201.00 148.00 0.00 0.00 0.00 0.00 2.00
0.00 205.00 0.00 0.00 154.00 143.00 0.00 0.00 0.00 2.00
0.00 0.00 0.00 234.00 0.00 0.00 131.00 222.00 0.00 2.00
0.00 0.00 0.00 0.00 204.00 0.00 0.00 139.00 130.00 2.00
165.00 0.00 0.00 198.00 0.00 0.00 161.00 0.00 0.00 0.00
0.00 217.00 0.00 0.00 241.00 0.00 0.00 175.00 0.00 0.00
0.00 0.00 132.00 0.00 0.00 146.00 0.00 0.00 165.00 0.00
129.00 204.00 168.00 0.00 0.00 0.00 0.00 0.00 0.00 1.00
0.00 0.00 0.00 245.00 138.00 237.00 0.00 0.00 0.00 1.00
0.00 0.00 0.00 0.00 0.00 0.00 154.00 190.00 136.00 1.00
236.00 0.00 0.00 248.00 145.00 0.00 0.00 0.00 0.00 2.00
0.00 150.00 0.00 0.00 244.00 210.00 0.00 0.00 0.00 2.00
0.00 0.00 0.00 135.00 0.00 0.00 228.00 209.00 0.00 2.00
0.00 0.00 0.00 0.00 168.00 0.00 0.00 251.00 159.00 2.00
