1.000000 1.433901 0.263750 1.372840 0.315000
1250.000000 0.365652 0.866250 0.373519 0.880000
2500.000000 0.270449 0.897500 0.274951 0.890000
3750.000000 0.222645 0.925000 0.223953 0.925000
5000.000000 0.196293 0.937500 0.206853 0.925000
6250.000000 0.179761 0.932500 0.191360 0.925000
7500.000000 0.163752 0.937500 0.186526 0.930000
8750.000000 0.155084 0.945000 0.179164 0.930000
10000.000000 0.145555 0.950000 0.163132 0.935000
11250.000000 0.137841 0.952500 0.163376 0.940000
12500.000000 0.131884 0.952500 0.154234 0.940000
13750.000000 0.126925 0.950000 0.159435 0.940000
15000.000000 0.124228 0.952500 0.155295 0.945000
16250.000000 0.120534 0.960000 0.151318 0.950000
17500.000000 0.115418 0.960000 0.146311 0.940000
18750.000000 0.112109 0.960000 0.143299 0.940000
20000.000000 0.115184 0.957500 0.144604 0.945000
21250.000000 0.109575 0.958750 0.129656 0.960000
22500.000000 0.104726 0.963750 0.126404 0.960000
23750.000000 0.102527 0.967500 0.128499 0.950000
25000.000000 0.098959 0.966250 0.125027 0.955000
26250.000000 0.094346 0.968750 0.118389 0.955000
27500.000000 0.093922 0.967500 0.112936 0.970000
28750.000000 0.100946 0.962500 0.115730 0.970000
30000.000000 0.085827 0.977500 0.103764 0.970000
31250.000000 0.089982 0.967500 0.101791 0.970000
32500.000000 0.083278 0.980000 0.102650 0.970000
33750.000000 0.081563 0.977500 0.102215 0.975000
35000.000000 0.081000 0.975000 0.100897 0.975000
36250.000000 0.079241 0.978750 0.098188 0.975000
37500.000000 0.080147 0.973750 0.097468 0.970000
38750.000000 0.079386 0.977500 0.091598 0.970000
40000.000000 0.074343 0.977500 0.090159 0.980000
41250.000000 0.074463 0.982500 0.091397 0.970000
42500.000000 0.073960 0.981250 0.087808 0.975000
43750.000000 0.071349 0.977500 0.085453 0.980000
45000.000000 0.073891 0.978750 0.091834 0.975000
46250.000000 0.073384 0.973750 0.088689 0.975000
47500.000000 0.070310 0.978750 0.082217 0.975000
48750.000000 0.070321 0.980000 0.086078 0.975000
50000.000000 0.076642 0.976250 0.098649 0.960000
51250.000000 0.068825 0.980000 0.085042 0.970000
52500.000000 0.065347 0.981250 0.083912 0.970000
53750.000000 0.065512 0.981250 0.087387 0.965000
55000.000000 0.066469 0.982500 0.089693 0.970000
56250.000000 0.062505 0.982500 0.082910 0.970000
57500.000000 0.065914 0.982500 0.084568 0.975000
58750.000000 0.064218 0.980000 0.083295 0.980000
60000.000000 0.064357 0.978750 0.084022 0.970000
61250.000000 0.062366 0.982500 0.082789 0.970000
62500.000000 0.061357 0.978750 0.086939 0.965000
63750.000000 0.061885 0.978750 0.087900 0.970000
65000.000000 0.060658 0.985000 0.088235 0.965000
66250.000000 0.057677 0.982500 0.080905 0.970000
67500.000000 0.068433 0.980000 0.081808 0.975000
68750.000000 0.055979 0.982500 0.084395 0.970000
70000.000000 0.060262 0.982500 0.087736 0.975000
71250.000000 0.057808 0.988750 0.087009 0.970000
72500.000000 0.055194 0.986250 0.088431 0.965000
73750.000000 0.053806 0.988750 0.081028 0.985000
75000.000000 0.058415 0.978750 0.090438 0.960000
75000.000000 0.058415 0.978750 0.090438 0.960000
